0.00000000
0.00561788
0.01136595
0.01702199
0.02259101
0.02837402
0.03396521
0.03964781
0.04536216
0.05105285
0.05669946
0.06244300
0.06803255
0.07362784
0.07933639
0.08498886
0.09050897
0.09615651
0.10191076
0.10760705
0.11329802
0.11885765
0.12446956
0.13019568
0.13585507
0.14142155
0.14690893
0.15269855
0.15833624
0.16385779
0.16957054
0.17519524
0.18076097
0.18635224
0.19196727
0.19749803
0.20299403
0.20874606
0.21440238
0.21987446
0.22539232
0.23098436
0.23652606
0.24203897
0.24765656
0.25318353
0.25876546
0.26428775
0.26987841
0.27534585
0.28096621
0.28643910
0.29187315
0.29753607
0.30296294
0.30835955
0.31396215
0.31946585
0.32498539
0.33041182
0.33589330
0.34127521
0.34678229
0.35213374
0.35761526
0.36307962
0.36848004
0.37390849
0.37926757
0.38470993
0.39003373
0.39542762
0.40087782
0.40623402
0.41159038
0.41697221
0.42233409
0.42759680
0.43295162
0.43830737
0.44366971
0.44893106
0.45418060
0.45948036
0.46480423
0.47011884
0.47536361
0.48062062
0.48584433
0.49114165
0.49635164
0.50154426
0.50676757
0.51205655
0.51717135
0.52234793
0.52753206
0.53273019
0.53787329
0.54303353
0.54817949
0.55332979
0.55844067
0.56355781
0.56868351
0.57377508
0.57885060
0.58394423
0.58901874
0.59407625
0.59912958
0.60416731
0.60920374
-2.52736666
-2.52235277
-2.51734715
-2.51235705
-2.50736942
-2.50240078
-2.49742853
-2.49247764
-2.48752464
-2.48258276
-2.47766559
-2.47275127
-2.46782347
-2.46293676
-2.45804641
-2.45318560
-2.44828922
-2.44344704
-2.43858976
-2.43370300
-2.42899642
-2.42412645
-2.41931599
-2.41452571
-2.40971410
-2.40500507
-2.40019687
-2.39544831
-2.39069804
-2.38590637
-2.38117342
-2.37647776
-2.37173044
-2.36707070
-2.36248564
-2.35768738
-2.35302257
-2.34847886
-2.34381868
-2.33906695
-2.33445051
-2.32995694
-2.32528695
-2.32062170
-2.31603640
-2.31157141
-2.30695749
-2.30238475
-2.29795534
-2.29332779
-2.28889218
-2.28429806
-2.27968380
-2.27516309
-2.27075536
-2.26625524
-2.26174665
-2.25724032
-2.25272397
-2.24850002
-2.24411479
-2.23964632
-2.23510944
-2.23085887
-2.22634267
-2.22218360
-2.21758717
-2.21308274
-2.20890762
-2.20463262
-2.20033877
-2.19584613
-2.19166935
-2.18732608
-2.18308236
-2.17899891
-2.17458507
-2.17035500
-2.16595505
-2.16171451
-2.15760790
-2.15341932
-2.14894561
-2.14466251
-2.14070575
-2.13664609
-2.13227188
-2.12833336
-2.12398635
-2.11977469
-2.11575396
-2.11161915
-2.10750455
-2.10319485
-2.09925334
-2.09515419
-2.09107451
-2.08700553
-2.08290040
-2.07901952
-2.07475448
-2.07056622
-2.06669547
-2.06287042
-2.05875133
-2.05467176
-2.05058052
-2.04677860
-2.04270039
-2.03877292
-2.03493013
-2.03065103
-2.02675847
-2.02277139
-2.01883817
-2.01500774
-2.01087487
-2.00730919
-2.00351453
-1.99943129
-1.99559077
-1.99152593
-1.98807886
-1.98386882
-1.97997355
-1.97632773
-1.97239527
-1.96887375
-1.96474964
-1.96123507
-1.95745378
-1.95317543
-1.94949495
-1.94620649
-1.94204341
-1.93846138
-1.93474501
-1.93094624
-1.92685667
-1.92312033
-1.91963892
-1.91639276
-1.91211640
-1.90858234
-1.90506246
-1.90138748
-1.89748906
-1.89424585
-1.89027819
-1.88691511
-1.88283705
-1.87942251
-1.87526208
-1.87191027
-1.86840150
-1.86455462
-1.86109574
-1.85800943
-1.85408325
-1.85075930
-1.84688383
-1.84350066
-1.84018349
-1.83621621
-1.83259240
-1.82948587
-1.82584249
-1.82176477
-1.81851070
-1.81562121
-1.81169564
-1.80806552
-1.80496021
-1.80062117
-1.79765839
-1.79451369
-1.79088659
-1.78713275
-1.78397156
-1.78024920
-1.77747451
-1.77339361
-1.77002736
-1.76707394
-1.76378125
-1.76002373
-1.75687379
-1.75346501
-1.74986932
-1.74600377
-1.74283246
-1.73983759
-1.73665994
-1.73342204
-1.72991051
-1.72603632
-1.72327525
-1.71961954
-1.71627775
-1.71332818
-1.70958678
-1.70620349
-1.70309690
-1.69995467
-1.69714517
-1.69359006
-1.68932191
-1.68664710
-1.68356568
-1.68059357
-1.67708134
-1.67373108
-1.67117334
-1.66718553
-1.66385772
-1.66105083
-1.65766504
-1.65474774
-1.65075693
-1.64842761
-1.64477356
-1.64205526
-1.63832877
-1.63545673
-1.63216055
-1.63122773
-1.62573354
-1.62300352
-1.61945771
-1.61612454
-1.61338937
-1.61028668
-1.60691840
-1.60371510
-1.60119132
-1.59808300
-1.59440696
-1.59155293
-1.58791879
-1.58526616
-1.58160073
-1.57900457
-1.57636162
-1.57301124
-1.56892071
-1.56788827
-1.56402457
-1.56061713
-1.55728884
-1.55463340
-1.55150940
-1.54829372
-1.54512896
-1.54226805
-1.53957760
-1.53615099
-1.53263752
-1.53021228
-1.52715692
-1.52407051
-1.52166561
-1.51825166
-1.51546324
-1.51213694
-1.50895663
-1.50595314
-1.50338194
-1.50094374
-1.49801775
-1.49497730
-1.49147364
-1.48886293
-1.48507311
-1.48206629
-1.48000521
-1.47686442
-1.47442792
-1.47066858
-1.46816059
-1.46615977
-1.46269072
-1.45956027
-1.45649822
-1.45316389
-1.45069984
-1.44806084
-1.44508318
-1.44210726
-1.43953020
-1.43683033
-1.43345869
-1.43109130
-1.42791208
-1.42524178
-1.42205120
-1.41988463
-1.41644864
-1.41248509
-1.41084314
-1.40725755
-1.40540793
-1.40211346
-1.39909911
-1.39681893
-1.39406929
-1.39145301
-1.38823347
-1.38499267
-1.38251543
-1.37982411
-1.37647386
-1.37429543
-1.37185538
-1.36822060
-1.36566496
-1.36291131
-1.35993398
-1.35692480
-1.35508383
-1.35225018
-1.35037970
-1.34663520
-1.34374817
-1.34149320
-1.33816614
-1.33604808
-1.33291637
-1.32960258
-1.32657290
-1.32373087
-1.32124528
-1.31904216
-1.31653389
-1.31372226
-1.30985832
-1.30816963
-1.30607355
-1.30266283
-1.29977140
-1.29765576
-1.29525961
-1.29249765
-1.28972274
-1.28686637
-1.28433838
-1.28127491
-1.27805594
-1.27614177
-1.27333122
-1.27138918
-1.26839374
-1.26572716
-1.26303884
-1.25995285
-1.25752075
-1.25456107
-1.25162542
-1.24982464
-1.24690908
-1.24327829
-1.24176464
-1.23882560
-1.23669255
-1.23344692
-1.23139259
-1.22904394
-1.22497087
-1.22315980
-1.22084335
-1.21735619
-1.21408296
-1.21305847
-1.21043816
-1.20794886
-1.20442141
-1.20182648
-1.19908801
-1.19723921
-1.19436400
-1.19171683
-1.18936262
-1.18617308
-1.18441215
-1.18226731
-1.17888850
-1.17651995
-1.17365667
-1.17050101
-1.16784644
-1.16689071
-1.16382386
-1.16058609
-1.15761930
-1.15640683
-1.15350815
-1.15079451
-1.14875232
-1.14603177
-1.14361422
-1.14038552
-1.13888267
-1.13602695
-1.13229936
-1.13081123
-1.12832644
-1.12520963
-1.12264105
-1.12176329
-1.11835837
-1.11518819
-1.11250297
-1.11076196
-1.10686981
-1.10609585
-1.10266663
-1.10129985
-1.09729849
-1.09452136
-1.09326277
-1.09096025
-1.08902976
-1.08558465
-1.08412618
-1.07995754
-1.07755560
-1.07533106
-1.07254624
-1.07021903
-1.06876597
-1.06484283
-1.06276304
-1.06003132
-1.05913713
-1.05560618
-1.05239622
-1.04971709
-1.04904548
-1.04675460
-1.04463020
-1.04124750
-1.03869515
-1.03750119
-1.03370159
-1.03191915
-1.02973656
-1.02695764
-1.02418524
-1.02215268
-1.01898920
-1.01779854
-1.01870032
-1.00852692
-1.00822528
-1.00557620
-1.00430578
-1.00165099
-0.99948939
-0.99718957
-0.99462540
-0.99206845
-0.98928219
-0.98881325
-0.98478091
-0.98226681
-0.97937501
-0.97687007
-0.97512465
-0.97279901
-0.97069123
-0.96882403
-0.96702404
-0.96277415
-0.96203196
-0.95807386
-0.95589538
-0.95393605
-0.95139184
-0.94865234
-0.94738918
-0.94508033
-0.94248926
-0.93883036
-0.93644641
-0.93497029
-0.93227062
-0.92997438
-0.92718231
-0.92662138
-0.92248158
-0.92044854
-0.91909678
-0.91580619
-0.91452092
-0.91097998
-0.90882358
-0.90766909
-0.90491422
-0.90117261
-0.89991055
-0.89726061
-0.89533862
-0.89226054
-0.89105232
-0.88772738
-0.88597661
-0.88282744
-0.88078364
-0.87844364
-0.87714332
-0.87482769
-0.87114685
-0.86940074
-0.86608313
-0.86458230
-0.86224536
-0.85949893
-0.85673447
-0.85352843
-0.85385975
-0.85053108
-0.84792764
-0.84678131
-0.84375137
-0.84110062
-0.83907076
-0.83707142
-0.83361403
-0.83161006
-0.82970107
-0.82679208
-0.82490902
-0.82312397
-0.81927348
-0.81840405
-0.81559824
-0.81503034
-0.81148188
-0.80893832
-0.80702411
-0.80450824
-0.80261897
-0.79944896
-0.79817195
-0.79614759
-0.79297260
-0.78982997
-0.78866122
-0.78562896
-0.78542061
-0.78199833
-0.77853604
-0.77778422
-0.77455900
-0.77240242
-0.77066280
-0.76745158
-0.76551181
-0.76334964
-0.76142248
-0.75814305
-0.75734095
-0.75374013
-0.75114961
-0.75009338
-0.74926073
-0.74516057
-0.74210185
-0.73996856
-0.73789763
-0.73546714
-0.73510044
-0.73076211
-0.72946146
-0.72652256
-0.72613149
-0.72178742
-0.72190240
-0.71802108
-0.71573608
-0.71378729
-0.71099548
-0.70820721
-0.70671646
-0.70482694
-0.70175858
-0.70019714
-0.69778864
-0.69636981
-0.69419677
-0.69024861
-0.68913452
-0.68606624
-0.68436131
-0.68169707
-0.67915544
-0.67845521
-0.67479899
-0.67286288
-0.66958844
-0.66871305
-0.66660140
-0.66382555
-0.66261813
-0.65936911
-0.65799447
-0.65511922
-0.65381975
-0.65122549
-0.64785108
-0.64745317
-0.64365077
-0.64173551
-0.64148923
-0.63725721
-0.63682822
-0.63364100
-0.63092881
-0.63031838
-0.62595354
-0.62422480
-0.62282643
-0.61937969
-0.61713358
-0.61529817
-0.61273318
-0.60993360
-0.60948003
-0.60931114
-0.60475450
-0.60344183
-0.59911196
-0.59705382
-0.59659823
-0.59402467
-0.59083823
-0.58992300
-0.58651731
-0.58405936
-0.58283807
-0.57986454
-0.57737141
-0.57533635
-0.57304307
-0.57269421
-0.56990032
-0.56699183
-0.56504580
-0.56361546
-0.56098326
-0.55776709
-0.55610450
-0.55462623
-0.55204338
-0.54882998
-0.54798499
-0.54693262
-0.54266647
-0.54017678
-0.53705312
-0.53525721
-0.53401479
-0.53115836
-0.52997277
-0.52768884
-0.52677425
-0.52325595
-0.52155860
-0.51893058
-0.51698709
-0.51528407
-0.51309572
-0.50934352
-0.50797778
-0.50502887
-0.50416943
-0.50281970
-0.49250189
-0.49587279
-0.49482107
-0.49270997
-0.49053324
-0.49039360
-0.48693534
-0.48538032
-0.48187532
-0.47913288
-0.47717741
-0.47540329
-0.47386397
-0.47076394
-0.47047620
-0.46630545
-0.46518100
-0.46210191
-0.46014928
-0.45810438
-0.45524589
-0.45253117
-0.45127214
-0.45029350
-0.44825228
-0.44654211
-0.44414000
-0.44063558
-0.43834405
-0.43632760
-0.43395886
-0.43242975
-0.43026702
-0.42667985
-0.42478060
-0.42414636
-0.41973103
-0.42003017
-0.41716486
-0.41734385
-0.41380018
-0.40979313
-0.40878272
-0.40841440
-0.40473276
-0.40203258
-0.40030828
-0.39785556
-0.39742729
-0.39352610
-0.39184704
-0.38915824
-0.38834640
-0.38434381
-0.38272819
-0.37895667
-0.37920232
-0.37744907
-0.37541234
-0.37145711
-0.37027057
-0.36711732
-0.36506750
-0.36341789
-0.36128618
-0.35827313
-0.35777913
-0.35604568
-0.35287160
-0.35070796
-0.34911252
-0.34671123
-0.34573653
-0.34304597
-0.33967240
-0.33806034
-0.33634891
-0.33299928
-0.33236082
-0.33004687
-0.32694473
-0.32567674
-0.32328822
-0.32088606
-0.31965934
-0.31622740
-0.31426385
-0.31360481
-0.31027405
-0.30871496
-0.30561159
-0.30458298
-0.30130281
-0.29991213
-0.29821795
-0.29549628
-0.29275195
-0.29190137
-0.28857660
-0.28680652
-0.28718379
-0.28061503
-0.28046262
-0.27690568
-0.27741244
-0.27475697
-0.27147567
-0.26943637
-0.26751394
-0.26599756
-0.26417168
-0.26114594
-0.25911204
-0.25664987
-0.25419106
-0.25393173
-0.24977881
-0.25027593
-0.24651564
-0.24507739
-0.24237274
-0.24210551
-0.23947442
-0.23626405
-0.23457288
-0.23282237
-0.22886813
-0.22655497
-0.22407856
-0.22418177
-0.22071021
-0.22020541
-0.21707120
-0.21574126
-0.21107835
-0.21126577
-0.20975187
-0.20698752
-0.20541677
-0.20215872
-0.20019479
-0.19866299
-0.19571043
-0.19345802
-0.19230396
-0.19045117
-0.18734165
-0.18406194
-0.18440851
-0.17966059
-0.17903979
-0.17741603
-0.17610407
-0.17206978
-0.17270217
-0.16837933
-0.16700153
-0.16404031
-0.16367148
-0.15938296
-0.15860873
-0.15563621
-0.15369545
-0.15180253
-0.14894099
-0.14699481
-0.14558003
-0.14272129
-0.13879438
-0.13867691
-0.13645653
-0.13453878
-0.13141027
-0.12897305
-0.12817871
-0.12535357
-0.12363709
-0.12224763
-0.11920400
-0.11846026
-0.11526028
-0.11368756
-0.11108351
-0.10883314
-0.10770703
-0.10639642
-0.10215851
-0.10127211
-0.09959967
-0.09620987
-0.09433708
-0.09233316
-0.09058371
-0.08896936
-0.08529455
-0.08428133
-0.08186494
-0.07974148
-0.07828295
-0.07526639
-0.07454384
-0.07227313
-0.07017407
-0.06765423
-0.06483626
-0.06404861
-0.05921496
-0.05931630
-0.05697938
-0.05461769
-0.05262394
-0.05092922
-0.04950291
-0.04637512
-0.04496709
-0.04209878
-0.04014423
-0.03727455
-0.03543947
-0.03294316
-0.03044801
-0.02847669
-0.02513755
-0.02507563
-0.02195992
-0.01696890
-0.01998835
-0.01686142
-0.01387917
-0.01282096
-0.01104213
-0.00932631
-0.00590766
-0.00285734
-0.00160217
0.00000000
0.00160217
0.00285734
0.00590766
0.00932631
0.01104213
0.01282096
0.01387917
0.01686142
0.01998835
0.01696890
0.02195992
0.02507563
0.02513755
0.02847669
0.03044801
0.03294316
0.03543947
0.03727455
0.04014423
0.04209878
0.04496709
0.04637512
0.04950291
0.05092922
0.05262394
0.05461769
0.05697938
0.05931630
0.05921496
0.06404861
0.06483626
0.06765423
0.07017407
0.07227313
0.07454384
0.07526639
0.07828295
0.07974148
0.08186494
0.08428133
0.08529455
0.08896936
0.09058371
0.09233316
0.09433708
0.09620987
0.09959967
0.10127211
0.10215851
0.10639642
0.10770703
0.10883314
0.11108351
0.11368756
0.11526028
0.11846026
0.11920400
0.12224763
0.12363709
0.12535357
0.12817871
0.12897305
0.13141027
0.13453878
0.13645653
0.13867691
0.13879438
0.14272129
0.14558003
0.14699481
0.14894099
0.15180253
0.15369545
0.15563621
0.15860873
0.15938296
0.16367148
0.16404031
0.16700153
0.16837933
0.17270217
0.17206978
0.17610407
0.17741603
0.17903979
0.17966059
0.18440851
0.18406194
0.18734165
0.19045117
0.19230396
0.19345802
0.19571043
0.19866299
0.20019479
0.20215872
0.20541677
0.20698752
0.20975187
0.21126577
0.21107835
0.21574126
0.21707120
0.22020541
0.22071021
0.22418177
0.22407856
0.22655497
0.22886813
0.23282237
0.23457288
0.23626405
0.23947442
0.24210551
0.24237274
0.24507739
0.24651564
0.25027593
0.24977881
0.25393173
0.25419106
0.25664987
0.25911204
0.26114594
0.26417168
0.26599756
0.26751394
0.26943637
0.27147567
0.27475697
0.27741244
0.27690568
0.28046262
0.28061503
0.28718379
0.28680652
0.28857660
0.29190137
0.29275195
0.29549628
0.29821795
0.29991213
0.30130281
0.30458298
0.30561159
0.30871496
0.31027405
0.31360481
0.31426385
0.31622740
0.31965934
0.32088606
0.32328822
0.32567674
0.32694473
0.33004687
0.33236082
0.33299928
0.33634891
0.33806034
0.33967240
0.34304597
0.34573653
0.34671123
0.34911252
0.35070796
0.35287160
0.35604568
0.35777913
0.35827313
0.36128618
0.36341789
0.36506750
0.36711732
0.37027057
0.37145711
0.37541234
0.37744907
0.37920232
0.37895667
0.38272819
0.38434381
0.38834640
0.38915824
0.39184704
0.39352610
0.39742729
0.39785556
0.40030828
0.40203258
0.40473276
0.40841440
0.40878272
0.40979313
0.41380018
0.41734385
0.41716486
0.42003017
0.41973103
0.42414636
0.42478060
0.42667985
0.43026702
0.43242975
0.43395886
0.43632760
0.43834405
0.44063558
0.44414000
0.44654211
0.44825228
0.45029350
0.45127214
0.45253117
0.45524589
0.45810438
0.46014928
0.46210191
0.46518100
0.46630545
0.47047620
0.47076394
0.47386397
0.47540329
0.47717741
0.47913288
0.48187532
0.48538032
0.48693534
0.49039360
0.49053324
0.49270997
0.49482107
0.49587279
0.49250189
0.50281970
0.50416943
0.50502887
0.50797778
0.50934352
0.51309572
0.51528407
0.51698709
0.51893058
0.52155860
0.52325595
0.52677425
0.52768884
0.52997277
0.53115836
0.53401479
0.53525721
0.53705312
0.54017678
0.54266647
0.54693262
0.54798499
0.54882998
0.55204338
0.55462623
0.55610450
0.55776709
0.56098326
0.56361546
0.56504580
0.56699183
0.56990032
0.57269421
0.57304307
0.57533635
0.57737141
0.57986454
0.58283807
0.58405936
0.58651731
0.58992300
0.59083823
0.59402467
0.59659823
0.59705382
0.59911196
0.60344183
0.60475450
0.60931114
0.60948003
0.60993360
0.61273318
0.61529817
0.61713358
0.61937969
0.62282643
0.62422480
0.62595354
0.63031838
0.63092881
0.63364100
0.63682822
0.63725721
0.64148923
0.64173551
0.64365077
0.64745317
0.64785108
0.65122549
0.65381975
0.65511922
0.65799447
0.65936911
0.66261813
0.66382555
0.66660140
0.66871305
0.66958844
0.67286288
0.67479899
0.67845521
0.67915544
0.68169707
0.68436131
0.68606624
0.68913452
0.69024861
0.69419677
0.69636981
0.69778864
0.70019714
0.70175858
0.70482694
0.70671646
0.70820721
0.71099548
0.71378729
0.71573608
0.71802108
0.72190240
0.72178742
0.72613149
0.72652256
0.72946146
0.73076211
0.73510044
0.73546714
0.73789763
0.73996856
0.74210185
0.74516057
0.74926073
0.75009338
0.75114961
0.75374013
0.75734095
0.75814305
0.76142248
0.76334964
0.76551181
0.76745158
0.77066280
0.77240242
0.77455900
0.77778422
0.77853604
0.78199833
0.78542061
0.78562896
0.78866122
0.78982997
0.79297260
0.79614759
0.79817195
0.79944896
0.80261897
0.80450824
0.80702411
0.80893832
0.81148188
0.81503034
0.81559824
0.81840405
0.81927348
0.82312397
0.82490902
0.82679208
0.82970107
0.83161006
0.83361403
0.83707142
0.83907076
0.84110062
0.84375137
0.84678131
0.84792764
0.85053108
0.85385975
0.85352843
0.85673447
0.85949893
0.86224536
0.86458230
0.86608313
0.86940074
0.87114685
0.87482769
0.87714332
0.87844364
0.88078364
0.88282744
0.88597661
0.88772738
0.89105232
0.89226054
0.89533862
0.89726061
0.89991055
0.90117261
0.90491422
0.90766909
0.90882358
0.91097998
0.91452092
0.91580619
0.91909678
0.92044854
0.92248158
0.92662138
0.92718231
0.92997438
0.93227062
0.93497029
0.93644641
0.93883036
0.94248926
0.94508033
0.94738918
0.94865234
0.95139184
0.95393605
0.95589538
0.95807386
0.96203196
0.96277415
0.96702404
0.96882403
0.97069123
0.97279901
0.97512465
0.97687007
0.97937501
0.98226681
0.98478091
0.98881325
0.98928219
0.99206845
0.99462540
0.99718957
0.99948939
1.00165099
1.00430578
1.00557620
1.00822528
1.00852692
1.01870032
1.01779854
1.01898920
1.02215268
1.02418524
1.02695764
1.02973656
1.03191915
1.03370159
1.03750119
1.03869515
1.04124750
1.04463020
1.04675460
1.04904548
1.04971709
1.05239622
1.05560618
1.05913713
1.06003132
1.06276304
1.06484283
1.06876597
1.07021903
1.07254624
1.07533106
1.07755560
1.07995754
1.08412618
1.08558465
1.08902976
1.09096025
1.09326277
1.09452136
1.09729849
1.10129985
1.10266663
1.10609585
1.10686981
1.11076196
1.11250297
1.11518819
1.11835837
1.12176329
1.12264105
1.12520963
1.12832644
1.13081123
1.13229936
1.13602695
1.13888267
1.14038552
1.14361422
1.14603177
1.14875232
1.15079451
1.15350815
1.15640683
1.15761930
1.16058609
1.16382386
1.16689071
1.16784644
1.17050101
1.17365667
1.17651995
1.17888850
1.18226731
1.18441215
1.18617308
1.18936262
1.19171683
1.19436400
1.19723921
1.19908801
1.20182648
1.20442141
1.20794886
1.21043816
1.21305847
1.21408296
1.21735619
1.22084335
1.22315980
1.22497087
1.22904394
1.23139259
1.23344692
1.23669255
1.23882560
1.24176464
1.24327829
1.24690908
1.24982464
1.25162542
1.25456107
1.25752075
1.25995285
1.26303884
1.26572716
1.26839374
1.27138918
1.27333122
1.27614177
1.27805594
1.28127491
1.28433838
1.28686637
1.28972274
1.29249765
1.29525961
1.29765576
1.29977140
1.30266283
1.30607355
1.30816963
1.30985832
1.31372226
1.31653389
1.31904216
1.32124528
1.32373087
1.32657290
1.32960258
1.33291637
1.33604808
1.33816614
1.34149320
1.34374817
1.34663520
1.35037970
1.35225018
1.35508383
1.35692480
1.35993398
1.36291131
1.36566496
1.36822060
1.37185538
1.37429543
1.37647386
1.37982411
1.38251543
1.38499267
1.38823347
1.39145301
1.39406929
1.39681893
1.39909911
1.40211346
1.40540793
1.40725755
1.41084314
1.41248509
1.41644864
1.41988463
1.42205120
1.42524178
1.42791208
1.43109130
1.43345869
1.43683033
1.43953020
1.44210726
1.44508318
1.44806084
1.45069984
1.45316389
1.45649822
1.45956027
1.46269072
1.46615977
1.46816059
1.47066858
1.47442792
1.47686442
1.48000521
1.48206629
1.48507311
1.48886293
1.49147364
1.49497730
1.49801775
1.50094374
1.50338194
1.50595314
1.50895663
1.51213694
1.51546324
1.51825166
1.52166561
1.52407051
1.52715692
1.53021228
1.53263752
1.53615099
1.53957760
1.54226805
1.54512896
1.54829372
1.55150940
1.55463340
1.55728884
1.56061713
1.56402457
1.56788827
1.56892071
1.57301124
1.57636162
1.57900457
1.58160073
1.58526616
1.58791879
1.59155293
1.59440696
1.59808300
1.60119132
1.60371510
1.60691840
1.61028668
1.61338937
1.61612454
1.61945771
1.62300352
1.62573354
1.63122773
1.63216055
1.63545673
1.63832877
1.64205526
1.64477356
1.64842761
1.65075693
1.65474774
1.65766504
1.66105083
1.66385772
1.66718553
1.67117334
1.67373108
1.67708134
1.68059357
1.68356568
1.68664710
1.68932191
1.69359006
1.69714517
1.69995467
1.70309690
1.70620349
1.70958678
1.71332818
1.71627775
1.71961954
1.72327525
1.72603632
1.72991051
1.73342204
1.73665994
1.73983759
1.74283246
1.74600377
1.74986932
1.75346501
1.75687379
1.76002373
1.76378125
1.76707394
1.77002736
1.77339361
1.77747451
1.78024920
1.78397156
1.78713275
1.79088659
1.79451369
1.79765839
1.80062117
1.80496021
1.80806552
1.81169564
1.81562121
1.81851070
1.82176477
1.82584249
1.82948587
1.83259240
1.83621621
1.84018349
1.84350066
1.84688383
1.85075930
1.85408325
1.85800943
1.86109574
1.86455462
1.86840150
1.87191027
1.87526208
1.87942251
1.88283705
1.88691511
1.89027819
1.89424585
1.89748906
1.90138748
1.90506246
1.90858234
1.91211640
1.91639276
1.91963892
1.92312033
1.92685667
1.93094624
1.93474501
1.93846138
1.94204341
1.94620649
1.94949495
1.95317543
1.95745378
1.96123507
1.96474964
1.96887375
1.97239527
1.97632773
1.97997355
1.98386882
1.98807886
1.99152593
1.99559077
1.99943129
2.00351453
2.00730919
2.01087487
2.01500774
2.01883817
2.02277139
2.02675847
2.03065103
2.03493013
2.03877292
2.04270039
2.04677860
2.05058052
2.05467176
2.05875133
2.06287042
2.06669547
2.07056622
2.07475448
2.07901952
2.08290040
2.08700553
2.09107451
2.09515419
2.09925334
2.10319485
2.10750455
2.11161915
2.11575396
2.11977469
2.12398635
2.12833336
2.13227188
2.13664609
2.14070575
2.14466251
2.14894561
2.15341932
2.15760790
2.16171451
2.16595505
2.17035500
2.17458507
2.17899891
2.18308236
2.18732608
2.19166935
2.19584613
2.20033877
2.20463262
2.20890762
2.21308274
2.21758717
2.22218360
2.22634267
2.23085887
2.23510944
2.23964632
2.24411479
2.24850002
2.25272397
2.25724032
2.26174665
2.26625524
2.27075536
2.27516309
2.27968380
2.28429806
2.28889218
2.29332779
2.29795534
2.30238475
2.30695749
2.31157141
2.31603640
2.32062170
2.32528695
2.32995694
2.33445051
2.33906695
2.34381868
2.34847886
2.35302257
2.35768738
2.36248564
2.36707070
2.37173044
2.37647776
2.38117342
2.38590637
2.39069804
2.39544831
2.40019687
2.40500507
2.40971410
2.41452571
2.41931599
2.42412645
2.42899642
2.43370300
2.43858976
2.44344704
2.44828922
2.45318560
2.45804641
2.46293676
2.46782347
2.47275127
2.47766559
2.48258276
2.48752464
2.49247764
2.49742853
2.50240078
2.50736942
2.51235705
2.51734715
2.52235277
2.52736666
-0.60920374
-0.60416731
-0.59912958
-0.59407625
-0.58901874
-0.58394423
-0.57885060
-0.57377508
-0.56868351
-0.56355781
-0.55844067
-0.55332979
-0.54817949
-0.54303353
-0.53787329
-0.53273019
-0.52753206
-0.52234793
-0.51717135
-0.51205655
-0.50676757
-0.50154426
-0.49635164
-0.49114165
-0.48584433
-0.48062062
-0.47536361
-0.47011884
-0.46480423
-0.45948036
-0.45418060
-0.44893106
-0.44366971
-0.43830737
-0.43295162
-0.42759680
-0.42233409
-0.41697221
-0.41159038
-0.40623402
-0.40087782
-0.39542762
-0.39003373
-0.38470993
-0.37926757
-0.37390849
-0.36848004
-0.36307962
-0.35761526
-0.35213374
-0.34678229
-0.34127521
-0.33589330
-0.33041182
-0.32498539
-0.31946585
-0.31396215
-0.30835955
-0.30296294
-0.29753607
-0.29187315
-0.28643910
-0.28096621
-0.27534585
-0.26987841
-0.26428775
-0.25876546
-0.25318353
-0.24765656
-0.24203897
-0.23652606
-0.23098436
-0.22539232
-0.21987446
-0.21440238
-0.20874606
-0.20299403
-0.19749803
-0.19196727
-0.18635224
-0.18076097
-0.17519524
-0.16957054
-0.16385779
-0.15833624
-0.15269855
-0.14690893
-0.14142155
-0.13585507
-0.13019568
-0.12446956
-0.11885765
-0.11329802
-0.10760705
-0.10191076
-0.09615651
-0.09050897
-0.08498886
-0.07933639
-0.07362784
-0.06803255
-0.06244300
-0.05669946
-0.05105285
-0.04536216
-0.03964781
-0.03396521
-0.02837402
-0.02259101
-0.01702199
-0.01136595
-0.00561788
