4.30331500
4.30363801
4.30452933
4.30660847
4.30961338
4.31254781
4.31654202
4.32225332
4.32753638
4.33389492
4.34048191
4.34926236
4.35758176
4.36768596
4.37752778
4.38931319
4.40141362
4.41359862
4.42768788
4.44199217
4.45758129
4.47446811
4.49150048
4.50950446
4.52860896
4.54902052
4.57024664
4.59185952
4.61576516
4.64012151
4.66562592
4.69272755
4.71949697
4.74859064
4.77858965
4.80974705
4.84342502
4.87678708
4.91219839
4.94871619
4.98760106
5.02669680
5.06899882
5.11249316
5.15745628
5.20398535
5.25171845
5.30298717
5.35506311
5.40979070
5.46649457
5.52528315
5.58678568
5.65082959
5.71749971
5.78725205
5.85909139
5.93424923
6.01275144
6.09413307
6.18054123
6.26906167
6.36252169
6.45912522
6.56151919
6.66748250
6.77915023
6.89619837
7.01851680
7.14737970
7.28213187
7.42413363
7.57409545
7.73122461
7.89840911
8.07281253
8.25795354
8.45443734
8.66229896
8.88387025
9.11822933
9.36889235
9.63622687
9.92220223
10.22776771
10.55689907
10.91140229
11.29346311
11.70710347
12.15639237
12.64606935
13.18144017
13.76915358
14.41704704
15.13570271
15.93549826
16.83263658
17.84372311
18.99380902
20.31309252
21.84110850
23.63198828
25.75815597
28.32452108
31.48250581
35.46215295
40.63248307
47.62084663
57.58810234
72.95339981
99.72590567
158.09347672
384.43337445
873.58583785
203.57402151
114.92843637
79.92967939
61.19243915
49.52177070
41.55411235
35.76883476
31.37820726
27.93207816
25.15614956
22.87149551
20.95968862
19.33497806
17.93814090
16.72486904
15.66071997
14.71932804
13.88173074
13.13166000
12.45576512
11.84315139
11.28635602
10.77663040
10.31010628
9.88141471
9.48390277
9.11691823
8.77599721
8.45859885
8.16214286
7.88484621
7.62483789
7.38020067
7.15088569
6.93397375
6.73006096
6.53643590
6.35309249
6.18054065
6.01501217
5.85823022
5.70943187
5.56692962
5.43135858
5.30228428
5.17803479
5.06004040
4.94642709
4.83774310
4.73321655
4.63374646
4.53707814
4.44441128
4.35591685
4.26995927
4.18751063
4.10783840
4.03138695
3.95701765
3.88534525
3.81560537
3.74887383
3.68418732
3.62176835
3.56179608
3.50272913
3.44590432
3.39048768
3.33698528
3.28520713
3.23454652
3.18496760
3.13815608
3.09164601
3.04677242
3.00321866
2.95962523
2.91869432
2.87825006
2.83919855
2.80051953
2.76369592
2.72715317
2.69113816
2.65674334
2.62324713
2.59035947
2.55897205
2.52624723
2.49617893
2.46631389
2.43641615
2.40755882
2.38024893
2.35239304
2.32650388
2.29959133
2.27365530
2.24867646
2.22445149
2.19966209
2.17650614
2.15307701
2.13075129
2.10860829
2.08693916
2.06599039
2.04523718
2.02468899
2.00520052
1.98458109
1.96542516
1.94710659
1.92820588
1.90994183
1.89211537
1.87427435
1.85773414
1.83981103
1.82310675
1.80666234
1.79053174
1.77511320
1.75955348
1.74462815
1.72919904
1.71485213
1.70012230
1.68591641
1.67241896
1.65750618
1.64402248
1.63140794
1.61785218
1.60494901
1.59303916
1.57978579
1.56754888
1.55519809
1.54345170
1.53183872
1.51991347
1.50862190
1.49767791
1.48583884
1.47525824
1.46433982
1.45351364
1.44324103
1.43381241
1.42306702
1.41287410
1.40292552
1.39347830
1.38386510
1.37478328
1.36592723
1.35645224
1.34666007
1.33805545
1.32844358
1.32080972
1.31176121
1.30341198
1.29522314
1.28635828
1.27822812
1.27044393
1.26276924
1.25475337
1.24726655
1.23951820
1.23199056
1.22410722
1.21806040
1.20935521
1.20271015
1.19520581
1.18887300
1.18182031
1.17498161
1.16806430
1.16171966
1.15468680
1.14816808
1.14140615
1.13569312
1.12858252
1.12286709
1.11690339
1.11050304
1.10447911
1.09849349
1.09296202
1.08732923
1.08117973
1.07525845
1.06967933
1.06440444
1.05889604
1.05365948
1.04785999
1.04313425
1.03740296
1.03304643
1.02691956
1.02186337
1.01697488
1.01250271
1.00761662
1.00200584
0.99756360
0.99323947
0.98828596
0.98259881
0.97876644
0.97432613
0.96962455
0.96486112
0.96050618
0.95560798
0.95163290
0.94721709
0.94306301
0.93257983
0.93585363
0.93093944
0.92713800
0.92315338
0.91834253
0.91434510
0.91028823
0.90727671
0.90304120
0.89880793
0.89512605
0.89142597
0.88774611
0.88380928
0.88023298
0.87672043
0.87275041
0.86943780
0.86594209
0.86245141
0.85908187
0.85586243
0.85198823
0.84900002
0.84522121
0.84249268
0.83843928
0.83593212
0.83283569
0.82911323
0.82571365
0.82291466
0.81926137
0.81692914
0.81348537
0.81020407
0.80744432
0.80451434
0.80189908
0.79824807
0.79524883
0.79329110
0.78961114
0.78643150
0.78433103
0.78121488
0.77847981
0.77590106
0.77327012
0.77017639
0.76753118
0.76529007
0.76256235
0.75981313
0.75744104
0.75488394
0.75203652
0.74926747
0.74704364
0.74431020
0.74184837
0.73993887
0.73698229
0.73435657
0.73244936
0.73007373
0.72728952
0.72538037
0.72260677
0.72029857
0.71857412
0.71590548
0.71371164
0.71116303
0.70887985
0.70662034
0.70520367
0.70308423
0.70101530
0.69795557
0.69649405
0.69406806
0.69194535
0.68989751
0.68803959
0.68581934
0.68405129
0.68205442
0.67940226
0.67823724
0.67569575
0.67381615
0.67210514
0.66944044
0.66816803
0.66641561
0.66414058
0.66190187
0.66008736
0.65895693
0.65676520
0.65483969
0.65312319
0.65130287
0.64991192
0.64779499
0.64605656
0.64395248
0.64260330
0.64063485
0.63900978
0.63690504
0.63511002
0.63386179
0.63233453
0.63061385
0.62931787
0.62711805
0.62547106
0.62362359
0.62248476
0.62112563
0.61903866
0.61748726
0.61622837
0.61451792
0.61297366
0.61135621
0.61006327
0.60798533
0.60699774
0.60576375
0.60390731
0.60271202
0.60083767
0.59952467
0.59828522
0.59640985
0.59494249
0.59388455
0.59214520
0.59109969
0.59025374
0.58809127
0.58686138
0.58554913
0.58431240
0.58273377
0.58163511
0.58022203
0.57846766
0.57719627
0.57590578
0.57450420
0.57354914
0.57221305
0.57075846
0.56944879
0.56828162
0.56679494
0.56540227
0.56432071
0.56324428
0.56210771
0.56023640
0.55957184
0.55835808
0.55736019
0.55584931
0.55467175
0.55349270
0.55242742
0.55152418
0.54983392
0.54865565
0.54831212
0.54674580
0.54550597
0.54455270
0.54366637
0.54194578
0.54075658
0.53966830
0.53853779
0.53783408
0.53668915
0.53592867
0.53411789
0.53334317
0.53270090
0.53153110
0.53045241
0.52898514
0.52830929
0.52724583
0.52623327
0.52542245
0.52487075
0.52326158
0.52219418
0.52138299
0.52034407
0.51951070
0.51861939
0.51744838
0.51608117
0.51496008
0.51414613
0.51383534
0.51288347
0.51230174
0.51061443
0.50972242
0.50892145
0.50784603
0.50718010
0.50566593
0.50540931
0.50430773
0.50324379
0.50263809
0.50144052
0.50046576
0.49943749
0.49747029
0.49950375
0.49771368
0.49684644
0.49598435
0.49454052
0.49363532
0.49335521
0.49230667
0.49190349
0.49091221
0.49005469
0.48955271
0.48818155
0.48764002
0.48675041
0.48520464
0.48507936
0.48417966
0.48359324
0.48408232
0.48164566
0.48156090
0.48056686
0.47942683
0.47873836
0.47835110
0.47765937
0.47651216
0.47563012
0.47484894
0.47397698
0.47359082
0.47268972
0.47256606
0.47119765
0.47089112
0.47014586
0.46929921
0.46912516
0.46732597
0.46655016
0.46651480
0.46603147
0.46521250
0.46451260
0.46320795
0.46302977
0.46240077
0.46144750
0.46061293
0.46043899
0.45951060
0.45922819
0.45834723
0.45735950
0.45725411
0.45635101
0.45623260
0.45519272
0.45434495
0.45401158
0.45282495
0.45244934
0.45159609
0.45143051
0.45124961
0.45020408
0.44946428
0.44861318
0.44827130
0.44754405
0.44728069
0.44627309
0.44615789
0.44587302
0.44472616
0.44430979
0.44358438
0.44287890
0.44242474
0.44192957
0.44147121
0.44069269
0.44010207
0.43968528
0.43931689
0.43824573
0.43773295
0.43728105
0.43716093
0.43566966
0.43587779
0.43494028
0.43500685
0.43402109
0.43347064
0.43314551
0.43294305
0.43169595
0.43160874
0.43059592
0.43054060
0.43001726
0.43001110
0.42886424
0.42882249
0.42817604
0.42721635
0.42731766
0.42602408
0.42596113
0.42498835
0.42500733
0.42417809
0.42420901
0.42394696
0.42299723
0.42247465
0.42195403
0.42125867
0.42092318
0.42064790
0.41983739
0.41983139
0.41947562
0.41912729
0.41820390
0.41805299
0.41768152
0.41706865
0.41662294
0.41652805
0.41542660
0.41584500
0.41505413
0.41439505
0.41442081
0.41343318
0.41273870
0.41270354
0.41242816
0.41232769
0.41168309
0.41115649
0.41058770
0.40967237
0.40986071
0.40952751
0.40946252
0.40858000
0.40834574
0.40801744
0.40706658
0.40725360
0.40645475
0.40631324
0.40586182
0.40527592
0.40484928
0.40457611
0.40447558
0.40399708
0.40363253
0.40312862
0.40242351
0.40229260
0.40188205
0.40169154
0.40137486
0.40129620
0.40058863
0.40069639
0.39948500
0.39941583
0.39894942
0.39837007
0.39811784
0.39794357
0.39775566
0.39714450
0.39745710
0.39667410
0.39640690
0.39626184
0.39625241
0.39520527
0.39468599
0.39508042
0.39418258
0.39426027
0.39353591
0.39345758
0.39295920
0.39291092
0.39266983
0.39233075
0.39213154
0.39155371
0.39129864
0.39099692
0.39094294
0.38999566
0.39040918
0.38937060
0.38917993
0.38879773
0.38935184
0.38894314
0.38776649
0.38803266
0.38701013
0.38739626
0.38695015
0.38706467
0.38667583
0.38625527
0.38561713
0.38531916
0.38543237
0.38513851
0.38449847
0.38462271
0.38441723
0.38354022
0.38382262
0.38321371
0.38323937
0.38244834
0.38298965
0.38260388
0.38218671
0.38164198
0.38157855
0.38126981
0.38096017
0.38057717
0.37991817
0.38053314
0.38015409
0.37954693
0.37889529
0.37912741
0.37901204
0.37851899
0.37976498
0.37705036
0.37756947
0.37702231
0.37680590
0.37714709
0.37670682
0.37683149
0.37618233
0.37645142
0.37625138
0.37580285
0.37570880
0.37552053
0.37499299
0.37463028
0.37464469
0.37462243
0.37469105
0.37358660
0.37380713
0.37352362
0.37261012
0.37315910
0.37322540
0.37254937
0.37282913
0.37265028
0.37220001
0.37202365
0.37227602
0.37186329
0.37116798
0.37091621
0.37120140
0.37057057
0.37046264
0.37005154
0.37001547
0.37033677
0.36950542
0.36980854
0.36892651
0.36892120
0.36858520
0.36922123
0.36889942
0.36846096
0.36804264
0.36776889
0.36792258
0.36802936
0.36773941
0.36722267
0.36723516
0.36729441
0.36645517
0.36689439
0.36660145
0.36656423
0.36611227
0.36570085
0.36582737
0.36577670
0.36547457
0.36481266
0.36520425
0.36466701
0.36494917
0.36438846
0.36402943
0.36405421
0.36406302
0.36429625
0.36404523
0.36327289
0.36345536
0.36345325
0.36348357
0.36328668
0.36305926
0.36272266
0.36267456
0.36288636
0.36265707
0.36244537
0.36224846
0.36211141
0.36199349
0.36160417
0.36170647
0.36147307
0.36139019
0.36167893
0.36103596
0.36080714
0.36145778
0.36098159
0.36086265
0.36091867
0.36009787
0.35991758
0.36075058
0.36046838
0.36014225
0.35982589
0.35995167
0.35955577
0.35973674
0.35916617
0.35954913
0.35895828
0.35917916
0.35928437
0.35889157
0.35876462
0.35869007
0.35868128
0.35824561
0.35826513
0.35811219
0.35814887
0.35799175
0.35783214
0.35799909
0.35797686
0.35725860
0.35742730
0.35735653
0.35778699
0.35756727
0.35700001
0.35742460
0.35700702
0.35719326
0.35715994
0.35690102
0.35659538
0.35663748
0.35680313
0.35682932
0.35643617
0.35644407
0.35592119
0.35612986
0.35597314
0.35631219
0.35555637
0.35634559
0.35566901
0.35584332
0.35560707
0.35620482
0.35565452
0.35512705
0.35559227
0.35538466
0.35489627
0.35533947
0.35533275
0.35509897
0.35481946
0.35498629
0.35502169
0.35515606
0.35530483
0.35467246
0.35398343
0.35504269
0.35466225
0.35495870
0.35479619
0.35426907
0.35466482
0.35426048
0.35424121
0.35435980
0.35429283
0.35378678
0.35438979
0.35482832
0.35472558
0.35393070
0.35384256
0.35432452
0.35366159
0.35405717
0.35472415
0.35462768
0.35372631
0.35392179
0.35396154
0.35397998
0.35368152
0.35395498
0.35413045
0.35384095
0.35399792
0.35322295
0.35333740
0.35382784
0.35368921
0.35369162
0.35384357
0.35322548
0.35326770
0.35226897
0.35451912
0.35375136
0.35347677
0.35364993
0.35410330
0.35305846
0.35365876
0.35342047
0.35342316
0.35397500
0.35342316
0.35342047
0.35365876
0.35305846
0.35410330
0.35364993
0.35347677
0.35375136
0.35451912
0.35226897
0.35326770
0.35322548
0.35384357
0.35369162
0.35368921
0.35382784
0.35333740
0.35322295
0.35399792
0.35384095
0.35413045
0.35395498
0.35368152
0.35397998
0.35396154
0.35392179
0.35372631
0.35462768
0.35472415
0.35405717
0.35366159
0.35432452
0.35384256
0.35393070
0.35472558
0.35482832
0.35438979
0.35378678
0.35429283
0.35435980
0.35424121
0.35426048
0.35466482
0.35426907
0.35479619
0.35495870
0.35466225
0.35504269
0.35398343
0.35467246
0.35530483
0.35515606
0.35502169
0.35498629
0.35481946
0.35509897
0.35533275
0.35533947
0.35489627
0.35538466
0.35559227
0.35512705
0.35565452
0.35620482
0.35560707
0.35584332
0.35566901
0.35634559
0.35555637
0.35631219
0.35597314
0.35612986
0.35592119
0.35644407
0.35643617
0.35682932
0.35680313
0.35663748
0.35659538
0.35690102
0.35715994
0.35719326
0.35700702
0.35742460
0.35700001
0.35756727
0.35778699
0.35735653
0.35742730
0.35725860
0.35797686
0.35799909
0.35783214
0.35799175
0.35814887
0.35811219
0.35826513
0.35824561
0.35868128
0.35869007
0.35876462
0.35889157
0.35928437
0.35917916
0.35895828
0.35954913
0.35916617
0.35973674
0.35955577
0.35995167
0.35982589
0.36014225
0.36046838
0.36075058
0.35991758
0.36009787
0.36091867
0.36086265
0.36098159
0.36145778
0.36080714
0.36103596
0.36167893
0.36139019
0.36147307
0.36170647
0.36160417
0.36199349
0.36211141
0.36224846
0.36244537
0.36265707
0.36288636
0.36267456
0.36272266
0.36305926
0.36328668
0.36348357
0.36345325
0.36345536
0.36327289
0.36404523
0.36429625
0.36406302
0.36405421
0.36402943
0.36438846
0.36494917
0.36466701
0.36520425
0.36481266
0.36547457
0.36577670
0.36582737
0.36570085
0.36611227
0.36656423
0.36660145
0.36689439
0.36645517
0.36729441
0.36723516
0.36722267
0.36773941
0.36802936
0.36792258
0.36776889
0.36804264
0.36846096
0.36889942
0.36922123
0.36858520
0.36892120
0.36892651
0.36980854
0.36950542
0.37033677
0.37001547
0.37005154
0.37046264
0.37057057
0.37120140
0.37091621
0.37116798
0.37186329
0.37227602
0.37202365
0.37220001
0.37265028
0.37282913
0.37254937
0.37322540
0.37315910
0.37261012
0.37352362
0.37380713
0.37358660
0.37469105
0.37462243
0.37464469
0.37463028
0.37499299
0.37552053
0.37570880
0.37580285
0.37625138
0.37645142
0.37618233
0.37683149
0.37670682
0.37714709
0.37680590
0.37702231
0.37756947
0.37705036
0.37976498
0.37851899
0.37901204
0.37912741
0.37889529
0.37954693
0.38015409
0.38053314
0.37991817
0.38057717
0.38096017
0.38126981
0.38157855
0.38164198
0.38218671
0.38260388
0.38298965
0.38244834
0.38323937
0.38321371
0.38382262
0.38354022
0.38441723
0.38462271
0.38449847
0.38513851
0.38543237
0.38531916
0.38561713
0.38625527
0.38667583
0.38706467
0.38695015
0.38739626
0.38701013
0.38803266
0.38776649
0.38894314
0.38935184
0.38879773
0.38917993
0.38937060
0.39040918
0.38999566
0.39094294
0.39099692
0.39129864
0.39155371
0.39213154
0.39233075
0.39266983
0.39291092
0.39295920
0.39345758
0.39353591
0.39426027
0.39418258
0.39508042
0.39468599
0.39520527
0.39625241
0.39626184
0.39640690
0.39667410
0.39745710
0.39714450
0.39775566
0.39794357
0.39811784
0.39837007
0.39894942
0.39941583
0.39948500
0.40069639
0.40058863
0.40129620
0.40137486
0.40169154
0.40188205
0.40229260
0.40242351
0.40312862
0.40363253
0.40399708
0.40447558
0.40457611
0.40484928
0.40527592
0.40586182
0.40631324
0.40645475
0.40725360
0.40706658
0.40801744
0.40834574
0.40858000
0.40946252
0.40952751
0.40986071
0.40967237
0.41058770
0.41115649
0.41168309
0.41232769
0.41242816
0.41270354
0.41273870
0.41343318
0.41442081
0.41439505
0.41505413
0.41584500
0.41542660
0.41652805
0.41662294
0.41706865
0.41768152
0.41805299
0.41820390
0.41912729
0.41947562
0.41983139
0.41983739
0.42064790
0.42092318
0.42125867
0.42195403
0.42247465
0.42299723
0.42394696
0.42420901
0.42417809
0.42500733
0.42498835
0.42596113
0.42602408
0.42731766
0.42721635
0.42817604
0.42882249
0.42886424
0.43001110
0.43001726
0.43054060
0.43059592
0.43160874
0.43169595
0.43294305
0.43314551
0.43347064
0.43402109
0.43500685
0.43494028
0.43587779
0.43566966
0.43716093
0.43728105
0.43773295
0.43824573
0.43931689
0.43968528
0.44010207
0.44069269
0.44147121
0.44192957
0.44242474
0.44287890
0.44358438
0.44430979
0.44472616
0.44587302
0.44615789
0.44627309
0.44728069
0.44754405
0.44827130
0.44861318
0.44946428
0.45020408
0.45124961
0.45143051
0.45159609
0.45244934
0.45282495
0.45401158
0.45434495
0.45519272
0.45623260
0.45635101
0.45725411
0.45735950
0.45834723
0.45922819
0.45951060
0.46043899
0.46061293
0.46144750
0.46240077
0.46302977
0.46320795
0.46451260
0.46521250
0.46603147
0.46651480
0.46655016
0.46732597
0.46912516
0.46929921
0.47014586
0.47089112
0.47119765
0.47256606
0.47268972
0.47359082
0.47397698
0.47484894
0.47563012
0.47651216
0.47765937
0.47835110
0.47873836
0.47942683
0.48056686
0.48156090
0.48164566
0.48408232
0.48359324
0.48417966
0.48507936
0.48520464
0.48675041
0.48764002
0.48818155
0.48955271
0.49005469
0.49091221
0.49190349
0.49230667
0.49335521
0.49363532
0.49454052
0.49598435
0.49684644
0.49771368
0.49950375
0.49747029
0.49943749
0.50046576
0.50144052
0.50263809
0.50324379
0.50430773
0.50540931
0.50566593
0.50718010
0.50784603
0.50892145
0.50972242
0.51061443
0.51230174
0.51288347
0.51383534
0.51414613
0.51496008
0.51608117
0.51744838
0.51861939
0.51951070
0.52034407
0.52138299
0.52219418
0.52326158
0.52487075
0.52542245
0.52623327
0.52724583
0.52830929
0.52898514
0.53045241
0.53153110
0.53270090
0.53334317
0.53411789
0.53592867
0.53668915
0.53783408
0.53853779
0.53966830
0.54075658
0.54194578
0.54366637
0.54455270
0.54550597
0.54674580
0.54831212
0.54865565
0.54983392
0.55152418
0.55242742
0.55349270
0.55467175
0.55584931
0.55736019
0.55835808
0.55957184
0.56023640
0.56210771
0.56324428
0.56432071
0.56540227
0.56679494
0.56828162
0.56944879
0.57075846
0.57221305
0.57354914
0.57450420
0.57590578
0.57719627
0.57846766
0.58022203
0.58163511
0.58273377
0.58431240
0.58554913
0.58686138
0.58809127
0.59025374
0.59109969
0.59214520
0.59388455
0.59494249
0.59640985
0.59828522
0.59952467
0.60083767
0.60271202
0.60390731
0.60576375
0.60699774
0.60798533
0.61006327
0.61135621
0.61297366
0.61451792
0.61622837
0.61748726
0.61903866
0.62112563
0.62248476
0.62362359
0.62547106
0.62711805
0.62931787
0.63061385
0.63233453
0.63386179
0.63511002
0.63690504
0.63900978
0.64063485
0.64260330
0.64395248
0.64605656
0.64779499
0.64991192
0.65130287
0.65312319
0.65483969
0.65676520
0.65895693
0.66008736
0.66190187
0.66414058
0.66641561
0.66816803
0.66944044
0.67210514
0.67381615
0.67569575
0.67823724
0.67940226
0.68205442
0.68405129
0.68581934
0.68803959
0.68989751
0.69194535
0.69406806
0.69649405
0.69795557
0.70101530
0.70308423
0.70520367
0.70662034
0.70887985
0.71116303
0.71371164
0.71590548
0.71857412
0.72029857
0.72260677
0.72538037
0.72728952
0.73007373
0.73244936
0.73435657
0.73698229
0.73993887
0.74184837
0.74431020
0.74704364
0.74926747
0.75203652
0.75488394
0.75744104
0.75981313
0.76256235
0.76529007
0.76753118
0.77017639
0.77327012
0.77590106
0.77847981
0.78121488
0.78433103
0.78643150
0.78961114
0.79329110
0.79524883
0.79824807
0.80189908
0.80451434
0.80744432
0.81020407
0.81348537
0.81692914
0.81926137
0.82291466
0.82571365
0.82911323
0.83283569
0.83593212
0.83843928
0.84249268
0.84522121
0.84900002
0.85198823
0.85586243
0.85908187
0.86245141
0.86594209
0.86943780
0.87275041
0.87672043
0.88023298
0.88380928
0.88774611
0.89142597
0.89512605
0.89880793
0.90304120
0.90727671
0.91028823
0.91434510
0.91834253
0.92315338
0.92713800
0.93093944
0.93585363
0.93257983
0.94306301
0.94721709
0.95163290
0.95560798
0.96050618
0.96486112
0.96962455
0.97432613
0.97876644
0.98259881
0.98828596
0.99323947
0.99756360
1.00200584
1.00761662
1.01250271
1.01697488
1.02186337
1.02691956
1.03304643
1.03740296
1.04313425
1.04785999
1.05365948
1.05889604
1.06440444
1.06967933
1.07525845
1.08117973
1.08732923
1.09296202
1.09849349
1.10447911
1.11050304
1.11690339
1.12286709
1.12858252
1.13569312
1.14140615
1.14816808
1.15468680
1.16171966
1.16806430
1.17498161
1.18182031
1.18887300
1.19520581
1.20271015
1.20935521
1.21806040
1.22410722
1.23199056
1.23951820
1.24726655
1.25475337
1.26276924
1.27044393
1.27822812
1.28635828
1.29522314
1.30341198
1.31176121
1.32080972
1.32844358
1.33805545
1.34666007
1.35645224
1.36592723
1.37478328
1.38386510
1.39347830
1.40292552
1.41287410
1.42306702
1.43381241
1.44324103
1.45351364
1.46433982
1.47525824
1.48583884
1.49767791
1.50862190
1.51991347
1.53183872
1.54345170
1.55519809
1.56754888
1.57978579
1.59303916
1.60494901
1.61785218
1.63140794
1.64402248
1.65750618
1.67241896
1.68591641
1.70012230
1.71485213
1.72919904
1.74462815
1.75955348
1.77511320
1.79053174
1.80666234
1.82310675
1.83981103
1.85773414
1.87427435
1.89211537
1.90994183
1.92820588
1.94710659
1.96542516
1.98458109
2.00520052
2.02468899
2.04523718
2.06599039
2.08693916
2.10860829
2.13075129
2.15307701
2.17650614
2.19966209
2.22445149
2.24867646
2.27365530
2.29959133
2.32650388
2.35239304
2.38024893
2.40755882
2.43641615
2.46631389
2.49617893
2.52624723
2.55897205
2.59035947
2.62324713
2.65674334
2.69113816
2.72715317
2.76369592
2.80051953
2.83919855
2.87825006
2.91869432
2.95962523
3.00321866
3.04677242
3.09164601
3.13815608
3.18496760
3.23454652
3.28520713
3.33698528
3.39048768
3.44590432
3.50272913
3.56179608
3.62176835
3.68418732
3.74887383
3.81560537
3.88534525
3.95701765
4.03138695
4.10783840
4.18751063
4.26995927
4.35591685
4.44441128
4.53707814
4.63374646
4.73321655
4.83774310
4.94642709
5.06004040
5.17803479
5.30228428
5.43135858
5.56692962
5.70943187
5.85823022
6.01501217
6.18054065
6.35309249
6.53643590
6.73006096
6.93397375
7.15088569
7.38020067
7.62483789
7.88484621
8.16214286
8.45859885
8.77599721
9.11691823
9.48390277
9.88141471
10.31010628
10.77663040
11.28635602
11.84315139
12.45576512
13.13166000
13.88173074
14.71932804
15.66071997
16.72486904
17.93814090
19.33497806
20.95968862
22.87149551
25.15614956
27.93207816
31.37820726
35.76883476
41.55411235
49.52177070
61.19243915
79.92967939
114.92843637
203.57402151
873.58583785
384.43337445
158.09347672
99.72590567
72.95339981
57.58810234
47.62084663
40.63248307
35.46215295
31.48250581
28.32452108
25.75815597
23.63198828
21.84110850
20.31309252
18.99380902
17.84372311
16.83263658
15.93549826
15.13570271
14.41704704
13.76915358
13.18144017
12.64606935
12.15639237
11.70710347
11.29346311
10.91140229
10.55689907
10.22776771
9.92220223
9.63622687
9.36889235
9.11822933
8.88387025
8.66229896
8.45443734
8.25795354
8.07281253
7.89840911
7.73122461
7.57409545
7.42413363
7.28213187
7.14737970
7.01851680
6.89619837
6.77915023
6.66748250
6.56151919
6.45912522
6.36252169
6.26906167
6.18054123
6.09413307
6.01275144
5.93424923
5.85909139
5.78725205
5.71749971
5.65082959
5.58678568
5.52528315
5.46649457
5.40979070
5.35506311
5.30298717
5.25171845
5.20398535
5.15745628
5.11249316
5.06899882
5.02669680
4.98760106
4.94871619
4.91219839
4.87678708
4.84342502
4.80974705
4.77858965
4.74859064
4.71949697
4.69272755
4.66562592
4.64012151
4.61576516
4.59185952
4.57024664
4.54902052
4.52860896
4.50950446
4.49150048
4.47446811
4.45758129
4.44199217
4.42768788
4.41359862
4.40141362
4.38931319
4.37752778
4.36768596
4.35758176
4.34926236
4.34048191
4.33389492
4.32753638
4.32225332
4.31654202
4.31254781
4.30961338
4.30660847
4.30452933
4.30363801
