0.00000000
0.02417719
0.04892400
0.07330352
0.09735022
0.12234789
0.14658408
0.17132299
0.19623910
0.22116159
0.24597114
0.27140452
0.29622876
0.32129281
0.34693305
0.37259378
0.39782375
0.42374254
0.45044836
0.47706775
0.50395535
0.53057346
0.55761266
0.58546072
0.61334369
0.64118722
0.66899757
0.69844864
0.72779299
0.75692226
0.78736669
0.81794426
0.84846265
0.87979764
0.91170902
0.94375228
0.97644797
1.01063292
1.04513665
1.07935018
1.11467287
1.15079111
1.18780244
1.22537596
1.26426118
1.30353203
1.34384811
1.38525595
1.42773611
1.47081268
1.51577203
1.56110358
1.60757892
1.65662789
1.70581325
1.75640770
1.80946038
1.86370725
1.91984109
1.97713541
2.03718474
2.09818619
2.16245192
2.22776135
2.29680312
2.36798819
2.44183577
2.51888232
2.59853695
2.68234217
2.76880938
2.85979740
2.95561438
3.05501388
3.15989593
3.26944024
3.38485729
3.50592985
3.63428402
3.77038068
3.91406167
4.06612515
4.22766456
4.40032226
4.58457446
4.78219328
4.99373172
5.22130203
5.46669231
5.73335455
6.02231895
6.33737523
6.68290848
7.06393577
7.48344548
7.95048049
8.47359045
9.06259652
9.73073220
10.49649610
11.38215150
12.41915465
13.64832998
15.13087988
16.95406051
19.24908494
22.22849336
26.25427138
31.99280465
40.83519255
56.23781908
89.80926689
219.97840006
-503.47037155
-118.15769094
-67.17397399
-47.04076931
-36.25970126
-29.54206640
-24.95450262
-21.62160412
-19.09112466
-17.10377152
-15.50158324
-14.18209796
-13.07750299
-12.13748056
-11.32877054
-10.62544007
-10.00847582
-9.46155854
-8.97469887
-8.53862443
-8.14358488
-7.78660718
-7.46134872
-7.16302286
-6.88991729
-6.63797893
-6.40465025
-6.18867856
-5.98780205
-5.80080817
-5.62555505
-5.46120119
-5.30716409
-5.16152390
-5.02452909
-4.89573468
-4.77394255
-4.65748155
-4.54756538
-4.44451005
-4.34472590
-4.24964239
-4.16000920
-4.07392301
-3.99164184
-3.91279791
-3.83719091
-3.76524786
-3.69530731
-3.62895612
-3.56439574
-3.50345839
-3.44403517
-3.38673809
-3.33170393
-3.27830283
-3.22706633
-3.17743217
-3.12980430
-3.08257439
-3.03739443
-2.99347704
-2.95164001
-2.91033808
-2.87103009
-2.83249508
-2.79525432
-2.75923286
-2.72331516
-2.68881405
-2.65542304
-2.62300367
-2.59055993
-2.56038980
-2.53000609
-2.50041415
-2.47222080
-2.44342138
-2.41685263
-2.39018372
-2.36423007
-2.33849630
-2.31452749
-2.29028607
-2.26580337
-2.24264557
-2.22050103
-2.19807759
-2.17730854
-2.15503559
-2.13460555
-2.11433476
-2.09384740
-2.07433356
-2.05554983
-2.03633870
-2.01866303
-1.99994656
-1.98198038
-1.96446742
-1.94790334
-1.93062770
-1.91432690
-1.89762484
-1.88207864
-1.86653726
-1.85131237
-1.83634122
-1.82170164
-1.80700017
-1.79306966
-1.77841684
-1.76463298
-1.75159033
-1.73788638
-1.72458167
-1.71183122
-1.69852640
-1.68650540
-1.67337059
-1.66107535
-1.64910547
-1.63689274
-1.62581157
-1.61429966
-1.60312639
-1.59161905
-1.58076438
-1.56989094
-1.55903799
-1.54895211
-1.53780033
-1.52753782
-1.51779231
-1.50763707
-1.49768891
-1.48869273
-1.47843306
-1.46922813
-1.45966737
-1.45048799
-1.44126657
-1.43223516
-1.42337071
-1.41478342
-1.40538159
-1.39723016
-1.38840600
-1.37996335
-1.37172724
-1.36457224
-1.35582962
-1.34789213
-1.33980327
-1.33222304
-1.32458366
-1.31725989
-1.30997485
-1.30238662
-1.29422876
-1.28738238
-1.27935233
-1.27317363
-1.26582654
-1.25900041
-1.25212594
-1.24474671
-1.23818426
-1.23166409
-1.22511319
-1.21852088
-1.21232247
-1.20569012
-1.19959698
-1.19274189
-1.18770569
-1.18018284
-1.17467545
-1.16815122
-1.16288997
-1.15666879
-1.15095003
-1.14495888
-1.13941384
-1.13325135
-1.12767312
-1.12170261
-1.11679793
-1.11053562
-1.10567645
-1.10041594
-1.09467450
-1.08932139
-1.08399948
-1.07915575
-1.07425350
-1.06863544
-1.06337281
-1.05837948
-1.05361087
-1.04871375
-1.04401475
-1.03870278
-1.03444562
-1.02913340
-1.02526792
-1.01971476
-1.01501362
-1.01051534
-1.00640576
-1.00193070
-0.99670212
-0.99254232
-0.98862901
-0.98400956
-0.97859947
-0.97507579
-0.97089469
-0.96652646
-0.96195516
-0.95787913
-0.95318280
-0.94946370
-0.94523764
-0.94128799
-0.93087748
-0.93444174
-0.92967105
-0.92604052
-0.92220517
-0.91750964
-0.91363224
-0.90969442
-0.90678517
-0.90262409
-0.89847334
-0.89487656
-0.89123395
-0.88761598
-0.88371676
-0.88018160
-0.87669089
-0.87273690
-0.86943566
-0.86594056
-0.86244776
-0.85906217
-0.85581809
-0.85191051
-0.84888912
-0.84506401
-0.84227939
-0.83816311
-0.83559197
-0.83242988
-0.82861569
-0.82511257
-0.82223705
-0.81848139
-0.81603750
-0.81250376
-0.80908586
-0.80620853
-0.80313060
-0.80036628
-0.79657048
-0.79344243
-0.79135650
-0.78752088
-0.78417217
-0.78186478
-0.77859417
-0.77562124
-0.77284872
-0.77008527
-0.76678118
-0.76396995
-0.76145704
-0.75854942
-0.75565740
-0.75301931
-0.75021849
-0.74712954
-0.74408950
-0.74166275
-0.73871109
-0.73599407
-0.73382030
-0.73064201
-0.72777671
-0.72555262
-0.72296070
-0.71987801
-0.71770992
-0.71462762
-0.71211196
-0.71003173
-0.70695303
-0.70460093
-0.70167420
-0.69920682
-0.69659110
-0.69483450
-0.69247052
-0.69009655
-0.68676109
-0.68491946
-0.68212183
-0.67971691
-0.67735528
-0.67508981
-0.67262125
-0.67055935
-0.66810750
-0.66515807
-0.66363453
-0.66072962
-0.65846428
-0.65652852
-0.65351692
-0.65200267
-0.64974251
-0.64709549
-0.64457660
-0.64230685
-0.64088368
-0.63827051
-0.63588439
-0.63374202
-0.63152558
-0.62977985
-0.62737451
-0.62528525
-0.62279094
-0.62085015
-0.61866836
-0.61674992
-0.61414656
-0.61192660
-0.61036356
-0.60848244
-0.60635049
-0.60462230
-0.60200947
-0.59998356
-0.59766876
-0.59600218
-0.59435668
-0.59185205
-0.59001619
-0.58826621
-0.58614328
-0.58417326
-0.58205753
-0.58037101
-0.57783713
-0.57634186
-0.57482698
-0.57250742
-0.57067408
-0.56860614
-0.56679176
-0.56520279
-0.56279339
-0.56100301
-0.55953951
-0.55708782
-0.55574041
-0.55447777
-0.55173990
-0.54991820
-0.54847879
-0.54678236
-0.54479194
-0.54303321
-0.54117273
-0.53896308
-0.53739001
-0.53558203
-0.53371767
-0.53232925
-0.53040708
-0.52868083
-0.52700624
-0.52519567
-0.52330748
-0.52139763
-0.51970887
-0.51813306
-0.51687662
-0.51447821
-0.51314809
-0.51137213
-0.51018651
-0.50815264
-0.50646423
-0.50492569
-0.50333639
-0.50196248
-0.49968600
-0.49827060
-0.49730111
-0.49501864
-0.49355089
-0.49211058
-0.49058168
-0.48842753
-0.48714991
-0.48536904
-0.48360349
-0.48233436
-0.48089346
-0.47928231
-0.47747781
-0.47596279
-0.47506064
-0.47305136
-0.47141778
-0.46980819
-0.46864764
-0.46723353
-0.46549345
-0.46441832
-0.46290335
-0.46089040
-0.45939908
-0.45799333
-0.45650079
-0.45540690
-0.45364300
-0.45209616
-0.45021414
-0.44901085
-0.44740948
-0.44632407
-0.44481482
-0.44413892
-0.44209193
-0.44077679
-0.43921706
-0.43763274
-0.43675134
-0.43446754
-0.43378544
-0.43227410
-0.43064019
-0.42939918
-0.42784544
-0.42618592
-0.42499822
-0.42355968
-0.42260387
-0.42100934
-0.41957227
-0.41850644
-0.41658207
-0.41524356
-0.41439330
-0.41282619
-0.41180150
-0.41022191
-0.40937906
-0.40787130
-0.40604886
-0.40481391
-0.40339434
-0.40163874
-0.40090099
-0.39958198
-0.39858740
-0.39849645
-0.39532485
-0.39505101
-0.39314472
-0.39161050
-0.39050627
-0.38948511
-0.38816074
-0.38687740
-0.38551913
-0.38416406
-0.38243672
-0.38145711
-0.38031738
-0.37945889
-0.37771422
-0.37668099
-0.37592652
-0.37407961
-0.37336418
-0.37154943
-0.36999944
-0.36960585
-0.36821371
-0.36695086
-0.36606891
-0.36425384
-0.36304093
-0.36218525
-0.36067712
-0.35947193
-0.35844833
-0.35737686
-0.35619544
-0.35500510
-0.35332727
-0.35265172
-0.35127450
-0.35080436
-0.34932994
-0.34760476
-0.34683869
-0.34496086
-0.34423443
-0.34289944
-0.34196563
-0.34101292
-0.33927579
-0.33881614
-0.33719149
-0.33616361
-0.33527863
-0.33418209
-0.33264182
-0.33195154
-0.33114330
-0.32925994
-0.32835249
-0.32724533
-0.32585375
-0.32495480
-0.32405524
-0.32256094
-0.32173039
-0.32045407
-0.31997938
-0.31864011
-0.31709477
-0.31614479
-0.31505649
-0.31439665
-0.31236298
-0.31212393
-0.31083737
-0.30991731
-0.30825636
-0.30750855
-0.30635081
-0.30614384
-0.30421556
-0.30309202
-0.30215022
-0.30112050
-0.30009096
-0.29955043
-0.29776192
-0.29713373
-0.29601758
-0.29475869
-0.29381263
-0.29267498
-0.29151527
-0.29004583
-0.28973051
-0.28890670
-0.28765182
-0.28651971
-0.28521210
-0.28421302
-0.28310315
-0.28252204
-0.28093985
-0.28034846
-0.27888719
-0.27876046
-0.27715904
-0.27696506
-0.27513452
-0.27431510
-0.27345660
-0.27217415
-0.27100203
-0.27046839
-0.26915573
-0.26845361
-0.26744779
-0.26625908
-0.26582481
-0.26450144
-0.26280266
-0.26242558
-0.26127257
-0.26066461
-0.25940633
-0.25826223
-0.25768118
-0.25593887
-0.25543644
-0.25417871
-0.25385723
-0.25263258
-0.25159591
-0.25100541
-0.24937645
-0.24904831
-0.24763410
-0.24712899
-0.24601782
-0.24457360
-0.24418766
-0.24279410
-0.24211366
-0.24174752
-0.24015862
-0.23971978
-0.23826807
-0.23731040
-0.23687008
-0.23533914
-0.23459094
-0.23408940
-0.23255379
-0.23188295
-0.23058355
-0.22970627
-0.22852343
-0.22804344
-0.22784392
-0.22625485
-0.22571830
-0.22395348
-0.22345373
-0.22286405
-0.22186924
-0.22074057
-0.22043404
-0.21873179
-0.21763574
-0.21745055
-0.21597682
-0.21519646
-0.21412959
-0.21332936
-0.21294394
-0.21199435
-0.21090180
-0.21007526
-0.20949468
-0.20831402
-0.20711164
-0.20640012
-0.20588056
-0.20452471
-0.20367233
-0.20284975
-0.20240071
-0.20078340
-0.20023883
-0.19898572
-0.19778506
-0.19750600
-0.19603319
-0.19583262
-0.19484407
-0.19459580
-0.19322310
-0.19244478
-0.19124751
-0.19044909
-0.18993415
-0.18905551
-0.18748307
-0.18708486
-0.18599363
-0.18528075
-0.18496341
-0.18119567
-0.18234510
-0.18161485
-0.18115995
-0.18024328
-0.17999967
-0.17857777
-0.17802348
-0.17669635
-0.17562640
-0.17478909
-0.17388743
-0.17364789
-0.17242545
-0.17205272
-0.17034725
-0.17007071
-0.16897515
-0.16809342
-0.16795058
-0.16578270
-0.16508973
-0.16442346
-0.16399716
-0.16345221
-0.16268057
-0.16191751
-0.16044719
-0.15978129
-0.15900909
-0.15801232
-0.15745134
-0.15663468
-0.15519108
-0.15439297
-0.15418238
-0.15266420
-0.15279452
-0.15136611
-0.15151663
-0.15019074
-0.14845518
-0.14832800
-0.14822820
-0.14669993
-0.14588418
-0.14522266
-0.14420602
-0.14399080
-0.14274826
-0.14201315
-0.14082474
-0.14045056
-0.13918230
-0.13839056
-0.13705316
-0.13698552
-0.13636931
-0.13578627
-0.13412070
-0.13382176
-0.13241744
-0.13170942
-0.13102134
-0.13051146
-0.12935736
-0.12903313
-0.12828887
-0.12709869
-0.12640450
-0.12588959
-0.12496027
-0.12444798
-0.12352217
-0.12237450
-0.12153773
-0.12109085
-0.11983432
-0.11960095
-0.11865236
-0.11744523
-0.11704648
-0.11620219
-0.11527343
-0.11463989
-0.11357240
-0.11272457
-0.11258304
-0.11125494
-0.11060474
-0.10953535
-0.10918082
-0.10811022
-0.10755216
-0.10673585
-0.10584353
-0.10488831
-0.10460100
-0.10338702
-0.10270607
-0.10274209
-0.10044151
-0.10044703
-0.09914338
-0.09926217
-0.09828273
-0.09710139
-0.09635839
-0.09558450
-0.09508246
-0.09438415
-0.09330654
-0.09267022
-0.09164594
-0.09072948
-0.09080236
-0.08923091
-0.08937532
-0.08807369
-0.08737105
-0.08638263
-0.08648896
-0.08550024
-0.08429925
-0.08363346
-0.08304973
-0.08157433
-0.08080474
-0.07980961
-0.07993089
-0.07858410
-0.07845553
-0.07737925
-0.07682848
-0.07516637
-0.07521648
-0.07468362
-0.07362401
-0.07307720
-0.07190340
-0.07122157
-0.07065282
-0.06958527
-0.06882659
-0.06841686
-0.06762974
-0.06657002
-0.06540496
-0.06560565
-0.06389571
-0.06357627
-0.06308071
-0.06254593
-0.06115932
-0.06137613
-0.05981119
-0.05927555
-0.05824090
-0.05813811
-0.05663203
-0.05629715
-0.05525191
-0.05448835
-0.05385402
-0.05282318
-0.05218763
-0.05157927
-0.05068562
-0.04920652
-0.04918924
-0.04837445
-0.04777892
-0.04660226
-0.04567495
-0.04545465
-0.04443216
-0.04376664
-0.04333129
-0.04225684
-0.04196680
-0.04080610
-0.04027065
-0.03935600
-0.03857649
-0.03819488
-0.03766472
-0.03609955
-0.03589449
-0.03526587
-0.03409787
-0.03342081
-0.03266432
-0.03208294
-0.03147676
-0.03017822
-0.02983057
-0.02897178
-0.02818159
-0.02771435
-0.02668144
-0.02641812
-0.02555742
-0.02481020
-0.02395327
-0.02291403
-0.02266137
-0.02099270
-0.02102287
-0.02014420
-0.01932078
-0.01861826
-0.01802013
-0.01750111
-0.01640882
-0.01591885
-0.01489187
-0.01420716
-0.01316318
-0.01251947
-0.01165410
-0.01076747
-0.01007060
-0.00889383
-0.00885642
-0.00775711
-0.00597733
-0.00708578
-0.00596447
-0.00490581
-0.00453401
-0.00390998
-0.00329268
-0.00208929
-0.00100984
-0.00056624
0.00000000
0.00056624
0.00100984
0.00208929
0.00329268
0.00390998
0.00453401
0.00490581
0.00596447
0.00708578
0.00597733
0.00775711
0.00885642
0.00889383
0.01007060
0.01076747
0.01165410
0.01251947
0.01316318
0.01420716
0.01489187
0.01591885
0.01640882
0.01750111
0.01802013
0.01861826
0.01932078
0.02014420
0.02102287
0.02099270
0.02266137
0.02291403
0.02395327
0.02481020
0.02555742
0.02641812
0.02668144
0.02771435
0.02818159
0.02897178
0.02983057
0.03017822
0.03147676
0.03208294
0.03266432
0.03342081
0.03409787
0.03526587
0.03589449
0.03609955
0.03766472
0.03819488
0.03857649
0.03935600
0.04027065
0.04080610
0.04196680
0.04225684
0.04333129
0.04376664
0.04443216
0.04545465
0.04567495
0.04660226
0.04777892
0.04837445
0.04918924
0.04920652
0.05068562
0.05157927
0.05218763
0.05282318
0.05385402
0.05448835
0.05525191
0.05629715
0.05663203
0.05813811
0.05824090
0.05927555
0.05981119
0.06137613
0.06115932
0.06254593
0.06308071
0.06357627
0.06389571
0.06560565
0.06540496
0.06657002
0.06762974
0.06841686
0.06882659
0.06958527
0.07065282
0.07122157
0.07190340
0.07307720
0.07362401
0.07468362
0.07521648
0.07516637
0.07682848
0.07737925
0.07845553
0.07858410
0.07993089
0.07980961
0.08080474
0.08157433
0.08304973
0.08363346
0.08429925
0.08550024
0.08648896
0.08638263
0.08737105
0.08807369
0.08937532
0.08923091
0.09080236
0.09072948
0.09164594
0.09267022
0.09330654
0.09438415
0.09508246
0.09558450
0.09635839
0.09710139
0.09828273
0.09926217
0.09914338
0.10044703
0.10044151
0.10274209
0.10270607
0.10338702
0.10460100
0.10488831
0.10584353
0.10673585
0.10755216
0.10811022
0.10918082
0.10953535
0.11060474
0.11125494
0.11258304
0.11272457
0.11357240
0.11463989
0.11527343
0.11620219
0.11704648
0.11744523
0.11865236
0.11960095
0.11983432
0.12109085
0.12153773
0.12237450
0.12352217
0.12444798
0.12496027
0.12588959
0.12640450
0.12709869
0.12828887
0.12903313
0.12935736
0.13051146
0.13102134
0.13170942
0.13241744
0.13382176
0.13412070
0.13578627
0.13636931
0.13698552
0.13705316
0.13839056
0.13918230
0.14045056
0.14082474
0.14201315
0.14274826
0.14399080
0.14420602
0.14522266
0.14588418
0.14669993
0.14822820
0.14832800
0.14845518
0.15019074
0.15151663
0.15136611
0.15279452
0.15266420
0.15418238
0.15439297
0.15519108
0.15663468
0.15745134
0.15801232
0.15900909
0.15978129
0.16044719
0.16191751
0.16268057
0.16345221
0.16399716
0.16442346
0.16508973
0.16578270
0.16795058
0.16809342
0.16897515
0.17007071
0.17034725
0.17205272
0.17242545
0.17364789
0.17388743
0.17478909
0.17562640
0.17669635
0.17802348
0.17857777
0.17999967
0.18024328
0.18115995
0.18161485
0.18234510
0.18119567
0.18496341
0.18528075
0.18599363
0.18708486
0.18748307
0.18905551
0.18993415
0.19044909
0.19124751
0.19244478
0.19322310
0.19459580
0.19484407
0.19583262
0.19603319
0.19750600
0.19778506
0.19898572
0.20023883
0.20078340
0.20240071
0.20284975
0.20367233
0.20452471
0.20588056
0.20640012
0.20711164
0.20831402
0.20949468
0.21007526
0.21090180
0.21199435
0.21294394
0.21332936
0.21412959
0.21519646
0.21597682
0.21745055
0.21763574
0.21873179
0.22043404
0.22074057
0.22186924
0.22286405
0.22345373
0.22395348
0.22571830
0.22625485
0.22784392
0.22804344
0.22852343
0.22970627
0.23058355
0.23188295
0.23255379
0.23408940
0.23459094
0.23533914
0.23687008
0.23731040
0.23826807
0.23971978
0.24015862
0.24174752
0.24211366
0.24279410
0.24418766
0.24457360
0.24601782
0.24712899
0.24763410
0.24904831
0.24937645
0.25100541
0.25159591
0.25263258
0.25385723
0.25417871
0.25543644
0.25593887
0.25768118
0.25826223
0.25940633
0.26066461
0.26127257
0.26242558
0.26280266
0.26450144
0.26582481
0.26625908
0.26744779
0.26845361
0.26915573
0.27046839
0.27100203
0.27217415
0.27345660
0.27431510
0.27513452
0.27696506
0.27715904
0.27876046
0.27888719
0.28034846
0.28093985
0.28252204
0.28310315
0.28421302
0.28521210
0.28651971
0.28765182
0.28890670
0.28973051
0.29004583
0.29151527
0.29267498
0.29381263
0.29475869
0.29601758
0.29713373
0.29776192
0.29955043
0.30009096
0.30112050
0.30215022
0.30309202
0.30421556
0.30614384
0.30635081
0.30750855
0.30825636
0.30991731
0.31083737
0.31212393
0.31236298
0.31439665
0.31505649
0.31614479
0.31709477
0.31864011
0.31997938
0.32045407
0.32173039
0.32256094
0.32405524
0.32495480
0.32585375
0.32724533
0.32835249
0.32925994
0.33114330
0.33195154
0.33264182
0.33418209
0.33527863
0.33616361
0.33719149
0.33881614
0.33927579
0.34101292
0.34196563
0.34289944
0.34423443
0.34496086
0.34683869
0.34760476
0.34932994
0.35080436
0.35127450
0.35265172
0.35332727
0.35500510
0.35619544
0.35737686
0.35844833
0.35947193
0.36067712
0.36218525
0.36304093
0.36425384
0.36606891
0.36695086
0.36821371
0.36960585
0.36999944
0.37154943
0.37336418
0.37407961
0.37592652
0.37668099
0.37771422
0.37945889
0.38031738
0.38145711
0.38243672
0.38416406
0.38551913
0.38687740
0.38816074
0.38948511
0.39050627
0.39161050
0.39314472
0.39505101
0.39532485
0.39849645
0.39858740
0.39958198
0.40090099
0.40163874
0.40339434
0.40481391
0.40604886
0.40787130
0.40937906
0.41022191
0.41180150
0.41282619
0.41439330
0.41524356
0.41658207
0.41850644
0.41957227
0.42100934
0.42260387
0.42355968
0.42499822
0.42618592
0.42784544
0.42939918
0.43064019
0.43227410
0.43378544
0.43446754
0.43675134
0.43763274
0.43921706
0.44077679
0.44209193
0.44413892
0.44481482
0.44632407
0.44740948
0.44901085
0.45021414
0.45209616
0.45364300
0.45540690
0.45650079
0.45799333
0.45939908
0.46089040
0.46290335
0.46441832
0.46549345
0.46723353
0.46864764
0.46980819
0.47141778
0.47305136
0.47506064
0.47596279
0.47747781
0.47928231
0.48089346
0.48233436
0.48360349
0.48536904
0.48714991
0.48842753
0.49058168
0.49211058
0.49355089
0.49501864
0.49730111
0.49827060
0.49968600
0.50196248
0.50333639
0.50492569
0.50646423
0.50815264
0.51018651
0.51137213
0.51314809
0.51447821
0.51687662
0.51813306
0.51970887
0.52139763
0.52330748
0.52519567
0.52700624
0.52868083
0.53040708
0.53232925
0.53371767
0.53558203
0.53739001
0.53896308
0.54117273
0.54303321
0.54479194
0.54678236
0.54847879
0.54991820
0.55173990
0.55447777
0.55574041
0.55708782
0.55953951
0.56100301
0.56279339
0.56520279
0.56679176
0.56860614
0.57067408
0.57250742
0.57482698
0.57634186
0.57783713
0.58037101
0.58205753
0.58417326
0.58614328
0.58826621
0.59001619
0.59185205
0.59435668
0.59600218
0.59766876
0.59998356
0.60200947
0.60462230
0.60635049
0.60848244
0.61036356
0.61192660
0.61414656
0.61674992
0.61866836
0.62085015
0.62279094
0.62528525
0.62737451
0.62977985
0.63152558
0.63374202
0.63588439
0.63827051
0.64088368
0.64230685
0.64457660
0.64709549
0.64974251
0.65200267
0.65351692
0.65652852
0.65846428
0.66072962
0.66363453
0.66515807
0.66810750
0.67055935
0.67262125
0.67508981
0.67735528
0.67971691
0.68212183
0.68491946
0.68676109
0.69009655
0.69247052
0.69483450
0.69659110
0.69920682
0.70167420
0.70460093
0.70695303
0.71003173
0.71211196
0.71462762
0.71770992
0.71987801
0.72296070
0.72555262
0.72777671
0.73064201
0.73382030
0.73599407
0.73871109
0.74166275
0.74408950
0.74712954
0.75021849
0.75301931
0.75565740
0.75854942
0.76145704
0.76396995
0.76678118
0.77008527
0.77284872
0.77562124
0.77859417
0.78186478
0.78417217
0.78752088
0.79135650
0.79344243
0.79657048
0.80036628
0.80313060
0.80620853
0.80908586
0.81250376
0.81603750
0.81848139
0.82223705
0.82511257
0.82861569
0.83242988
0.83559197
0.83816311
0.84227939
0.84506401
0.84888912
0.85191051
0.85581809
0.85906217
0.86244776
0.86594056
0.86943566
0.87273690
0.87669089
0.88018160
0.88371676
0.88761598
0.89123395
0.89487656
0.89847334
0.90262409
0.90678517
0.90969442
0.91363224
0.91750964
0.92220517
0.92604052
0.92967105
0.93444174
0.93087748
0.94128799
0.94523764
0.94946370
0.95318280
0.95787913
0.96195516
0.96652646
0.97089469
0.97507579
0.97859947
0.98400956
0.98862901
0.99254232
0.99670212
1.00193070
1.00640576
1.01051534
1.01501362
1.01971476
1.02526792
1.02913340
1.03444562
1.03870278
1.04401475
1.04871375
1.05361087
1.05837948
1.06337281
1.06863544
1.07425350
1.07915575
1.08399948
1.08932139
1.09467450
1.10041594
1.10567645
1.11053562
1.11679793
1.12170261
1.12767312
1.13325135
1.13941384
1.14495888
1.15095003
1.15666879
1.16288997
1.16815122
1.17467545
1.18018284
1.18770569
1.19274189
1.19959698
1.20569012
1.21232247
1.21852088
1.22511319
1.23166409
1.23818426
1.24474671
1.25212594
1.25900041
1.26582654
1.27317363
1.27935233
1.28738238
1.29422876
1.30238662
1.30997485
1.31725989
1.32458366
1.33222304
1.33980327
1.34789213
1.35582962
1.36457224
1.37172724
1.37996335
1.38840600
1.39723016
1.40538159
1.41478342
1.42337071
1.43223516
1.44126657
1.45048799
1.45966737
1.46922813
1.47843306
1.48869273
1.49768891
1.50763707
1.51779231
1.52753782
1.53780033
1.54895211
1.55903799
1.56989094
1.58076438
1.59161905
1.60312639
1.61429966
1.62581157
1.63689274
1.64910547
1.66107535
1.67337059
1.68650540
1.69852640
1.71183122
1.72458167
1.73788638
1.75159033
1.76463298
1.77841684
1.79306966
1.80700017
1.82170164
1.83634122
1.85131237
1.86653726
1.88207864
1.89762484
1.91432690
1.93062770
1.94790334
1.96446742
1.98198038
1.99994656
2.01866303
2.03633870
2.05554983
2.07433356
2.09384740
2.11433476
2.13460555
2.15503559
2.17730854
2.19807759
2.22050103
2.24264557
2.26580337
2.29028607
2.31452749
2.33849630
2.36423007
2.39018372
2.41685263
2.44342138
2.47222080
2.50041415
2.53000609
2.56038980
2.59055993
2.62300367
2.65542304
2.68881405
2.72331516
2.75923286
2.79525432
2.83249508
2.87103009
2.91033808
2.95164001
2.99347704
3.03739443
3.08257439
3.12980430
3.17743217
3.22706633
3.27830283
3.33170393
3.38673809
3.44403517
3.50345839
3.56439574
3.62895612
3.69530731
3.76524786
3.83719091
3.91279791
3.99164184
4.07392301
4.16000920
4.24964239
4.34472590
4.44451005
4.54756538
4.65748155
4.77394255
4.89573468
5.02452909
5.16152390
5.30716409
5.46120119
5.62555505
5.80080817
5.98780205
6.18867856
6.40465025
6.63797893
6.88991729
7.16302286
7.46134872
7.78660718
8.14358488
8.53862443
8.97469887
9.46155854
10.00847582
10.62544007
11.32877054
12.13748056
13.07750299
14.18209796
15.50158324
17.10377152
19.09112466
21.62160412
24.95450262
29.54206640
36.25970126
47.04076931
67.17397399
118.15769094
503.47037155
-219.97840006
-89.80926689
-56.23781908
-40.83519255
-31.99280465
-26.25427138
-22.22849336
-19.24908494
-16.95406051
-15.13087988
-13.64832998
-12.41915465
-11.38215150
-10.49649610
-9.73073220
-9.06259652
-8.47359045
-7.95048049
-7.48344548
-7.06393577
-6.68290848
-6.33737523
-6.02231895
-5.73335455
-5.46669231
-5.22130203
-4.99373172
-4.78219328
-4.58457446
-4.40032226
-4.22766456
-4.06612515
-3.91406167
-3.77038068
-3.63428402
-3.50592985
-3.38485729
-3.26944024
-3.15989593
-3.05501388
-2.95561438
-2.85979740
-2.76880938
-2.68234217
-2.59853695
-2.51888232
-2.44183577
-2.36798819
-2.29680312
-2.22776135
-2.16245192
-2.09818619
-2.03718474
-1.97713541
-1.91984109
-1.86370725
-1.80946038
-1.75640770
-1.70581325
-1.65662789
-1.60757892
-1.56110358
-1.51577203
-1.47081268
-1.42773611
-1.38525595
-1.34384811
-1.30353203
-1.26426118
-1.22537596
-1.18780244
-1.15079111
-1.11467287
-1.07935018
-1.04513665
-1.01063292
-0.97644797
-0.94375228
-0.91170902
-0.87979764
-0.84846265
-0.81794426
-0.78736669
-0.75692226
-0.72779299
-0.69844864
-0.66899757
-0.64118722
-0.61334369
-0.58546072
-0.55761266
-0.53057346
-0.50395535
-0.47706775
-0.45044836
-0.42374254
-0.39782375
-0.37259378
-0.34693305
-0.32129281
-0.29622876
-0.27140452
-0.24597114
-0.22116159
-0.19623910
-0.17132299
-0.14658408
-0.12234789
-0.09735022
-0.07330352
-0.04892400
-0.02417719
