4.30331500
4.30357010
4.30425129
4.30598457
4.30851372
4.31081194
4.31405240
4.31885658
4.32308471
4.32824823
4.33350682
4.34078595
4.34750128
4.35585256
4.36375835
4.37347050
4.38339801
4.39321011
4.40471523
4.41629945
4.42900214
4.44289958
4.45675270
4.47133831
4.48688184
4.50360596
4.52101720
4.53842961
4.55802648
4.57796858
4.59870840
4.62089375
4.64260302
4.66637645
4.69081077
4.71624833
4.74397674
4.77091954
4.79972733
4.82957505
4.86144718
4.89319533
4.92786713
4.96347056
5.00009990
5.03808175
5.07687098
5.11886109
5.16122761
5.20601051
5.25214223
5.30016128
5.35050130
5.40254191
5.45710584
5.51428312
5.57268383
5.63399585
5.69801633
5.76449421
5.83514938
5.90751630
5.98376838
6.06278632
6.14639973
6.23281275
6.32410594
6.41971836
6.51975335
6.62495865
6.73521635
6.85122756
6.97361208
7.10202254
7.23877919
7.38112882
7.53236601
7.69324162
7.86304031
8.04408976
8.23542515
8.44054324
8.65931409
8.89310188
9.14269706
9.41162820
9.70161551
10.01400590
10.35236914
10.71944593
11.12001549
11.55802925
12.03861805
12.56789787
13.15627380
13.81050198
14.54427444
15.37100514
16.31188622
17.39095447
18.64083281
20.10560787
21.84503806
23.94441414
26.52749525
29.78316674
34.01312633
39.72981587
47.88371312
60.45399567
82.35632317
130.10704425
315.27531286
-713.91161993
-165.77437168
-93.25343267
-64.62135615
-49.29248091
-39.74508883
-33.22675206
-28.49413580
-24.90222581
-22.08307021
-19.81243997
-17.94361737
-16.37948298
-15.05067913
-13.90812198
-12.91593078
-12.04527135
-11.27552784
-10.59043100
-9.97659197
-9.42486658
-8.92350736
-8.46818206
-8.05151329
-7.66989773
-7.31980822
-6.99463130
-6.69465873
-6.41594526
-6.15617730
-5.91385716
-5.68736153
-5.47468376
-5.27503867
-5.08815030
-4.91037411
-4.74375306
-4.58615961
-4.43637615
-4.29481235
-4.15977502
-4.03229475
-3.91049048
-3.79392366
-3.68326640
-3.57830003
-3.47678158
-3.38037238
-3.28813698
-3.19913047
-3.11422894
-3.03271917
-2.95359100
-2.87798484
-2.80602218
-2.73592447
-2.66857419
-2.60350939
-2.54094584
-2.48107312
-2.42283775
-2.36599652
-2.31124993
-2.25901937
-2.20780257
-2.15948209
-2.11084452
-2.06419249
-2.01964384
-1.97629698
-1.93424776
-1.89265499
-1.85284049
-1.81450479
-1.77689172
-1.74090531
-1.70512364
-1.67005192
-1.63633734
-1.60354146
-1.57208925
-1.54089088
-1.51029058
-1.48052495
-1.45201918
-1.42436864
-1.39671067
-1.37055356
-1.34449451
-1.31823619
-1.29397387
-1.26976089
-1.24576351
-1.22208011
-1.20012494
-1.17774262
-1.15655518
-1.13504803
-1.11411947
-1.09426394
-1.07417735
-1.05412997
-1.03563098
-1.01723182
-0.99893997
-0.98095238
-0.96330555
-0.94666108
-0.92973019
-0.91329946
-0.89762483
-0.88079263
-0.86542852
-0.85038542
-0.83530165
-0.82078978
-0.80606106
-0.79240925
-0.77902225
-0.76467999
-0.75136336
-0.73788885
-0.72566252
-0.71257534
-0.70004646
-0.68826823
-0.67592759
-0.66475697
-0.65257816
-0.64164997
-0.63066040
-0.61846330
-0.60781421
-0.59816250
-0.58692092
-0.57687887
-0.56706943
-0.55673948
-0.54642308
-0.53666773
-0.52756775
-0.51892247
-0.50876262
-0.49995584
-0.49135219
-0.48230660
-0.47342874
-0.46542444
-0.45651184
-0.44867479
-0.44018249
-0.43225663
-0.42355641
-0.41608557
-0.40861172
-0.40070029
-0.39351676
-0.38694067
-0.37914612
-0.37210919
-0.36474511
-0.35779877
-0.35152129
-0.34409394
-0.33734367
-0.33133610
-0.32453543
-0.31743796
-0.31149855
-0.30607814
-0.29935412
-0.29316901
-0.28760513
-0.28065605
-0.27532754
-0.27023385
-0.26402366
-0.25816521
-0.25286290
-0.24719614
-0.24252125
-0.23642294
-0.23117819
-0.22655831
-0.22145652
-0.21597058
-0.21116642
-0.20630376
-0.20102026
-0.19572967
-0.19120133
-0.18682809
-0.18235409
-0.17785689
-0.17317288
-0.16811981
-0.16421905
-0.15943336
-0.15507011
-0.15119838
-0.14649329
-0.14223745
-0.13822841
-0.13435521
-0.13072620
-0.12653309
-0.12143146
-0.11811902
-0.11444069
-0.11094677
-0.10689303
-0.10295918
-0.09996439
-0.09558939
-0.09183857
-0.08856362
-0.08491729
-0.08170001
-0.07744917
-0.07482819
-0.07099079
-0.06803799
-0.06421725
-0.06120477
-0.05783402
-0.05632281
-0.05138733
-0.04857966
-0.04509801
-0.04183056
-0.03910317
-0.03609843
-0.03287435
-0.02986105
-0.02744371
-0.02452243
-0.02113253
-0.01850165
-0.01519965
-0.01278812
-0.00951020
-0.00719625
-0.00485709
-0.00192572
0.00162418
0.00250805
0.00581745
0.00871184
0.01150787
0.01372173
0.01630071
0.01895668
0.02151817
0.02384447
0.02599584
0.02871916
0.03150060
0.03338804
0.03574074
0.03815779
0.03995104
0.04255232
0.04465559
0.04716526
0.04955760
0.05172468
0.05357062
0.05536838
0.05741605
0.05956936
0.06215002
0.06393600
0.06665209
0.06875543
0.07010965
0.07223780
0.07385132
0.07649880
0.07812881
0.07935923
0.08172422
0.08379725
0.08576932
0.08793503
0.08950180
0.09112409
0.09301464
0.09495943
0.09646323
0.09808481
0.10027694
0.10166351
0.10356498
0.10520999
0.10708832
0.10828935
0.11047040
0.11286306
0.11367428
0.11578501
0.11670675
0.11863029
0.12048747
0.12170463
0.12324448
0.12450373
0.12644880
0.12821965
0.12951172
0.13095188
0.13286168
0.13389852
0.13518993
0.13722461
0.13839137
0.13998201
0.14142530
0.14301398
0.14385972
0.14514177
0.14608571
0.14813656
0.14949965
0.15044960
0.15217499
0.15327216
0.15476200
0.15641631
0.15792706
0.15928236
0.16050805
0.16136781
0.16250365
0.16372612
0.16578324
0.16632039
0.16719161
0.16873658
0.17003108
0.17098859
0.17203511
0.17324235
0.17456477
0.17567484
0.17673078
0.17804054
0.17963485
0.18038066
0.18143873
0.18213020
0.18352182
0.18457608
0.18568336
0.18699051
0.18800712
0.18907779
0.19046341
0.19111166
0.19219597
0.19388883
0.19414676
0.19538916
0.19619127
0.19740395
0.19807117
0.19903367
0.20072146
0.20137387
0.20237064
0.20355447
0.20492987
0.20503366
0.20603405
0.20683421
0.20836107
0.20925986
0.21010386
0.21063596
0.21170581
0.21260417
0.21350454
0.21470002
0.21508555
0.21572285
0.21705646
0.21772872
0.21868753
0.21991032
0.22086704
0.22091545
0.22175887
0.22315844
0.22419251
0.22441059
0.22527618
0.22617413
0.22672498
0.22765881
0.22850076
0.22941500
0.22967246
0.23094975
0.23213684
0.23234517
0.23316265
0.23431334
0.23482712
0.23473953
0.23592112
0.23696120
0.23794760
0.23827866
0.23980827
0.23936764
0.24065403
0.24101375
0.24237928
0.24319752
0.24311631
0.24388541
0.24429692
0.24543289
0.24573233
0.24740612
0.24775537
0.24827253
0.24916325
0.24972981
0.24999185
0.25134458
0.25171787
0.25228358
0.25213714
0.25331996
0.25460083
0.25532182
0.25533057
0.25550307
0.25599368
0.25707862
0.25765321
0.25783700
0.25871990
0.25936222
0.25974101
0.26039075
0.26126882
0.26151648
0.26235766
0.26232483
0.26090972
0.26628924
0.26546195
0.26611181
0.26618196
0.26651397
0.26692436
0.26772664
0.26821707
0.26905124
0.26965308
0.26937406
0.27074500
0.27100839
0.27187955
0.27239488
0.27223129
0.27309408
0.27343039
0.27384394
0.27483863
0.27513778
0.27538264
0.27637246
0.27657061
0.27693911
0.27770691
0.27836974
0.27819008
0.27856599
0.27910480
0.27999345
0.28067551
0.28070317
0.28165517
0.28170765
0.28257720
0.28234089
0.28338349
0.28403804
0.28345120
0.28419970
0.28465343
0.28566413
0.28595408
0.28594668
0.28614812
0.28739841
0.28746533
0.28782948
0.28800035
0.28899629
0.28884558
0.28985399
0.28991992
0.29040928
0.29106372
0.29131163
0.29169245
0.29183730
0.29257523
0.29296662
0.29334696
0.29362061
0.29386902
0.29470157
0.29552731
0.29593184
0.29533331
0.29589811
0.29654879
0.29645222
0.29729168
0.29750476
0.29810239
0.29857473
0.29894691
0.29932563
0.29946218
0.29993509
0.30023995
0.30048285
0.30141545
0.30116375
0.30166044
0.30155653
0.30243645
0.30250656
0.30275834
0.30323938
0.30375060
0.30370615
0.30425007
0.30422554
0.30525762
0.30553613
0.30550824
0.30620943
0.30613009
0.30629118
0.30728054
0.30678672
0.30772008
0.30799392
0.30851108
0.30864604
0.30919295
0.30936760
0.30924282
0.31028136
0.30957693
0.31058289
0.31062601
0.31094608
0.31058005
0.31178473
0.31246997
0.31237912
0.31258246
0.31288626
0.31247426
0.31344716
0.31360707
0.31382379
0.31392834
0.31486928
0.31457597
0.31495318
0.31546715
0.31572035
0.31601817
0.31643731
0.31676880
0.31644028
0.31758419
0.31739819
0.31753638
0.31793361
0.31775144
0.31825775
0.31852321
0.31911383
0.31948097
0.31967377
0.31992230
0.31966024
0.31988552
0.32052774
0.32110117
0.32127256
0.32111431
0.32162983
0.32167454
0.32173683
0.32222730
0.32230858
0.32251777
0.32279877
0.32315991
0.32291690
0.32362455
0.32400844
0.32368468
0.32441186
0.32410972
0.32430388
0.32484321
0.32465635
0.32553277
0.32568216
0.32594600
0.32617477
0.32678418
0.32622000
0.32675378
0.32701328
0.32664186
0.32647353
0.32736498
0.32750697
0.32797651
0.32869526
0.32814929
0.32850033
0.32908516
0.32927922
0.32915591
0.32925934
0.32985421
0.32974826
0.33035080
0.33018030
0.33060468
0.33026022
0.33081322
0.33122504
0.33134845
0.33148020
0.33154121
0.33199306
0.33208069
0.33233955
0.33206363
0.33307193
0.33235740
0.33240784
0.33294099
0.33391506
0.33418775
0.33353248
0.33400707
0.33368823
0.33425356
0.33431454
0.33459159
0.33493735
0.33490020
0.33485066
0.33496268
0.33538504
0.33554386
0.33569208
0.33605637
0.33642678
0.33581861
0.33631583
0.33766978
0.33707963
0.33657508
0.33743465
0.33748791
0.33714507
0.33728412
0.33750530
0.33785362
0.33806215
0.33806472
0.33778837
0.33860284
0.33880171
0.33831011
0.33844269
0.33884148
0.33926026
0.33914779
0.34060834
0.33864889
0.33956455
0.33927975
0.33924566
0.33988719
0.33976912
0.34027150
0.34024968
0.34086010
0.34100030
0.34096905
0.34112488
0.34129349
0.34137293
0.34133658
0.34144756
0.34210467
0.34212165
0.34154831
0.34172281
0.34199801
0.34175922
0.34241279
0.34252825
0.34245023
0.34310256
0.34318888
0.34312894
0.34302805
0.34382025
0.34367801
0.34341529
0.34329648
0.34412028
0.34375950
0.34417873
0.34376316
0.34396926
0.34454523
0.34430495
0.34474642
0.34434342
0.34460917
0.34451192
0.34538540
0.34547569
0.34512886
0.34495993
0.34510851
0.34552703
0.34582860
0.34585721
0.34549267
0.34583802
0.34630863
0.34571371
0.34633582
0.34646263
0.34650389
0.34635215
0.34632893
0.34659744
0.34682798
0.34681941
0.34633217
0.34709574
0.34680715
0.34714977
0.34698889
0.34681987
0.34718508
0.34730597
0.34788495
0.34779514
0.34723861
0.34770238
0.34798952
0.34810765
0.34826475
0.34822907
0.34786749
0.34848865
0.34870748
0.34884200
0.34858811
0.34866094
0.34884953
0.34893315
0.34874229
0.34898553
0.34893325
0.34913717
0.34960532
0.34921052
0.34921333
0.34986662
0.34977929
0.34961966
0.35000758
0.34933762
0.34939763
0.35022941
0.35018162
0.35013722
0.34997159
0.35023984
0.35017992
0.35054403
0.35018675
0.35055189
0.35025074
0.35050592
0.35085283
0.35057174
0.35080204
0.35071505
0.35081992
0.35059866
0.35073298
0.35081939
0.35099587
0.35095053
0.35100104
0.35132072
0.35137809
0.35079898
0.35117333
0.35132020
0.35172067
0.35181201
0.35129342
0.35181411
0.35148545
0.35191840
0.35184683
0.35185360
0.35163429
0.35184981
0.35203470
0.35230665
0.35196218
0.35213577
0.35172562
0.35203441
0.35203208
0.35246961
0.35179527
0.35272248
0.35224872
0.35242714
0.35230143
0.35298590
0.35258810
0.35217755
0.35267512
0.35259614
0.35218723
0.35268759
0.35281117
0.35261036
0.35246519
0.35269468
0.35283354
0.35305479
0.35324591
0.35266687
0.35213788
0.35322358
0.35290456
0.35331716
0.35321861
0.35276000
0.35321073
0.35285932
0.35295341
0.35310197
0.35310628
0.35266257
0.35330445
0.35382374
0.35374047
0.35300674
0.35297169
0.35351394
0.35291850
0.35333121
0.35410243
0.35400400
0.35315225
0.35339403
0.35347154
0.35352101
0.35324826
0.35357443
0.35377248
0.35352744
0.35371272
0.35297759
0.35311554
0.35363586
0.35352527
0.35354822
0.35373177
0.35311444
0.35318252
0.35221826
0.35444830
0.35370108
0.35344273
0.35362087
0.35408171
0.35304310
0.35365259
0.35341903
0.35342271
0.35397500
0.35342271
0.35341903
0.35365259
0.35304310
0.35408171
0.35362087
0.35344273
0.35370108
0.35444830
0.35221826
0.35318252
0.35311444
0.35373177
0.35354822
0.35352527
0.35363586
0.35311554
0.35297759
0.35371272
0.35352744
0.35377248
0.35357443
0.35324826
0.35352101
0.35347154
0.35339403
0.35315225
0.35400400
0.35410243
0.35333121
0.35291850
0.35351394
0.35297169
0.35300674
0.35374047
0.35382374
0.35330445
0.35266257
0.35310628
0.35310197
0.35295341
0.35285932
0.35321073
0.35276000
0.35321861
0.35331716
0.35290456
0.35322358
0.35213788
0.35266687
0.35324591
0.35305479
0.35283354
0.35269468
0.35246519
0.35261036
0.35281117
0.35268759
0.35218723
0.35259614
0.35267512
0.35217755
0.35258810
0.35298590
0.35230143
0.35242714
0.35224872
0.35272248
0.35179527
0.35246961
0.35203208
0.35203441
0.35172562
0.35213577
0.35196218
0.35230665
0.35203470
0.35184981
0.35163429
0.35185360
0.35184683
0.35191840
0.35148545
0.35181411
0.35129342
0.35181201
0.35172067
0.35132020
0.35117333
0.35079898
0.35137809
0.35132072
0.35100104
0.35095053
0.35099587
0.35081939
0.35073298
0.35059866
0.35081992
0.35071505
0.35080204
0.35057174
0.35085283
0.35050592
0.35025074
0.35055189
0.35018675
0.35054403
0.35017992
0.35023984
0.34997159
0.35013722
0.35018162
0.35022941
0.34939763
0.34933762
0.35000758
0.34961966
0.34977929
0.34986662
0.34921333
0.34921052
0.34960532
0.34913717
0.34893325
0.34898553
0.34874229
0.34893315
0.34884953
0.34866094
0.34858811
0.34884200
0.34870748
0.34848865
0.34786749
0.34822907
0.34826475
0.34810765
0.34798952
0.34770238
0.34723861
0.34779514
0.34788495
0.34730597
0.34718508
0.34681987
0.34698889
0.34714977
0.34680715
0.34709574
0.34633217
0.34681941
0.34682798
0.34659744
0.34632893
0.34635215
0.34650389
0.34646263
0.34633582
0.34571371
0.34630863
0.34583802
0.34549267
0.34585721
0.34582860
0.34552703
0.34510851
0.34495993
0.34512886
0.34547569
0.34538540
0.34451192
0.34460917
0.34434342
0.34474642
0.34430495
0.34454523
0.34396926
0.34376316
0.34417873
0.34375950
0.34412028
0.34329648
0.34341529
0.34367801
0.34382025
0.34302805
0.34312894
0.34318888
0.34310256
0.34245023
0.34252825
0.34241279
0.34175922
0.34199801
0.34172281
0.34154831
0.34212165
0.34210467
0.34144756
0.34133658
0.34137293
0.34129349
0.34112488
0.34096905
0.34100030
0.34086010
0.34024968
0.34027150
0.33976912
0.33988719
0.33924566
0.33927975
0.33956455
0.33864889
0.34060834
0.33914779
0.33926026
0.33884148
0.33844269
0.33831011
0.33880171
0.33860284
0.33778837
0.33806472
0.33806215
0.33785362
0.33750530
0.33728412
0.33714507
0.33748791
0.33743465
0.33657508
0.33707963
0.33766978
0.33631583
0.33581861
0.33642678
0.33605637
0.33569208
0.33554386
0.33538504
0.33496268
0.33485066
0.33490020
0.33493735
0.33459159
0.33431454
0.33425356
0.33368823
0.33400707
0.33353248
0.33418775
0.33391506
0.33294099
0.33240784
0.33235740
0.33307193
0.33206363
0.33233955
0.33208069
0.33199306
0.33154121
0.33148020
0.33134845
0.33122504
0.33081322
0.33026022
0.33060468
0.33018030
0.33035080
0.32974826
0.32985421
0.32925934
0.32915591
0.32927922
0.32908516
0.32850033
0.32814929
0.32869526
0.32797651
0.32750697
0.32736498
0.32647353
0.32664186
0.32701328
0.32675378
0.32622000
0.32678418
0.32617477
0.32594600
0.32568216
0.32553277
0.32465635
0.32484321
0.32430388
0.32410972
0.32441186
0.32368468
0.32400844
0.32362455
0.32291690
0.32315991
0.32279877
0.32251777
0.32230858
0.32222730
0.32173683
0.32167454
0.32162983
0.32111431
0.32127256
0.32110117
0.32052774
0.31988552
0.31966024
0.31992230
0.31967377
0.31948097
0.31911383
0.31852321
0.31825775
0.31775144
0.31793361
0.31753638
0.31739819
0.31758419
0.31644028
0.31676880
0.31643731
0.31601817
0.31572035
0.31546715
0.31495318
0.31457597
0.31486928
0.31392834
0.31382379
0.31360707
0.31344716
0.31247426
0.31288626
0.31258246
0.31237912
0.31246997
0.31178473
0.31058005
0.31094608
0.31062601
0.31058289
0.30957693
0.31028136
0.30924282
0.30936760
0.30919295
0.30864604
0.30851108
0.30799392
0.30772008
0.30678672
0.30728054
0.30629118
0.30613009
0.30620943
0.30550824
0.30553613
0.30525762
0.30422554
0.30425007
0.30370615
0.30375060
0.30323938
0.30275834
0.30250656
0.30243645
0.30155653
0.30166044
0.30116375
0.30141545
0.30048285
0.30023995
0.29993509
0.29946218
0.29932563
0.29894691
0.29857473
0.29810239
0.29750476
0.29729168
0.29645222
0.29654879
0.29589811
0.29533331
0.29593184
0.29552731
0.29470157
0.29386902
0.29362061
0.29334696
0.29296662
0.29257523
0.29183730
0.29169245
0.29131163
0.29106372
0.29040928
0.28991992
0.28985399
0.28884558
0.28899629
0.28800035
0.28782948
0.28746533
0.28739841
0.28614812
0.28594668
0.28595408
0.28566413
0.28465343
0.28419970
0.28345120
0.28403804
0.28338349
0.28234089
0.28257720
0.28170765
0.28165517
0.28070317
0.28067551
0.27999345
0.27910480
0.27856599
0.27819008
0.27836974
0.27770691
0.27693911
0.27657061
0.27637246
0.27538264
0.27513778
0.27483863
0.27384394
0.27343039
0.27309408
0.27223129
0.27239488
0.27187955
0.27100839
0.27074500
0.26937406
0.26965308
0.26905124
0.26821707
0.26772664
0.26692436
0.26651397
0.26618196
0.26611181
0.26546195
0.26628924
0.26090972
0.26232483
0.26235766
0.26151648
0.26126882
0.26039075
0.25974101
0.25936222
0.25871990
0.25783700
0.25765321
0.25707862
0.25599368
0.25550307
0.25533057
0.25532182
0.25460083
0.25331996
0.25213714
0.25228358
0.25171787
0.25134458
0.24999185
0.24972981
0.24916325
0.24827253
0.24775537
0.24740612
0.24573233
0.24543289
0.24429692
0.24388541
0.24311631
0.24319752
0.24237928
0.24101375
0.24065403
0.23936764
0.23980827
0.23827866
0.23794760
0.23696120
0.23592112
0.23473953
0.23482712
0.23431334
0.23316265
0.23234517
0.23213684
0.23094975
0.22967246
0.22941500
0.22850076
0.22765881
0.22672498
0.22617413
0.22527618
0.22441059
0.22419251
0.22315844
0.22175887
0.22091545
0.22086704
0.21991032
0.21868753
0.21772872
0.21705646
0.21572285
0.21508555
0.21470002
0.21350454
0.21260417
0.21170581
0.21063596
0.21010386
0.20925986
0.20836107
0.20683421
0.20603405
0.20503366
0.20492987
0.20355447
0.20237064
0.20137387
0.20072146
0.19903367
0.19807117
0.19740395
0.19619127
0.19538916
0.19414676
0.19388883
0.19219597
0.19111166
0.19046341
0.18907779
0.18800712
0.18699051
0.18568336
0.18457608
0.18352182
0.18213020
0.18143873
0.18038066
0.17963485
0.17804054
0.17673078
0.17567484
0.17456477
0.17324235
0.17203511
0.17098859
0.17003108
0.16873658
0.16719161
0.16632039
0.16578324
0.16372612
0.16250365
0.16136781
0.16050805
0.15928236
0.15792706
0.15641631
0.15476200
0.15327216
0.15217499
0.15044960
0.14949965
0.14813656
0.14608571
0.14514177
0.14385972
0.14301398
0.14142530
0.13998201
0.13839137
0.13722461
0.13518993
0.13389852
0.13286168
0.13095188
0.12951172
0.12821965
0.12644880
0.12450373
0.12324448
0.12170463
0.12048747
0.11863029
0.11670675
0.11578501
0.11367428
0.11286306
0.11047040
0.10828935
0.10708832
0.10520999
0.10356498
0.10166351
0.10027694
0.09808481
0.09646323
0.09495943
0.09301464
0.09112409
0.08950180
0.08793503
0.08576932
0.08379725
0.08172422
0.07935923
0.07812881
0.07649880
0.07385132
0.07223780
0.07010965
0.06875543
0.06665209
0.06393600
0.06215002
0.05956936
0.05741605
0.05536838
0.05357062
0.05172468
0.04955760
0.04716526
0.04465559
0.04255232
0.03995104
0.03815779
0.03574074
0.03338804
0.03150060
0.02871916
0.02599584
0.02384447
0.02151817
0.01895668
0.01630071
0.01372173
0.01150787
0.00871184
0.00581745
0.00250805
0.00162418
-0.00192572
-0.00485709
-0.00719625
-0.00951020
-0.01278812
-0.01519965
-0.01850165
-0.02113253
-0.02452243
-0.02744371
-0.02986105
-0.03287435
-0.03609843
-0.03910317
-0.04183056
-0.04509801
-0.04857966
-0.05138733
-0.05632281
-0.05783402
-0.06120477
-0.06421725
-0.06803799
-0.07099079
-0.07482819
-0.07744917
-0.08170001
-0.08491729
-0.08856362
-0.09183857
-0.09558939
-0.09996439
-0.10295918
-0.10689303
-0.11094677
-0.11444069
-0.11811902
-0.12143146
-0.12653309
-0.13072620
-0.13435521
-0.13822841
-0.14223745
-0.14649329
-0.15119838
-0.15507011
-0.15943336
-0.16421905
-0.16811981
-0.17317288
-0.17785689
-0.18235409
-0.18682809
-0.19120133
-0.19572967
-0.20102026
-0.20630376
-0.21116642
-0.21597058
-0.22145652
-0.22655831
-0.23117819
-0.23642294
-0.24252125
-0.24719614
-0.25286290
-0.25816521
-0.26402366
-0.27023385
-0.27532754
-0.28065605
-0.28760513
-0.29316901
-0.29935412
-0.30607814
-0.31149855
-0.31743796
-0.32453543
-0.33133610
-0.33734367
-0.34409394
-0.35152129
-0.35779877
-0.36474511
-0.37210919
-0.37914612
-0.38694067
-0.39351676
-0.40070029
-0.40861172
-0.41608557
-0.42355641
-0.43225663
-0.44018249
-0.44867479
-0.45651184
-0.46542444
-0.47342874
-0.48230660
-0.49135219
-0.49995584
-0.50876262
-0.51892247
-0.52756775
-0.53666773
-0.54642308
-0.55673948
-0.56706943
-0.57687887
-0.58692092
-0.59816250
-0.60781421
-0.61846330
-0.63066040
-0.64164997
-0.65257816
-0.66475697
-0.67592759
-0.68826823
-0.70004646
-0.71257534
-0.72566252
-0.73788885
-0.75136336
-0.76467999
-0.77902225
-0.79240925
-0.80606106
-0.82078978
-0.83530165
-0.85038542
-0.86542852
-0.88079263
-0.89762483
-0.91329946
-0.92973019
-0.94666108
-0.96330555
-0.98095238
-0.99893997
-1.01723182
-1.03563098
-1.05412997
-1.07417735
-1.09426394
-1.11411947
-1.13504803
-1.15655518
-1.17774262
-1.20012494
-1.22208011
-1.24576351
-1.26976089
-1.29397387
-1.31823619
-1.34449451
-1.37055356
-1.39671067
-1.42436864
-1.45201918
-1.48052495
-1.51029058
-1.54089088
-1.57208925
-1.60354146
-1.63633734
-1.67005192
-1.70512364
-1.74090531
-1.77689172
-1.81450479
-1.85284049
-1.89265499
-1.93424776
-1.97629698
-2.01964384
-2.06419249
-2.11084452
-2.15948209
-2.20780257
-2.25901937
-2.31124993
-2.36599652
-2.42283775
-2.48107312
-2.54094584
-2.60350939
-2.66857419
-2.73592447
-2.80602218
-2.87798484
-2.95359100
-3.03271917
-3.11422894
-3.19913047
-3.28813698
-3.38037238
-3.47678158
-3.57830003
-3.68326640
-3.79392366
-3.91049048
-4.03229475
-4.15977502
-4.29481235
-4.43637615
-4.58615961
-4.74375306
-4.91037411
-5.08815030
-5.27503867
-5.47468376
-5.68736153
-5.91385716
-6.15617730
-6.41594526
-6.69465873
-6.99463130
-7.31980822
-7.66989773
-8.05151329
-8.46818206
-8.92350736
-9.42486658
-9.97659197
-10.59043100
-11.27552784
-12.04527135
-12.91593078
-13.90812198
-15.05067913
-16.37948298
-17.94361737
-19.81243997
-22.08307021
-24.90222581
-28.49413580
-33.22675206
-39.74508883
-49.29248091
-64.62135615
-93.25343267
-165.77437168
-713.91161993
315.27531286
130.10704425
82.35632317
60.45399567
47.88371312
39.72981587
34.01312633
29.78316674
26.52749525
23.94441414
21.84503806
20.10560787
18.64083281
17.39095447
16.31188622
15.37100514
14.54427444
13.81050198
13.15627380
12.56789787
12.03861805
11.55802925
11.12001549
10.71944593
10.35236914
10.01400590
9.70161551
9.41162820
9.14269706
8.89310188
8.65931409
8.44054324
8.23542515
8.04408976
7.86304031
7.69324162
7.53236601
7.38112882
7.23877919
7.10202254
6.97361208
6.85122756
6.73521635
6.62495865
6.51975335
6.41971836
6.32410594
6.23281275
6.14639973
6.06278632
5.98376838
5.90751630
5.83514938
5.76449421
5.69801633
5.63399585
5.57268383
5.51428312
5.45710584
5.40254191
5.35050130
5.30016128
5.25214223
5.20601051
5.16122761
5.11886109
5.07687098
5.03808175
5.00009990
4.96347056
4.92786713
4.89319533
4.86144718
4.82957505
4.79972733
4.77091954
4.74397674
4.71624833
4.69081077
4.66637645
4.64260302
4.62089375
4.59870840
4.57796858
4.55802648
4.53842961
4.52101720
4.50360596
4.48688184
4.47133831
4.45675270
4.44289958
4.42900214
4.41629945
4.40471523
4.39321011
4.38339801
4.37347050
4.36375835
4.35585256
4.34750128
4.34078595
4.33350682
4.32824823
4.32308471
4.31885658
4.31405240
4.31081194
4.30851372
4.30598457
4.30425129
4.30357010
