4.30331500 0.00000000 4.30331500 0.00000000
4.30357010 0.02417719 4.30363801 0.00561788
4.30425129 0.04892400 4.30452933 0.01136595
4.30598457 0.07330352 4.30660847 0.01702199
4.30851372 0.09735022 4.30961338 0.02259101
4.31081194 0.12234789 4.31254781 0.02837402
4.31405240 0.14658408 4.31654202 0.03396521
4.31885658 0.17132299 4.32225332 0.03964781
4.32308471 0.19623910 4.32753638 0.04536216
4.32824823 0.22116159 4.33389492 0.05105285
4.33350682 0.24597114 4.34048191 0.05669946
4.34078595 0.27140452 4.34926236 0.06244300
4.34750128 0.29622876 4.35758176 0.06803255
4.35585256 0.32129281 4.36768596 0.07362784
4.36375835 0.34693305 4.37752778 0.07933639
4.37347050 0.37259378 4.38931319 0.08498886
4.38339801 0.39782375 4.40141362 0.09050897
4.39321011 0.42374254 4.41359862 0.09615651
4.40471523 0.45044836 4.42768788 0.10191076
4.41629945 0.47706775 4.44199217 0.10760705
4.42900214 0.50395535 4.45758129 0.11329802
4.44289958 0.53057346 4.47446811 0.11885765
4.45675270 0.55761266 4.49150048 0.12446956
4.47133831 0.58546072 4.50950446 0.13019568
4.48688184 0.61334369 4.52860896 0.13585507
4.50360596 0.64118722 4.54902052 0.14142155
4.52101720 0.66899757 4.57024664 0.14690893
4.53842961 0.69844864 4.59185952 0.15269855
4.55802648 0.72779299 4.61576516 0.15833624
4.57796858 0.75692226 4.64012151 0.16385779
4.59870840 0.78736669 4.66562592 0.16957054
4.62089375 0.81794426 4.69272755 0.17519524
4.64260302 0.84846265 4.71949697 0.18076097
4.66637645 0.87979764 4.74859064 0.18635224
4.69081077 0.91170902 4.77858965 0.19196727
4.71624833 0.94375228 4.80974705 0.19749803
4.74397674 0.97644797 4.84342502 0.20299403
4.77091954 1.01063292 4.87678708 0.20874606
4.79972733 1.04513665 4.91219839 0.21440238
4.82957505 1.07935018 4.94871619 0.21987446
4.86144718 1.11467287 4.98760106 0.22539232
4.89319533 1.15079111 5.02669680 0.23098436
4.92786713 1.18780244 5.06899882 0.23652606
4.96347056 1.22537596 5.11249316 0.24203897
5.00009990 1.26426118 5.15745628 0.24765656
5.03808175 1.30353203 5.20398535 0.25318353
5.07687098 1.34384811 5.25171845 0.25876546
5.11886109 1.38525595 5.30298717 0.26428775
5.16122761 1.42773611 5.35506311 0.26987841
5.20601051 1.47081268 5.40979070 0.27534585
5.25214223 1.51577203 5.46649457 0.28096621
5.30016128 1.56110358 5.52528315 0.28643910
5.35050130 1.60757892 5.58678568 0.29187315
5.40254191 1.65662789 5.65082959 0.29753607
5.45710584 1.70581325 5.71749971 0.30296294
5.51428312 1.75640770 5.78725205 0.30835955
5.57268383 1.80946038 5.85909139 0.31396215
5.63399585 1.86370725 5.93424923 0.31946585
5.69801633 1.91984109 6.01275144 0.32498539
5.76449421 1.97713541 6.09413307 0.33041182
5.83514938 2.03718474 6.18054123 0.33589330
5.90751630 2.09818619 6.26906167 0.34127521
5.98376838 2.16245192 6.36252169 0.34678229
6.06278632 2.22776135 6.45912522 0.35213374
6.14639973 2.29680312 6.56151919 0.35761526
6.23281275 2.36798819 6.66748250 0.36307962
6.32410594 2.44183577 6.77915023 0.36848004
6.41971836 2.51888232 6.89619837 0.37390849
6.51975335 2.59853695 7.01851680 0.37926757
6.62495865 2.68234217 7.14737970 0.38470993
6.73521635 2.76880938 7.28213187 0.39003373
6.85122756 2.85979740 7.42413363 0.39542762
6.97361208 2.95561438 7.57409545 0.40087782
7.10202254 3.05501388 7.73122461 0.40623402
7.23877919 3.15989593 7.89840911 0.41159038
7.38112882 3.26944024 8.07281253 0.41697221
7.53236601 3.38485729 8.25795354 0.42233409
7.69324162 3.50592985 8.45443734 0.42759680
7.86304031 3.63428402 8.66229896 0.43295162
8.04408976 3.77038068 8.88387025 0.43830737
8.23542515 3.91406167 9.11822933 0.44366971
8.44054324 4.06612515 9.36889235 0.44893106
8.65931409 4.22766456 9.63622687 0.45418060
8.89310188 4.40032226 9.92220223 0.45948036
9.14269706 4.58457446 10.22776771 0.46480423
9.41162820 4.78219328 10.55689907 0.47011884
9.70161551 4.99373172 10.91140229 0.47536361
10.01400590 5.22130203 11.29346311 0.48062062
10.35236914 5.46669231 11.70710347 0.48584433
10.71944593 5.73335455 12.15639237 0.49114165
11.12001549 6.02231895 12.64606935 0.49635164
11.55802925 6.33737523 13.18144017 0.50154426
12.03861805 6.68290848 13.76915358 0.50676757
12.56789787 7.06393577 14.41704704 0.51205655
13.15627380 7.48344548 15.13570271 0.51717135
13.81050198 7.95048049 15.93549826 0.52234793
14.54427444 8.47359045 16.83263658 0.52753206
15.37100514 9.06259652 17.84372311 0.53273019
16.31188622 9.73073220 18.99380902 0.53787329
17.39095447 10.49649610 20.31309252 0.54303353
18.64083281 11.38215150 21.84110850 0.54817949
20.10560787 12.41915465 23.63198828 0.55332979
21.84503806 13.64832998 25.75815597 0.55844067
23.94441414 15.13087988 28.32452108 0.56355781
26.52749525 16.95406051 31.48250581 0.56868351
29.78316674 19.24908494 35.46215295 0.57377508
34.01312633 22.22849336 40.63248307 0.57885060
39.72981587 26.25427138 47.62084663 0.58394423
47.88371312 31.99280465 57.58810234 0.58901874
60.45399567 40.83519255 72.95339981 0.59407625
82.35632317 56.23781908 99.72590567 0.59912958
130.10704425 89.80926689 158.09347672 0.60416731
315.27531286 219.97840006 384.43337445 0.60920374
-713.91161993 -503.47037155 873.58583785 -2.52736666
-165.77437168 -118.15769094 203.57402151 -2.52235277
-93.25343267 -67.17397399 114.92843637 -2.51734715
-64.62135615 -47.04076931 79.92967939 -2.51235705
-49.29248091 -36.25970126 61.19243915 -2.50736942
-39.74508883 -29.54206640 49.52177070 -2.50240078
-33.22675206 -24.95450262 41.55411235 -2.49742853
-28.49413580 -21.62160412 35.76883476 -2.49247764
-24.90222581 -19.09112466 31.37820726 -2.48752464
-22.08307021 -17.10377152 27.93207816 -2.48258276
-19.81243997 -15.50158324 25.15614956 -2.47766559
-17.94361737 -14.18209796 22.87149551 -2.47275127
-16.37948298 -13.07750299 20.95968862 -2.46782347
-15.05067913 -12.13748056 19.33497806 -2.46293676
-13.90812198 -11.32877054 17.93814090 -2.45804641
-12.91593078 -10.62544007 16.72486904 -2.45318560
-12.04527135 -10.00847582 15.66071997 -2.44828922
-11.27552784 -9.46155854 14.71932804 -2.44344704
-10.59043100 -8.97469887 13.88173074 -2.43858976
-9.97659197 -8.53862443 13.13166000 -2.43370300
-9.42486658 -8.14358488 12.45576512 -2.42899642
-8.92350736 -7.78660718 11.84315139 -2.42412645
-8.46818206 -7.46134872 11.28635602 -2.41931599
-8.05151329 -7.16302286 10.77663040 -2.41452571
-7.66989773 -6.88991729 10.31010628 -2.40971410
-7.31980822 -6.63797893 9.88141471 -2.40500507
-6.99463130 -6.40465025 9.48390277 -2.40019687
-6.69465873 -6.18867856 9.11691823 -2.39544831
-6.41594526 -5.98780205 8.77599721 -2.39069804
-6.15617730 -5.80080817 8.45859885 -2.38590637
-5.91385716 -5.62555505 8.16214286 -2.38117342
-5.68736153 -5.46120119 7.88484621 -2.37647776
-5.47468376 -5.30716409 7.62483789 -2.37173044
-5.27503867 -5.16152390 7.38020067 -2.36707070
-5.08815030 -5.02452909 7.15088569 -2.36248564
-4.91037411 -4.89573468 6.93397375 -2.35768738
-4.74375306 -4.77394255 6.73006096 -2.35302257
-4.58615961 -4.65748155 6.53643590 -2.34847886
-4.43637615 -4.54756538 6.35309249 -2.34381868
-4.29481235 -4.44451005 6.18054065 -2.33906695
-4.15977502 -4.34472590 6.01501217 -2.33445051
-4.03229475 -4.24964239 5.85823022 -2.32995694
-3.91049048 -4.16000920 5.70943187 -2.32528695
-3.79392366 -4.07392301 5.56692962 -2.32062170
-3.68326640 -3.99164184 5.43135858 -2.31603640
-3.57830003 -3.91279791 5.30228428 -2.31157141
-3.47678158 -3.83719091 5.17803479 -2.30695749
-3.38037238 -3.76524786 5.06004040 -2.30238475
-3.28813698 -3.69530731 4.94642709 -2.29795534
-3.19913047 -3.62895612 4.83774310 -2.29332779
-3.11422894 -3.56439574 4.73321655 -2.28889218
-3.03271917 -3.50345839 4.63374646 -2.28429806
-2.95359100 -3.44403517 4.53707814 -2.27968380
-2.87798484 -3.38673809 4.44441128 -2.27516309
-2.80602218 -3.33170393 4.35591685 -2.27075536
-2.73592447 -3.27830283 4.26995927 -2.26625524
-2.66857419 -3.22706633 4.18751063 -2.26174665
-2.60350939 -3.17743217 4.10783840 -2.25724032
-2.54094584 -3.12980430 4.03138695 -2.25272397
-2.48107312 -3.08257439 3.95701765 -2.24850002
-2.42283775 -3.03739443 3.88534525 -2.24411479
-2.36599652 -2.99347704 3.81560537 -2.23964632
-2.31124993 -2.95164001 3.74887383 -2.23510944
-2.25901937 -2.91033808 3.68418732 -2.23085887
-2.20780257 -2.87103009 3.62176835 -2.22634267
-2.15948209 -2.83249508 3.56179608 -2.22218360
-2.11084452 -2.79525432 3.50272913 -2.21758717
-2.06419249 -2.75923286 3.44590432 -2.21308274
-2.01964384 -2.72331516 3.39048768 -2.20890762
-1.97629698 -2.68881405 3.33698528 -2.20463262
-1.93424776 -2.65542304 3.28520713 -2.20033877
-1.89265499 -2.62300367 3.23454652 -2.19584613
-1.85284049 -2.59055993 3.18496760 -2.19166935
-1.81450479 -2.56038980 3.13815608 -2.18732608
-1.77689172 -2.53000609 3.09164601 -2.18308236
-1.74090531 -2.50041415 3.04677242 -2.17899891
-1.70512364 -2.47222080 3.00321866 -2.17458507
-1.67005192 -2.44342138 2.95962523 -2.17035500
-1.63633734 -2.41685263 2.91869432 -2.16595505
-1.60354146 -2.39018372 2.87825006 -2.16171451
-1.57208925 -2.36423007 2.83919855 -2.15760790
-1.54089088 -2.33849630 2.80051953 -2.15341932
-1.51029058 -2.31452749 2.76369592 -2.14894561
-1.48052495 -2.29028607 2.72715317 -2.14466251
-1.45201918 -2.26580337 2.69113816 -2.14070575
-1.42436864 -2.24264557 2.65674334 -2.13664609
-1.39671067 -2.22050103 2.62324713 -2.13227188
-1.37055356 -2.19807759 2.59035947 -2.12833336
-1.34449451 -2.17730854 2.55897205 -2.12398635
-1.31823619 -2.15503559 2.52624723 -2.11977469
-1.29397387 -2.13460555 2.49617893 -2.11575396
-1.26976089 -2.11433476 2.46631389 -2.11161915
-1.24576351 -2.09384740 2.43641615 -2.10750455
-1.22208011 -2.07433356 2.40755882 -2.10319485
-1.20012494 -2.05554983 2.38024893 -2.09925334
-1.17774262 -2.03633870 2.35239304 -2.09515419
-1.15655518 -2.01866303 2.32650388 -2.09107451
-1.13504803 -1.99994656 2.29959133 -2.08700553
-1.11411947 -1.98198038 2.27365530 -2.08290040
-1.09426394 -1.96446742 2.24867646 -2.07901952
-1.07417735 -1.94790334 2.22445149 -2.07475448
-1.05412997 -1.93062770 2.19966209 -2.07056622
-1.03563098 -1.91432690 2.17650614 -2.06669547
-1.01723182 -1.89762484 2.15307701 -2.06287042
-0.99893997 -1.88207864 2.13075129 -2.05875133
-0.98095238 -1.86653726 2.10860829 -2.05467176
-0.96330555 -1.85131237 2.08693916 -2.05058052
-0.94666108 -1.83634122 2.06599039 -2.04677860
-0.92973019 -1.82170164 2.04523718 -2.04270039
-0.91329946 -1.80700017 2.02468899 -2.03877292
-0.89762483 -1.79306966 2.00520052 -2.03493013
-0.88079263 -1.77841684 1.98458109 -2.03065103
-0.86542852 -1.76463298 1.96542516 -2.02675847
-0.85038542 -1.75159033 1.94710659 -2.02277139
-0.83530165 -1.73788638 1.92820588 -2.01883817
-0.82078978 -1.72458167 1.90994183 -2.01500774
-0.80606106 -1.71183122 1.89211537 -2.01087487
-0.79240925 -1.69852640 1.87427435 -2.00730919
-0.77902225 -1.68650540 1.85773414 -2.00351453
-0.76467999 -1.67337059 1.83981103 -1.99943129
-0.75136336 -1.66107535 1.82310675 -1.99559077
-0.73788885 -1.64910547 1.80666234 -1.99152593
-0.72566252 -1.63689274 1.79053174 -1.98807886
-0.71257534 -1.62581157 1.77511320 -1.98386882
-0.70004646 -1.61429966 1.75955348 -1.97997355
-0.68826823 -1.60312639 1.74462815 -1.97632773
-0.67592759 -1.59161905 1.72919904 -1.97239527
-0.66475697 -1.58076438 1.71485213 -1.96887375
-0.65257816 -1.56989094 1.70012230 -1.96474964
-0.64164997 -1.55903799 1.68591641 -1.96123507
-0.63066040 -1.54895211 1.67241896 -1.95745378
-0.61846330 -1.53780033 1.65750618 -1.95317543
-0.60781421 -1.52753782 1.64402248 -1.94949495
-0.59816250 -1.51779231 1.63140794 -1.94620649
-0.58692092 -1.50763707 1.61785218 -1.94204341
-0.57687887 -1.49768891 1.60494901 -1.93846138
-0.56706943 -1.48869273 1.59303916 -1.93474501
-0.55673948 -1.47843306 1.57978579 -1.93094624
-0.54642308 -1.46922813 1.56754888 -1.92685667
-0.53666773 -1.45966737 1.55519809 -1.92312033
-0.52756775 -1.45048799 1.54345170 -1.91963892
-0.51892247 -1.44126657 1.53183872 -1.91639276
-0.50876262 -1.43223516 1.51991347 -1.91211640
-0.49995584 -1.42337071 1.50862190 -1.90858234
-0.49135219 -1.41478342 1.49767791 -1.90506246
-0.48230660 -1.40538159 1.48583884 -1.90138748
-0.47342874 -1.39723016 1.47525824 -1.89748906
-0.46542444 -1.38840600 1.46433982 -1.89424585
-0.45651184 -1.37996335 1.45351364 -1.89027819
-0.44867479 -1.37172724 1.44324103 -1.88691511
-0.44018249 -1.36457224 1.43381241 -1.88283705
-0.43225663 -1.35582962 1.42306702 -1.87942251
-0.42355641 -1.34789213 1.41287410 -1.87526208
-0.41608557 -1.33980327 1.40292552 -1.87191027
-0.40861172 -1.33222304 1.39347830 -1.86840150
-0.40070029 -1.32458366 1.38386510 -1.86455462
-0.39351676 -1.31725989 1.37478328 -1.86109574
-0.38694067 -1.30997485 1.36592723 -1.85800943
-0.37914612 -1.30238662 1.35645224 -1.85408325
-0.37210919 -1.29422876 1.34666007 -1.85075930
-0.36474511 -1.28738238 1.33805545 -1.84688383
-0.35779877 -1.27935233 1.32844358 -1.84350066
-0.35152129 -1.27317363 1.32080972 -1.84018349
-0.34409394 -1.26582654 1.31176121 -1.83621621
-0.33734367 -1.25900041 1.30341198 -1.83259240
-0.33133610 -1.25212594 1.29522314 -1.82948587
-0.32453543 -1.24474671 1.28635828 -1.82584249
-0.31743796 -1.23818426 1.27822812 -1.82176477
-0.31149855 -1.23166409 1.27044393 -1.81851070
-0.30607814 -1.22511319 1.26276924 -1.81562121
-0.29935412 -1.21852088 1.25475337 -1.81169564
-0.29316901 -1.21232247 1.24726655 -1.80806552
-0.28760513 -1.20569012 1.23951820 -1.80496021
-0.28065605 -1.19959698 1.23199056 -1.80062117
-0.27532754 -1.19274189 1.22410722 -1.79765839
-0.27023385 -1.18770569 1.21806040 -1.79451369
-0.26402366 -1.18018284 1.20935521 -1.79088659
-0.25816521 -1.17467545 1.20271015 -1.78713275
-0.25286290 -1.16815122 1.19520581 -1.78397156
-0.24719614 -1.16288997 1.18887300 -1.78024920
-0.24252125 -1.15666879 1.18182031 -1.77747451
-0.23642294 -1.15095003 1.17498161 -1.77339361
-0.23117819 -1.14495888 1.16806430 -1.77002736
-0.22655831 -1.13941384 1.16171966 -1.76707394
-0.22145652 -1.13325135 1.15468680 -1.76378125
-0.21597058 -1.12767312 1.14816808 -1.76002373
-0.21116642 -1.12170261 1.14140615 -1.75687379
-0.20630376 -1.11679793 1.13569312 -1.75346501
-0.20102026 -1.11053562 1.12858252 -1.74986932
-0.19572967 -1.10567645 1.12286709 -1.74600377
-0.19120133 -1.10041594 1.11690339 -1.74283246
-0.18682809 -1.09467450 1.11050304 -1.73983759
-0.18235409 -1.08932139 1.10447911 -1.73665994
-0.17785689 -1.08399948 1.09849349 -1.73342204
-0.17317288 -1.07915575 1.09296202 -1.72991051
-0.16811981 -1.07425350 1.08732923 -1.72603632
-0.16421905 -1.06863544 1.08117973 -1.72327525
-0.15943336 -1.06337281 1.07525845 -1.71961954
-0.15507011 -1.05837948 1.06967933 -1.71627775
-0.15119838 -1.05361087 1.06440444 -1.71332818
-0.14649329 -1.04871375 1.05889604 -1.70958678
-0.14223745 -1.04401475 1.05365948 -1.70620349
-0.13822841 -1.03870278 1.04785999 -1.70309690
-0.13435521 -1.03444562 1.04313425 -1.69995467
-0.13072620 -1.02913340 1.03740296 -1.69714517
-0.12653309 -1.02526792 1.03304643 -1.69359006
-0.12143146 -1.01971476 1.02691956 -1.68932191
-0.11811902 -1.01501362 1.02186337 -1.68664710
-0.11444069 -1.01051534 1.01697488 -1.68356568
-0.11094677 -1.00640576 1.01250271 -1.68059357
-0.10689303 -1.00193070 1.00761662 -1.67708134
-0.10295918 -0.99670212 1.00200584 -1.67373108
-0.09996439 -0.99254232 0.99756360 -1.67117334
-0.09558939 -0.98862901 0.99323947 -1.66718553
-0.09183857 -0.98400956 0.98828596 -1.66385772
-0.08856362 -0.97859947 0.98259881 -1.66105083
-0.08491729 -0.97507579 0.97876644 -1.65766504
-0.08170001 -0.97089469 0.97432613 -1.65474774
-0.07744917 -0.96652646 0.96962455 -1.65075693
-0.07482819 -0.96195516 0.96486112 -1.64842761
-0.07099079 -0.95787913 0.96050618 -1.64477356
-0.06803799 -0.95318280 0.95560798 -1.64205526
-0.06421725 -0.94946370 0.95163290 -1.63832877
-0.06120477 -0.94523764 0.94721709 -1.63545673
-0.05783402 -0.94128799 0.94306301 -1.63216055
-0.05632281 -0.93087748 0.93257983 -1.63122773
-0.05138733 -0.93444174 0.93585363 -1.62573354
-0.04857966 -0.92967105 0.93093944 -1.62300352
-0.04509801 -0.92604052 0.92713800 -1.61945771
-0.04183056 -0.92220517 0.92315338 -1.61612454
-0.03910317 -0.91750964 0.91834253 -1.61338937
-0.03609843 -0.91363224 0.91434510 -1.61028668
-0.03287435 -0.90969442 0.91028823 -1.60691840
-0.02986105 -0.90678517 0.90727671 -1.60371510
-0.02744371 -0.90262409 0.90304120 -1.60119132
-0.02452243 -0.89847334 0.89880793 -1.59808300
-0.02113253 -0.89487656 0.89512605 -1.59440696
-0.01850165 -0.89123395 0.89142597 -1.59155293
-0.01519965 -0.88761598 0.88774611 -1.58791879
-0.01278812 -0.88371676 0.88380928 -1.58526616
-0.00951020 -0.88018160 0.88023298 -1.58160073
-0.00719625 -0.87669089 0.87672043 -1.57900457
-0.00485709 -0.87273690 0.87275041 -1.57636162
-0.00192572 -0.86943566 0.86943780 -1.57301124
0.00162418 -0.86594056 0.86594209 -1.56892071
0.00250805 -0.86244776 0.86245141 -1.56788827
0.00581745 -0.85906217 0.85908187 -1.56402457
0.00871184 -0.85581809 0.85586243 -1.56061713
0.01150787 -0.85191051 0.85198823 -1.55728884
0.01372173 -0.84888912 0.84900002 -1.55463340
0.01630071 -0.84506401 0.84522121 -1.55150940
0.01895668 -0.84227939 0.84249268 -1.54829372
0.02151817 -0.83816311 0.83843928 -1.54512896
0.02384447 -0.83559197 0.83593212 -1.54226805
0.02599584 -0.83242988 0.83283569 -1.53957760
0.02871916 -0.82861569 0.82911323 -1.53615099
0.03150060 -0.82511257 0.82571365 -1.53263752
0.03338804 -0.82223705 0.82291466 -1.53021228
0.03574074 -0.81848139 0.81926137 -1.52715692
0.03815779 -0.81603750 0.81692914 -1.52407051
0.03995104 -0.81250376 0.81348537 -1.52166561
0.04255232 -0.80908586 0.81020407 -1.51825166
0.04465559 -0.80620853 0.80744432 -1.51546324
0.04716526 -0.80313060 0.80451434 -1.51213694
0.04955760 -0.80036628 0.80189908 -1.50895663
0.05172468 -0.79657048 0.79824807 -1.50595314
0.05357062 -0.79344243 0.79524883 -1.50338194
0.05536838 -0.79135650 0.79329110 -1.50094374
0.05741605 -0.78752088 0.78961114 -1.49801775
0.05956936 -0.78417217 0.78643150 -1.49497730
0.06215002 -0.78186478 0.78433103 -1.49147364
0.06393600 -0.77859417 0.78121488 -1.48886293
0.06665209 -0.77562124 0.77847981 -1.48507311
0.06875543 -0.77284872 0.77590106 -1.48206629
0.07010965 -0.77008527 0.77327012 -1.48000521
0.07223780 -0.76678118 0.77017639 -1.47686442
0.07385132 -0.76396995 0.76753118 -1.47442792
0.07649880 -0.76145704 0.76529007 -1.47066858
0.07812881 -0.75854942 0.76256235 -1.46816059
0.07935923 -0.75565740 0.75981313 -1.46615977
0.08172422 -0.75301931 0.75744104 -1.46269072
0.08379725 -0.75021849 0.75488394 -1.45956027
0.08576932 -0.74712954 0.75203652 -1.45649822
0.08793503 -0.74408950 0.74926747 -1.45316389
0.08950180 -0.74166275 0.74704364 -1.45069984
0.09112409 -0.73871109 0.74431020 -1.44806084
0.09301464 -0.73599407 0.74184837 -1.44508318
0.09495943 -0.73382030 0.73993887 -1.44210726
0.09646323 -0.73064201 0.73698229 -1.43953020
0.09808481 -0.72777671 0.73435657 -1.43683033
0.10027694 -0.72555262 0.73244936 -1.43345869
0.10166351 -0.72296070 0.73007373 -1.43109130
0.10356498 -0.71987801 0.72728952 -1.42791208
0.10520999 -0.71770992 0.72538037 -1.42524178
0.10708832 -0.71462762 0.72260677 -1.42205120
0.10828935 -0.71211196 0.72029857 -1.41988463
0.11047040 -0.71003173 0.71857412 -1.41644864
0.11286306 -0.70695303 0.71590548 -1.41248509
0.11367428 -0.70460093 0.71371164 -1.41084314
0.11578501 -0.70167420 0.71116303 -1.40725755
0.11670675 -0.69920682 0.70887985 -1.40540793
0.11863029 -0.69659110 0.70662034 -1.40211346
0.12048747 -0.69483450 0.70520367 -1.39909911
0.12170463 -0.69247052 0.70308423 -1.39681893
0.12324448 -0.69009655 0.70101530 -1.39406929
0.12450373 -0.68676109 0.69795557 -1.39145301
0.12644880 -0.68491946 0.69649405 -1.38823347
0.12821965 -0.68212183 0.69406806 -1.38499267
0.12951172 -0.67971691 0.69194535 -1.38251543
0.13095188 -0.67735528 0.68989751 -1.37982411
0.13286168 -0.67508981 0.68803959 -1.37647386
0.13389852 -0.67262125 0.68581934 -1.37429543
0.13518993 -0.67055935 0.68405129 -1.37185538
0.13722461 -0.66810750 0.68205442 -1.36822060
0.13839137 -0.66515807 0.67940226 -1.36566496
0.13998201 -0.66363453 0.67823724 -1.36291131
0.14142530 -0.66072962 0.67569575 -1.35993398
0.14301398 -0.65846428 0.67381615 -1.35692480
0.14385972 -0.65652852 0.67210514 -1.35508383
0.14514177 -0.65351692 0.66944044 -1.35225018
0.14608571 -0.65200267 0.66816803 -1.35037970
0.14813656 -0.64974251 0.66641561 -1.34663520
0.14949965 -0.64709549 0.66414058 -1.34374817
0.15044960 -0.64457660 0.66190187 -1.34149320
0.15217499 -0.64230685 0.66008736 -1.33816614
0.15327216 -0.64088368 0.65895693 -1.33604808
0.15476200 -0.63827051 0.65676520 -1.33291637
0.15641631 -0.63588439 0.65483969 -1.32960258
0.15792706 -0.63374202 0.65312319 -1.32657290
0.15928236 -0.63152558 0.65130287 -1.32373087
0.16050805 -0.62977985 0.64991192 -1.32124528
0.16136781 -0.62737451 0.64779499 -1.31904216
0.16250365 -0.62528525 0.64605656 -1.31653389
0.16372612 -0.62279094 0.64395248 -1.31372226
0.16578324 -0.62085015 0.64260330 -1.30985832
0.16632039 -0.61866836 0.64063485 -1.30816963
0.16719161 -0.61674992 0.63900978 -1.30607355
0.16873658 -0.61414656 0.63690504 -1.30266283
0.17003108 -0.61192660 0.63511002 -1.29977140
0.17098859 -0.61036356 0.63386179 -1.29765576
0.17203511 -0.60848244 0.63233453 -1.29525961
0.17324235 -0.60635049 0.63061385 -1.29249765
0.17456477 -0.60462230 0.62931787 -1.28972274
0.17567484 -0.60200947 0.62711805 -1.28686637
0.17673078 -0.59998356 0.62547106 -1.28433838
0.17804054 -0.59766876 0.62362359 -1.28127491
0.17963485 -0.59600218 0.62248476 -1.27805594
0.18038066 -0.59435668 0.62112563 -1.27614177
0.18143873 -0.59185205 0.61903866 -1.27333122
0.18213020 -0.59001619 0.61748726 -1.27138918
0.18352182 -0.58826621 0.61622837 -1.26839374
0.18457608 -0.58614328 0.61451792 -1.26572716
0.18568336 -0.58417326 0.61297366 -1.26303884
0.18699051 -0.58205753 0.61135621 -1.25995285
0.18800712 -0.58037101 0.61006327 -1.25752075
0.18907779 -0.57783713 0.60798533 -1.25456107
0.19046341 -0.57634186 0.60699774 -1.25162542
0.19111166 -0.57482698 0.60576375 -1.24982464
0.19219597 -0.57250742 0.60390731 -1.24690908
0.19388883 -0.57067408 0.60271202 -1.24327829
0.19414676 -0.56860614 0.60083767 -1.24176464
0.19538916 -0.56679176 0.59952467 -1.23882560
0.19619127 -0.56520279 0.59828522 -1.23669255
0.19740395 -0.56279339 0.59640985 -1.23344692
0.19807117 -0.56100301 0.59494249 -1.23139259
0.19903367 -0.55953951 0.59388455 -1.22904394
0.20072146 -0.55708782 0.59214520 -1.22497087
0.20137387 -0.55574041 0.59109969 -1.22315980
0.20237064 -0.55447777 0.59025374 -1.22084335
0.20355447 -0.55173990 0.58809127 -1.21735619
0.20492987 -0.54991820 0.58686138 -1.21408296
0.20503366 -0.54847879 0.58554913 -1.21305847
0.20603405 -0.54678236 0.58431240 -1.21043816
0.20683421 -0.54479194 0.58273377 -1.20794886
0.20836107 -0.54303321 0.58163511 -1.20442141
0.20925986 -0.54117273 0.58022203 -1.20182648
0.21010386 -0.53896308 0.57846766 -1.19908801
0.21063596 -0.53739001 0.57719627 -1.19723921
0.21170581 -0.53558203 0.57590578 -1.19436400
0.21260417 -0.53371767 0.57450420 -1.19171683
0.21350454 -0.53232925 0.57354914 -1.18936262
0.21470002 -0.53040708 0.57221305 -1.18617308
0.21508555 -0.52868083 0.57075846 -1.18441215
0.21572285 -0.52700624 0.56944879 -1.18226731
0.21705646 -0.52519567 0.56828162 -1.17888850
0.21772872 -0.52330748 0.56679494 -1.17651995
0.21868753 -0.52139763 0.56540227 -1.17365667
0.21991032 -0.51970887 0.56432071 -1.17050101
0.22086704 -0.51813306 0.56324428 -1.16784644
0.22091545 -0.51687662 0.56210771 -1.16689071
0.22175887 -0.51447821 0.56023640 -1.16382386
0.22315844 -0.51314809 0.55957184 -1.16058609
0.22419251 -0.51137213 0.55835808 -1.15761930
0.22441059 -0.51018651 0.55736019 -1.15640683
0.22527618 -0.50815264 0.55584931 -1.15350815
0.22617413 -0.50646423 0.55467175 -1.15079451
0.22672498 -0.50492569 0.55349270 -1.14875232
0.22765881 -0.50333639 0.55242742 -1.14603177
0.22850076 -0.50196248 0.55152418 -1.14361422
0.22941500 -0.49968600 0.54983392 -1.14038552
0.22967246 -0.49827060 0.54865565 -1.13888267
0.23094975 -0.49730111 0.54831212 -1.13602695
0.23213684 -0.49501864 0.54674580 -1.13229936
0.23234517 -0.49355089 0.54550597 -1.13081123
0.23316265 -0.49211058 0.54455270 -1.12832644
0.23431334 -0.49058168 0.54366637 -1.12520963
0.23482712 -0.48842753 0.54194578 -1.12264105
0.23473953 -0.48714991 0.54075658 -1.12176329
0.23592112 -0.48536904 0.53966830 -1.11835837
0.23696120 -0.48360349 0.53853779 -1.11518819
0.23794760 -0.48233436 0.53783408 -1.11250297
0.23827866 -0.48089346 0.53668915 -1.11076196
0.23980827 -0.47928231 0.53592867 -1.10686981
0.23936764 -0.47747781 0.53411789 -1.10609585
0.24065403 -0.47596279 0.53334317 -1.10266663
0.24101375 -0.47506064 0.53270090 -1.10129985
0.24237928 -0.47305136 0.53153110 -1.09729849
0.24319752 -0.47141778 0.53045241 -1.09452136
0.24311631 -0.46980819 0.52898514 -1.09326277
0.24388541 -0.46864764 0.52830929 -1.09096025
0.24429692 -0.46723353 0.52724583 -1.08902976
0.24543289 -0.46549345 0.52623327 -1.08558465
0.24573233 -0.46441832 0.52542245 -1.08412618
0.24740612 -0.46290335 0.52487075 -1.07995754
0.24775537 -0.46089040 0.52326158 -1.07755560
0.24827253 -0.45939908 0.52219418 -1.07533106
0.24916325 -0.45799333 0.52138299 -1.07254624
0.24972981 -0.45650079 0.52034407 -1.07021903
0.24999185 -0.45540690 0.51951070 -1.06876597
0.25134458 -0.45364300 0.51861939 -1.06484283
0.25171787 -0.45209616 0.51744838 -1.06276304
0.25228358 -0.45021414 0.51608117 -1.06003132
0.25213714 -0.44901085 0.51496008 -1.05913713
0.25331996 -0.44740948 0.51414613 -1.05560618
0.25460083 -0.44632407 0.51383534 -1.05239622
0.25532182 -0.44481482 0.51288347 -1.04971709
0.25533057 -0.44413892 0.51230174 -1.04904548
0.25550307 -0.44209193 0.51061443 -1.04675460
0.25599368 -0.44077679 0.50972242 -1.04463020
0.25707862 -0.43921706 0.50892145 -1.04124750
0.25765321 -0.43763274 0.50784603 -1.03869515
0.25783700 -0.43675134 0.50718010 -1.03750119
0.25871990 -0.43446754 0.50566593 -1.03370159
0.25936222 -0.43378544 0.50540931 -1.03191915
0.25974101 -0.43227410 0.50430773 -1.02973656
0.26039075 -0.43064019 0.50324379 -1.02695764
0.26126882 -0.42939918 0.50263809 -1.02418524
0.26151648 -0.42784544 0.50144052 -1.02215268
0.26235766 -0.42618592 0.50046576 -1.01898920
0.26232483 -0.42499822 0.49943749 -1.01779854
0.26090972 -0.42355968 0.49747029 -1.01870032
0.26628924 -0.42260387 0.49950375 -1.00852692
0.26546195 -0.42100934 0.49771368 -1.00822528
0.26611181 -0.41957227 0.49684644 -1.00557620
0.26618196 -0.41850644 0.49598435 -1.00430578
0.26651397 -0.41658207 0.49454052 -1.00165099
0.26692436 -0.41524356 0.49363532 -0.99948939
0.26772664 -0.41439330 0.49335521 -0.99718957
0.26821707 -0.41282619 0.49230667 -0.99462540
0.26905124 -0.41180150 0.49190349 -0.99206845
0.26965308 -0.41022191 0.49091221 -0.98928219
0.26937406 -0.40937906 0.49005469 -0.98881325
0.27074500 -0.40787130 0.48955271 -0.98478091
0.27100839 -0.40604886 0.48818155 -0.98226681
0.27187955 -0.40481391 0.48764002 -0.97937501
0.27239488 -0.40339434 0.48675041 -0.97687007
0.27223129 -0.40163874 0.48520464 -0.97512465
0.27309408 -0.40090099 0.48507936 -0.97279901
0.27343039 -0.39958198 0.48417966 -0.97069123
0.27384394 -0.39858740 0.48359324 -0.96882403
0.27483863 -0.39849645 0.48408232 -0.96702404
0.27513778 -0.39532485 0.48164566 -0.96277415
0.27538264 -0.39505101 0.48156090 -0.96203196
0.27637246 -0.39314472 0.48056686 -0.95807386
0.27657061 -0.39161050 0.47942683 -0.95589538
0.27693911 -0.39050627 0.47873836 -0.95393605
0.27770691 -0.38948511 0.47835110 -0.95139184
0.27836974 -0.38816074 0.47765937 -0.94865234
0.27819008 -0.38687740 0.47651216 -0.94738918
0.27856599 -0.38551913 0.47563012 -0.94508033
0.27910480 -0.38416406 0.47484894 -0.94248926
0.27999345 -0.38243672 0.47397698 -0.93883036
0.28067551 -0.38145711 0.47359082 -0.93644641
0.28070317 -0.38031738 0.47268972 -0.93497029
0.28165517 -0.37945889 0.47256606 -0.93227062
0.28170765 -0.37771422 0.47119765 -0.92997438
0.28257720 -0.37668099 0.47089112 -0.92718231
0.28234089 -0.37592652 0.47014586 -0.92662138
0.28338349 -0.37407961 0.46929921 -0.92248158
0.28403804 -0.37336418 0.46912516 -0.92044854
0.28345120 -0.37154943 0.46732597 -0.91909678
0.28419970 -0.36999944 0.46655016 -0.91580619
0.28465343 -0.36960585 0.46651480 -0.91452092
0.28566413 -0.36821371 0.46603147 -0.91097998
0.28595408 -0.36695086 0.46521250 -0.90882358
0.28594668 -0.36606891 0.46451260 -0.90766909
0.28614812 -0.36425384 0.46320795 -0.90491422
0.28739841 -0.36304093 0.46302977 -0.90117261
0.28746533 -0.36218525 0.46240077 -0.89991055
0.28782948 -0.36067712 0.46144750 -0.89726061
0.28800035 -0.35947193 0.46061293 -0.89533862
0.28899629 -0.35844833 0.46043899 -0.89226054
0.28884558 -0.35737686 0.45951060 -0.89105232
0.28985399 -0.35619544 0.45922819 -0.88772738
0.28991992 -0.35500510 0.45834723 -0.88597661
0.29040928 -0.35332727 0.45735950 -0.88282744
0.29106372 -0.35265172 0.45725411 -0.88078364
0.29131163 -0.35127450 0.45635101 -0.87844364
0.29169245 -0.35080436 0.45623260 -0.87714332
0.29183730 -0.34932994 0.45519272 -0.87482769
0.29257523 -0.34760476 0.45434495 -0.87114685
0.29296662 -0.34683869 0.45401158 -0.86940074
0.29334696 -0.34496086 0.45282495 -0.86608313
0.29362061 -0.34423443 0.45244934 -0.86458230
0.29386902 -0.34289944 0.45159609 -0.86224536
0.29470157 -0.34196563 0.45143051 -0.85949893
0.29552731 -0.34101292 0.45124961 -0.85673447
0.29593184 -0.33927579 0.45020408 -0.85352843
0.29533331 -0.33881614 0.44946428 -0.85385975
0.29589811 -0.33719149 0.44861318 -0.85053108
0.29654879 -0.33616361 0.44827130 -0.84792764
0.29645222 -0.33527863 0.44754405 -0.84678131
0.29729168 -0.33418209 0.44728069 -0.84375137
0.29750476 -0.33264182 0.44627309 -0.84110062
0.29810239 -0.33195154 0.44615789 -0.83907076
0.29857473 -0.33114330 0.44587302 -0.83707142
0.29894691 -0.32925994 0.44472616 -0.83361403
0.29932563 -0.32835249 0.44430979 -0.83161006
0.29946218 -0.32724533 0.44358438 -0.82970107
0.29993509 -0.32585375 0.44287890 -0.82679208
0.30023995 -0.32495480 0.44242474 -0.82490902
0.30048285 -0.32405524 0.44192957 -0.82312397
0.30141545 -0.32256094 0.44147121 -0.81927348
0.30116375 -0.32173039 0.44069269 -0.81840405
0.30166044 -0.32045407 0.44010207 -0.81559824
0.30155653 -0.31997938 0.43968528 -0.81503034
0.30243645 -0.31864011 0.43931689 -0.81148188
0.30250656 -0.31709477 0.43824573 -0.80893832
0.30275834 -0.31614479 0.43773295 -0.80702411
0.30323938 -0.31505649 0.43728105 -0.80450824
0.30375060 -0.31439665 0.43716093 -0.80261897
0.30370615 -0.31236298 0.43566966 -0.79944896
0.30425007 -0.31212393 0.43587779 -0.79817195
0.30422554 -0.31083737 0.43494028 -0.79614759
0.30525762 -0.30991731 0.43500685 -0.79297260
0.30553613 -0.30825636 0.43402109 -0.78982997
0.30550824 -0.30750855 0.43347064 -0.78866122
0.30620943 -0.30635081 0.43314551 -0.78562896
0.30613009 -0.30614384 0.43294305 -0.78542061
0.30629118 -0.30421556 0.43169595 -0.78199833
0.30728054 -0.30309202 0.43160874 -0.77853604
0.30678672 -0.30215022 0.43059592 -0.77778422
0.30772008 -0.30112050 0.43054060 -0.77455900
0.30799392 -0.30009096 0.43001726 -0.77240242
0.30851108 -0.29955043 0.43001110 -0.77066280
0.30864604 -0.29776192 0.42886424 -0.76745158
0.30919295 -0.29713373 0.42882249 -0.76551181
0.30936760 -0.29601758 0.42817604 -0.76334964
0.30924282 -0.29475869 0.42721635 -0.76142248
0.31028136 -0.29381263 0.42731766 -0.75814305
0.30957693 -0.29267498 0.42602408 -0.75734095
0.31058289 -0.29151527 0.42596113 -0.75374013
0.31062601 -0.29004583 0.42498835 -0.75114961
0.31094608 -0.28973051 0.42500733 -0.75009338
0.31058005 -0.28890670 0.42417809 -0.74926073
0.31178473 -0.28765182 0.42420901 -0.74516057
0.31246997 -0.28651971 0.42394696 -0.74210185
0.31237912 -0.28521210 0.42299723 -0.73996856
0.31258246 -0.28421302 0.42247465 -0.73789763
0.31288626 -0.28310315 0.42195403 -0.73546714
0.31247426 -0.28252204 0.42125867 -0.73510044
0.31344716 -0.28093985 0.42092318 -0.73076211
0.31360707 -0.28034846 0.42064790 -0.72946146
0.31382379 -0.27888719 0.41983739 -0.72652256
0.31392834 -0.27876046 0.41983139 -0.72613149
0.31486928 -0.27715904 0.41947562 -0.72178742
0.31457597 -0.27696506 0.41912729 -0.72190240
0.31495318 -0.27513452 0.41820390 -0.71802108
0.31546715 -0.27431510 0.41805299 -0.71573608
0.31572035 -0.27345660 0.41768152 -0.71378729
0.31601817 -0.27217415 0.41706865 -0.71099548
0.31643731 -0.27100203 0.41662294 -0.70820721
0.31676880 -0.27046839 0.41652805 -0.70671646
0.31644028 -0.26915573 0.41542660 -0.70482694
0.31758419 -0.26845361 0.41584500 -0.70175858
0.31739819 -0.26744779 0.41505413 -0.70019714
0.31753638 -0.26625908 0.41439505 -0.69778864
0.31793361 -0.26582481 0.41442081 -0.69636981
0.31775144 -0.26450144 0.41343318 -0.69419677
0.31825775 -0.26280266 0.41273870 -0.69024861
0.31852321 -0.26242558 0.41270354 -0.68913452
0.31911383 -0.26127257 0.41242816 -0.68606624
0.31948097 -0.26066461 0.41232769 -0.68436131
0.31967377 -0.25940633 0.41168309 -0.68169707
0.31992230 -0.25826223 0.41115649 -0.67915544
0.31966024 -0.25768118 0.41058770 -0.67845521
0.31988552 -0.25593887 0.40967237 -0.67479899
0.32052774 -0.25543644 0.40986071 -0.67286288
0.32110117 -0.25417871 0.40952751 -0.66958844
0.32127256 -0.25385723 0.40946252 -0.66871305
0.32111431 -0.25263258 0.40858000 -0.66660140
0.32162983 -0.25159591 0.40834574 -0.66382555
0.32167454 -0.25100541 0.40801744 -0.66261813
0.32173683 -0.24937645 0.40706658 -0.65936911
0.32222730 -0.24904831 0.40725360 -0.65799447
0.32230858 -0.24763410 0.40645475 -0.65511922
0.32251777 -0.24712899 0.40631324 -0.65381975
0.32279877 -0.24601782 0.40586182 -0.65122549
0.32315991 -0.24457360 0.40527592 -0.64785108
0.32291690 -0.24418766 0.40484928 -0.64745317
0.32362455 -0.24279410 0.40457611 -0.64365077
0.32400844 -0.24211366 0.40447558 -0.64173551
0.32368468 -0.24174752 0.40399708 -0.64148923
0.32441186 -0.24015862 0.40363253 -0.63725721
0.32410972 -0.23971978 0.40312862 -0.63682822
0.32430388 -0.23826807 0.40242351 -0.63364100
0.32484321 -0.23731040 0.40229260 -0.63092881
0.32465635 -0.23687008 0.40188205 -0.63031838
0.32553277 -0.23533914 0.40169154 -0.62595354
0.32568216 -0.23459094 0.40137486 -0.62422480
0.32594600 -0.23408940 0.40129620 -0.62282643
0.32617477 -0.23255379 0.40058863 -0.61937969
0.32678418 -0.23188295 0.40069639 -0.61713358
0.32622000 -0.23058355 0.39948500 -0.61529817
0.32675378 -0.22970627 0.39941583 -0.61273318
0.32701328 -0.22852343 0.39894942 -0.60993360
0.32664186 -0.22804344 0.39837007 -0.60948003
0.32647353 -0.22784392 0.39811784 -0.60931114
0.32736498 -0.22625485 0.39794357 -0.60475450
0.32750697 -0.22571830 0.39775566 -0.60344183
0.32797651 -0.22395348 0.39714450 -0.59911196
0.32869526 -0.22345373 0.39745710 -0.59705382
0.32814929 -0.22286405 0.39667410 -0.59659823
0.32850033 -0.22186924 0.39640690 -0.59402467
0.32908516 -0.22074057 0.39626184 -0.59083823
0.32927922 -0.22043404 0.39625241 -0.58992300
0.32915591 -0.21873179 0.39520527 -0.58651731
0.32925934 -0.21763574 0.39468599 -0.58405936
0.32985421 -0.21745055 0.39508042 -0.58283807
0.32974826 -0.21597682 0.39418258 -0.57986454
0.33035080 -0.21519646 0.39426027 -0.57737141
0.33018030 -0.21412959 0.39353591 -0.57533635
0.33060468 -0.21332936 0.39345758 -0.57304307
0.33026022 -0.21294394 0.39295920 -0.57269421
0.33081322 -0.21199435 0.39291092 -0.56990032
0.33122504 -0.21090180 0.39266983 -0.56699183
0.33134845 -0.21007526 0.39233075 -0.56504580
0.33148020 -0.20949468 0.39213154 -0.56361546
0.33154121 -0.20831402 0.39155371 -0.56098326
0.33199306 -0.20711164 0.39129864 -0.55776709
0.33208069 -0.20640012 0.39099692 -0.55610450
0.33233955 -0.20588056 0.39094294 -0.55462623
0.33206363 -0.20452471 0.38999566 -0.55204338
0.33307193 -0.20367233 0.39040918 -0.54882998
0.33235740 -0.20284975 0.38937060 -0.54798499
0.33240784 -0.20240071 0.38917993 -0.54693262
0.33294099 -0.20078340 0.38879773 -0.54266647
0.33391506 -0.20023883 0.38935184 -0.54017678
0.33418775 -0.19898572 0.38894314 -0.53705312
0.33353248 -0.19778506 0.38776649 -0.53525721
0.33400707 -0.19750600 0.38803266 -0.53401479
0.33368823 -0.19603319 0.38701013 -0.53115836
0.33425356 -0.19583262 0.38739626 -0.52997277
0.33431454 -0.19484407 0.38695015 -0.52768884
0.33459159 -0.19459580 0.38706467 -0.52677425
0.33493735 -0.19322310 0.38667583 -0.52325595
0.33490020 -0.19244478 0.38625527 -0.52155860
0.33485066 -0.19124751 0.38561713 -0.51893058
0.33496268 -0.19044909 0.38531916 -0.51698709
0.33538504 -0.18993415 0.38543237 -0.51528407
0.33554386 -0.18905551 0.38513851 -0.51309572
0.33569208 -0.18748307 0.38449847 -0.50934352
0.33605637 -0.18708486 0.38462271 -0.50797778
0.33642678 -0.18599363 0.38441723 -0.50502887
0.33581861 -0.18528075 0.38354022 -0.50416943
0.33631583 -0.18496341 0.38382262 -0.50281970
0.33766978 -0.18119567 0.38321371 -0.49250189
0.33707963 -0.18234510 0.38323937 -0.49587279
0.33657508 -0.18161485 0.38244834 -0.49482107
0.33743465 -0.18115995 0.38298965 -0.49270997
0.33748791 -0.18024328 0.38260388 -0.49053324
0.33714507 -0.17999967 0.38218671 -0.49039360
0.33728412 -0.17857777 0.38164198 -0.48693534
0.33750530 -0.17802348 0.38157855 -0.48538032
0.33785362 -0.17669635 0.38126981 -0.48187532
0.33806215 -0.17562640 0.38096017 -0.47913288
0.33806472 -0.17478909 0.38057717 -0.47717741
0.33778837 -0.17388743 0.37991817 -0.47540329
0.33860284 -0.17364789 0.38053314 -0.47386397
0.33880171 -0.17242545 0.38015409 -0.47076394
0.33831011 -0.17205272 0.37954693 -0.47047620
0.33844269 -0.17034725 0.37889529 -0.46630545
0.33884148 -0.17007071 0.37912741 -0.46518100
0.33926026 -0.16897515 0.37901204 -0.46210191
0.33914779 -0.16809342 0.37851899 -0.46014928
0.34060834 -0.16795058 0.37976498 -0.45810438
0.33864889 -0.16578270 0.37705036 -0.45524589
0.33956455 -0.16508973 0.37756947 -0.45253117
0.33927975 -0.16442346 0.37702231 -0.45127214
0.33924566 -0.16399716 0.37680590 -0.45029350
0.33988719 -0.16345221 0.37714709 -0.44825228
0.33976912 -0.16268057 0.37670682 -0.44654211
0.34027150 -0.16191751 0.37683149 -0.44414000
0.34024968 -0.16044719 0.37618233 -0.44063558
0.34086010 -0.15978129 0.37645142 -0.43834405
0.34100030 -0.15900909 0.37625138 -0.43632760
0.34096905 -0.15801232 0.37580285 -0.43395886
0.34112488 -0.15745134 0.37570880 -0.43242975
0.34129349 -0.15663468 0.37552053 -0.43026702
0.34137293 -0.15519108 0.37499299 -0.42667985
0.34133658 -0.15439297 0.37463028 -0.42478060
0.34144756 -0.15418238 0.37464469 -0.42414636
0.34210467 -0.15266420 0.37462243 -0.41973103
0.34212165 -0.15279452 0.37469105 -0.42003017
0.34154831 -0.15136611 0.37358660 -0.41716486
0.34172281 -0.15151663 0.37380713 -0.41734385
0.34199801 -0.15019074 0.37352362 -0.41380018
0.34175922 -0.14845518 0.37261012 -0.40979313
0.34241279 -0.14832800 0.37315910 -0.40878272
0.34252825 -0.14822820 0.37322540 -0.40841440
0.34245023 -0.14669993 0.37254937 -0.40473276
0.34310256 -0.14588418 0.37282913 -0.40203258
0.34318888 -0.14522266 0.37265028 -0.40030828
0.34312894 -0.14420602 0.37220001 -0.39785556
0.34302805 -0.14399080 0.37202365 -0.39742729
0.34382025 -0.14274826 0.37227602 -0.39352610
0.34367801 -0.14201315 0.37186329 -0.39184704
0.34341529 -0.14082474 0.37116798 -0.38915824
0.34329648 -0.14045056 0.37091621 -0.38834640
0.34412028 -0.13918230 0.37120140 -0.38434381
0.34375950 -0.13839056 0.37057057 -0.38272819
0.34417873 -0.13705316 0.37046264 -0.37895667
0.34376316 -0.13698552 0.37005154 -0.37920232
0.34396926 -0.13636931 0.37001547 -0.37744907
0.34454523 -0.13578627 0.37033677 -0.37541234
0.34430495 -0.13412070 0.36950542 -0.37145711
0.34474642 -0.13382176 0.36980854 -0.37027057
0.34434342 -0.13241744 0.36892651 -0.36711732
0.34460917 -0.13170942 0.36892120 -0.36506750
0.34451192 -0.13102134 0.36858520 -0.36341789
0.34538540 -0.13051146 0.36922123 -0.36128618
0.34547569 -0.12935736 0.36889942 -0.35827313
0.34512886 -0.12903313 0.36846096 -0.35777913
0.34495993 -0.12828887 0.36804264 -0.35604568
0.34510851 -0.12709869 0.36776889 -0.35287160
0.34552703 -0.12640450 0.36792258 -0.35070796
0.34582860 -0.12588959 0.36802936 -0.34911252
0.34585721 -0.12496027 0.36773941 -0.34671123
0.34549267 -0.12444798 0.36722267 -0.34573653
0.34583802 -0.12352217 0.36723516 -0.34304597
0.34630863 -0.12237450 0.36729441 -0.33967240
0.34571371 -0.12153773 0.36645517 -0.33806034
0.34633582 -0.12109085 0.36689439 -0.33634891
0.34646263 -0.11983432 0.36660145 -0.33299928
0.34650389 -0.11960095 0.36656423 -0.33236082
0.34635215 -0.11865236 0.36611227 -0.33004687
0.34632893 -0.11744523 0.36570085 -0.32694473
0.34659744 -0.11704648 0.36582737 -0.32567674
0.34682798 -0.11620219 0.36577670 -0.32328822
0.34681941 -0.11527343 0.36547457 -0.32088606
0.34633217 -0.11463989 0.36481266 -0.31965934
0.34709574 -0.11357240 0.36520425 -0.31622740
0.34680715 -0.11272457 0.36466701 -0.31426385
0.34714977 -0.11258304 0.36494917 -0.31360481
0.34698889 -0.11125494 0.36438846 -0.31027405
0.34681987 -0.11060474 0.36402943 -0.30871496
0.34718508 -0.10953535 0.36405421 -0.30561159
0.34730597 -0.10918082 0.36406302 -0.30458298
0.34788495 -0.10811022 0.36429625 -0.30130281
0.34779514 -0.10755216 0.36404523 -0.29991213
0.34723861 -0.10673585 0.36327289 -0.29821795
0.34770238 -0.10584353 0.36345536 -0.29549628
0.34798952 -0.10488831 0.36345325 -0.29275195
0.34810765 -0.10460100 0.36348357 -0.29190137
0.34826475 -0.10338702 0.36328668 -0.28857660
0.34822907 -0.10270607 0.36305926 -0.28680652
0.34786749 -0.10274209 0.36272266 -0.28718379
0.34848865 -0.10044151 0.36267456 -0.28061503
0.34870748 -0.10044703 0.36288636 -0.28046262
0.34884200 -0.09914338 0.36265707 -0.27690568
0.34858811 -0.09926217 0.36244537 -0.27741244
0.34866094 -0.09828273 0.36224846 -0.27475697
0.34884953 -0.09710139 0.36211141 -0.27147567
0.34893315 -0.09635839 0.36199349 -0.26943637
0.34874229 -0.09558450 0.36160417 -0.26751394
0.34898553 -0.09508246 0.36170647 -0.26599756
0.34893325 -0.09438415 0.36147307 -0.26417168
0.34913717 -0.09330654 0.36139019 -0.26114594
0.34960532 -0.09267022 0.36167893 -0.25911204
0.34921052 -0.09164594 0.36103596 -0.25664987
0.34921333 -0.09072948 0.36080714 -0.25419106
0.34986662 -0.09080236 0.36145778 -0.25393173
0.34977929 -0.08923091 0.36098159 -0.24977881
0.34961966 -0.08937532 0.36086265 -0.25027593
0.35000758 -0.08807369 0.36091867 -0.24651564
0.34933762 -0.08737105 0.36009787 -0.24507739
0.34939763 -0.08638263 0.35991758 -0.24237274
0.35022941 -0.08648896 0.36075058 -0.24210551
0.35018162 -0.08550024 0.36046838 -0.23947442
0.35013722 -0.08429925 0.36014225 -0.23626405
0.34997159 -0.08363346 0.35982589 -0.23457288
0.35023984 -0.08304973 0.35995167 -0.23282237
0.35017992 -0.08157433 0.35955577 -0.22886813
0.35054403 -0.08080474 0.35973674 -0.22655497
0.35018675 -0.07980961 0.35916617 -0.22407856
0.35055189 -0.07993089 0.35954913 -0.22418177
0.35025074 -0.07858410 0.35895828 -0.22071021
0.35050592 -0.07845553 0.35917916 -0.22020541
0.35085283 -0.07737925 0.35928437 -0.21707120
0.35057174 -0.07682848 0.35889157 -0.21574126
0.35080204 -0.07516637 0.35876462 -0.21107835
0.35071505 -0.07521648 0.35869007 -0.21126577
0.35081992 -0.07468362 0.35868128 -0.20975187
0.35059866 -0.07362401 0.35824561 -0.20698752
0.35073298 -0.07307720 0.35826513 -0.20541677
0.35081939 -0.07190340 0.35811219 -0.20215872
0.35099587 -0.07122157 0.35814887 -0.20019479
0.35095053 -0.07065282 0.35799175 -0.19866299
0.35100104 -0.06958527 0.35783214 -0.19571043
0.35132072 -0.06882659 0.35799909 -0.19345802
0.35137809 -0.06841686 0.35797686 -0.19230396
0.35079898 -0.06762974 0.35725860 -0.19045117
0.35117333 -0.06657002 0.35742730 -0.18734165
0.35132020 -0.06540496 0.35735653 -0.18406194
0.35172067 -0.06560565 0.35778699 -0.18440851
0.35181201 -0.06389571 0.35756727 -0.17966059
0.35129342 -0.06357627 0.35700001 -0.17903979
0.35181411 -0.06308071 0.35742460 -0.17741603
0.35148545 -0.06254593 0.35700702 -0.17610407
0.35191840 -0.06115932 0.35719326 -0.17206978
0.35184683 -0.06137613 0.35715994 -0.17270217
0.35185360 -0.05981119 0.35690102 -0.16837933
0.35163429 -0.05927555 0.35659538 -0.16700153
0.35184981 -0.05824090 0.35663748 -0.16404031
0.35203470 -0.05813811 0.35680313 -0.16367148
0.35230665 -0.05663203 0.35682932 -0.15938296
0.35196218 -0.05629715 0.35643617 -0.15860873
0.35213577 -0.05525191 0.35644407 -0.15563621
0.35172562 -0.05448835 0.35592119 -0.15369545
0.35203441 -0.05385402 0.35612986 -0.15180253
0.35203208 -0.05282318 0.35597314 -0.14894099
0.35246961 -0.05218763 0.35631219 -0.14699481
0.35179527 -0.05157927 0.35555637 -0.14558003
0.35272248 -0.05068562 0.35634559 -0.14272129
0.35224872 -0.04920652 0.35566901 -0.13879438
0.35242714 -0.04918924 0.35584332 -0.13867691
0.35230143 -0.04837445 0.35560707 -0.13645653
0.35298590 -0.04777892 0.35620482 -0.13453878
0.35258810 -0.04660226 0.35565452 -0.13141027
0.35217755 -0.04567495 0.35512705 -0.12897305
0.35267512 -0.04545465 0.35559227 -0.12817871
0.35259614 -0.04443216 0.35538466 -0.12535357
0.35218723 -0.04376664 0.35489627 -0.12363709
0.35268759 -0.04333129 0.35533947 -0.12224763
0.35281117 -0.04225684 0.35533275 -0.11920400
0.35261036 -0.04196680 0.35509897 -0.11846026
0.35246519 -0.04080610 0.35481946 -0.11526028
0.35269468 -0.04027065 0.35498629 -0.11368756
0.35283354 -0.03935600 0.35502169 -0.11108351
0.35305479 -0.03857649 0.35515606 -0.10883314
0.35324591 -0.03819488 0.35530483 -0.10770703
0.35266687 -0.03766472 0.35467246 -0.10639642
0.35213788 -0.03609955 0.35398343 -0.10215851
0.35322358 -0.03589449 0.35504269 -0.10127211
0.35290456 -0.03526587 0.35466225 -0.09959967
0.35331716 -0.03409787 0.35495870 -0.09620987
0.35321861 -0.03342081 0.35479619 -0.09433708
0.35276000 -0.03266432 0.35426907 -0.09233316
0.35321073 -0.03208294 0.35466482 -0.09058371
0.35285932 -0.03147676 0.35426048 -0.08896936
0.35295341 -0.03017822 0.35424121 -0.08529455
0.35310197 -0.02983057 0.35435980 -0.08428133
0.35310628 -0.02897178 0.35429283 -0.08186494
0.35266257 -0.02818159 0.35378678 -0.07974148
0.35330445 -0.02771435 0.35438979 -0.07828295
0.35382374 -0.02668144 0.35482832 -0.07526639
0.35374047 -0.02641812 0.35472558 -0.07454384
0.35300674 -0.02555742 0.35393070 -0.07227313
0.35297169 -0.02481020 0.35384256 -0.07017407
0.35351394 -0.02395327 0.35432452 -0.06765423
0.35291850 -0.02291403 0.35366159 -0.06483626
0.35333121 -0.02266137 0.35405717 -0.06404861
0.35410243 -0.02099270 0.35472415 -0.05921496
0.35400400 -0.02102287 0.35462768 -0.05931630
0.35315225 -0.02014420 0.35372631 -0.05697938
0.35339403 -0.01932078 0.35392179 -0.05461769
0.35347154 -0.01861826 0.35396154 -0.05262394
0.35352101 -0.01802013 0.35397998 -0.05092922
0.35324826 -0.01750111 0.35368152 -0.04950291
0.35357443 -0.01640882 0.35395498 -0.04637512
0.35377248 -0.01591885 0.35413045 -0.04496709
0.35352744 -0.01489187 0.35384095 -0.04209878
0.35371272 -0.01420716 0.35399792 -0.04014423
0.35297759 -0.01316318 0.35322295 -0.03727455
0.35311554 -0.01251947 0.35333740 -0.03543947
0.35363586 -0.01165410 0.35382784 -0.03294316
0.35352527 -0.01076747 0.35368921 -0.03044801
0.35354822 -0.01007060 0.35369162 -0.02847669
0.35373177 -0.00889383 0.35384357 -0.02513755
0.35311444 -0.00885642 0.35322548 -0.02507563
0.35318252 -0.00775711 0.35326770 -0.02195992
0.35221826 -0.00597733 0.35226897 -0.01696890
0.35444830 -0.00708578 0.35451912 -0.01998835
0.35370108 -0.00596447 0.35375136 -0.01686142
0.35344273 -0.00490581 0.35347677 -0.01387917
0.35362087 -0.00453401 0.35364993 -0.01282096
0.35408171 -0.00390998 0.35410330 -0.01104213
0.35304310 -0.00329268 0.35305846 -0.00932631
0.35365259 -0.00208929 0.35365876 -0.00590766
0.35341903 -0.00100984 0.35342047 -0.00285734
0.35342271 -0.00056624 0.35342316 -0.00160217
0.35397500 0.00000000 0.35397500 0.00000000
0.35342271 0.00056624 0.35342316 0.00160217
0.35341903 0.00100984 0.35342047 0.00285734
0.35365259 0.00208929 0.35365876 0.00590766
0.35304310 0.00329268 0.35305846 0.00932631
0.35408171 0.00390998 0.35410330 0.01104213
0.35362087 0.00453401 0.35364993 0.01282096
0.35344273 0.00490581 0.35347677 0.01387917
0.35370108 0.00596447 0.35375136 0.01686142
0.35444830 0.00708578 0.35451912 0.01998835
0.35221826 0.00597733 0.35226897 0.01696890
0.35318252 0.00775711 0.35326770 0.02195992
0.35311444 0.00885642 0.35322548 0.02507563
0.35373177 0.00889383 0.35384357 0.02513755
0.35354822 0.01007060 0.35369162 0.02847669
0.35352527 0.01076747 0.35368921 0.03044801
0.35363586 0.01165410 0.35382784 0.03294316
0.35311554 0.01251947 0.35333740 0.03543947
0.35297759 0.01316318 0.35322295 0.03727455
0.35371272 0.01420716 0.35399792 0.04014423
0.35352744 0.01489187 0.35384095 0.04209878
0.35377248 0.01591885 0.35413045 0.04496709
0.35357443 0.01640882 0.35395498 0.04637512
0.35324826 0.01750111 0.35368152 0.04950291
0.35352101 0.01802013 0.35397998 0.05092922
0.35347154 0.01861826 0.35396154 0.05262394
0.35339403 0.01932078 0.35392179 0.05461769
0.35315225 0.02014420 0.35372631 0.05697938
0.35400400 0.02102287 0.35462768 0.05931630
0.35410243 0.02099270 0.35472415 0.05921496
0.35333121 0.02266137 0.35405717 0.06404861
0.35291850 0.02291403 0.35366159 0.06483626
0.35351394 0.02395327 0.35432452 0.06765423
0.35297169 0.02481020 0.35384256 0.07017407
0.35300674 0.02555742 0.35393070 0.07227313
0.35374047 0.02641812 0.35472558 0.07454384
0.35382374 0.02668144 0.35482832 0.07526639
0.35330445 0.02771435 0.35438979 0.07828295
0.35266257 0.02818159 0.35378678 0.07974148
0.35310628 0.02897178 0.35429283 0.08186494
0.35310197 0.02983057 0.35435980 0.08428133
0.35295341 0.03017822 0.35424121 0.08529455
0.35285932 0.03147676 0.35426048 0.08896936
0.35321073 0.03208294 0.35466482 0.09058371
0.35276000 0.03266432 0.35426907 0.09233316
0.35321861 0.03342081 0.35479619 0.09433708
0.35331716 0.03409787 0.35495870 0.09620987
0.35290456 0.03526587 0.35466225 0.09959967
0.35322358 0.03589449 0.35504269 0.10127211
0.35213788 0.03609955 0.35398343 0.10215851
0.35266687 0.03766472 0.35467246 0.10639642
0.35324591 0.03819488 0.35530483 0.10770703
0.35305479 0.03857649 0.35515606 0.10883314
0.35283354 0.03935600 0.35502169 0.11108351
0.35269468 0.04027065 0.35498629 0.11368756
0.35246519 0.04080610 0.35481946 0.11526028
0.35261036 0.04196680 0.35509897 0.11846026
0.35281117 0.04225684 0.35533275 0.11920400
0.35268759 0.04333129 0.35533947 0.12224763
0.35218723 0.04376664 0.35489627 0.12363709
0.35259614 0.04443216 0.35538466 0.12535357
0.35267512 0.04545465 0.35559227 0.12817871
0.35217755 0.04567495 0.35512705 0.12897305
0.35258810 0.04660226 0.35565452 0.13141027
0.35298590 0.04777892 0.35620482 0.13453878
0.35230143 0.04837445 0.35560707 0.13645653
0.35242714 0.04918924 0.35584332 0.13867691
0.35224872 0.04920652 0.35566901 0.13879438
0.35272248 0.05068562 0.35634559 0.14272129
0.35179527 0.05157927 0.35555637 0.14558003
0.35246961 0.05218763 0.35631219 0.14699481
0.35203208 0.05282318 0.35597314 0.14894099
0.35203441 0.05385402 0.35612986 0.15180253
0.35172562 0.05448835 0.35592119 0.15369545
0.35213577 0.05525191 0.35644407 0.15563621
0.35196218 0.05629715 0.35643617 0.15860873
0.35230665 0.05663203 0.35682932 0.15938296
0.35203470 0.05813811 0.35680313 0.16367148
0.35184981 0.05824090 0.35663748 0.16404031
0.35163429 0.05927555 0.35659538 0.16700153
0.35185360 0.05981119 0.35690102 0.16837933
0.35184683 0.06137613 0.35715994 0.17270217
0.35191840 0.06115932 0.35719326 0.17206978
0.35148545 0.06254593 0.35700702 0.17610407
0.35181411 0.06308071 0.35742460 0.17741603
0.35129342 0.06357627 0.35700001 0.17903979
0.35181201 0.06389571 0.35756727 0.17966059
0.35172067 0.06560565 0.35778699 0.18440851
0.35132020 0.06540496 0.35735653 0.18406194
0.35117333 0.06657002 0.35742730 0.18734165
0.35079898 0.06762974 0.35725860 0.19045117
0.35137809 0.06841686 0.35797686 0.19230396
0.35132072 0.06882659 0.35799909 0.19345802
0.35100104 0.06958527 0.35783214 0.19571043
0.35095053 0.07065282 0.35799175 0.19866299
0.35099587 0.07122157 0.35814887 0.20019479
0.35081939 0.07190340 0.35811219 0.20215872
0.35073298 0.07307720 0.35826513 0.20541677
0.35059866 0.07362401 0.35824561 0.20698752
0.35081992 0.07468362 0.35868128 0.20975187
0.35071505 0.07521648 0.35869007 0.21126577
0.35080204 0.07516637 0.35876462 0.21107835
0.35057174 0.07682848 0.35889157 0.21574126
0.35085283 0.07737925 0.35928437 0.21707120
0.35050592 0.07845553 0.35917916 0.22020541
0.35025074 0.07858410 0.35895828 0.22071021
0.35055189 0.07993089 0.35954913 0.22418177
0.35018675 0.07980961 0.35916617 0.22407856
0.35054403 0.08080474 0.35973674 0.22655497
0.35017992 0.08157433 0.35955577 0.22886813
0.35023984 0.08304973 0.35995167 0.23282237
0.34997159 0.08363346 0.35982589 0.23457288
0.35013722 0.08429925 0.36014225 0.23626405
0.35018162 0.08550024 0.36046838 0.23947442
0.35022941 0.08648896 0.36075058 0.24210551
0.34939763 0.08638263 0.35991758 0.24237274
0.34933762 0.08737105 0.36009787 0.24507739
0.35000758 0.08807369 0.36091867 0.24651564
0.34961966 0.08937532 0.36086265 0.25027593
0.34977929 0.08923091 0.36098159 0.24977881
0.34986662 0.09080236 0.36145778 0.25393173
0.34921333 0.09072948 0.36080714 0.25419106
0.34921052 0.09164594 0.36103596 0.25664987
0.34960532 0.09267022 0.36167893 0.25911204
0.34913717 0.09330654 0.36139019 0.26114594
0.34893325 0.09438415 0.36147307 0.26417168
0.34898553 0.09508246 0.36170647 0.26599756
0.34874229 0.09558450 0.36160417 0.26751394
0.34893315 0.09635839 0.36199349 0.26943637
0.34884953 0.09710139 0.36211141 0.27147567
0.34866094 0.09828273 0.36224846 0.27475697
0.34858811 0.09926217 0.36244537 0.27741244
0.34884200 0.09914338 0.36265707 0.27690568
0.34870748 0.10044703 0.36288636 0.28046262
0.34848865 0.10044151 0.36267456 0.28061503
0.34786749 0.10274209 0.36272266 0.28718379
0.34822907 0.10270607 0.36305926 0.28680652
0.34826475 0.10338702 0.36328668 0.28857660
0.34810765 0.10460100 0.36348357 0.29190137
0.34798952 0.10488831 0.36345325 0.29275195
0.34770238 0.10584353 0.36345536 0.29549628
0.34723861 0.10673585 0.36327289 0.29821795
0.34779514 0.10755216 0.36404523 0.29991213
0.34788495 0.10811022 0.36429625 0.30130281
0.34730597 0.10918082 0.36406302 0.30458298
0.34718508 0.10953535 0.36405421 0.30561159
0.34681987 0.11060474 0.36402943 0.30871496
0.34698889 0.11125494 0.36438846 0.31027405
0.34714977 0.11258304 0.36494917 0.31360481
0.34680715 0.11272457 0.36466701 0.31426385
0.34709574 0.11357240 0.36520425 0.31622740
0.34633217 0.11463989 0.36481266 0.31965934
0.34681941 0.11527343 0.36547457 0.32088606
0.34682798 0.11620219 0.36577670 0.32328822
0.34659744 0.11704648 0.36582737 0.32567674
0.34632893 0.11744523 0.36570085 0.32694473
0.34635215 0.11865236 0.36611227 0.33004687
0.34650389 0.11960095 0.36656423 0.33236082
0.34646263 0.11983432 0.36660145 0.33299928
0.34633582 0.12109085 0.36689439 0.33634891
0.34571371 0.12153773 0.36645517 0.33806034
0.34630863 0.12237450 0.36729441 0.33967240
0.34583802 0.12352217 0.36723516 0.34304597
0.34549267 0.12444798 0.36722267 0.34573653
0.34585721 0.12496027 0.36773941 0.34671123
0.34582860 0.12588959 0.36802936 0.34911252
0.34552703 0.12640450 0.36792258 0.35070796
0.34510851 0.12709869 0.36776889 0.35287160
0.34495993 0.12828887 0.36804264 0.35604568
0.34512886 0.12903313 0.36846096 0.35777913
0.34547569 0.12935736 0.36889942 0.35827313
0.34538540 0.13051146 0.36922123 0.36128618
0.34451192 0.13102134 0.36858520 0.36341789
0.34460917 0.13170942 0.36892120 0.36506750
0.34434342 0.13241744 0.36892651 0.36711732
0.34474642 0.13382176 0.36980854 0.37027057
0.34430495 0.13412070 0.36950542 0.37145711
0.34454523 0.13578627 0.37033677 0.37541234
0.34396926 0.13636931 0.37001547 0.37744907
0.34376316 0.13698552 0.37005154 0.37920232
0.34417873 0.13705316 0.37046264 0.37895667
0.34375950 0.13839056 0.37057057 0.38272819
0.34412028 0.13918230 0.37120140 0.38434381
0.34329648 0.14045056 0.37091621 0.38834640
0.34341529 0.14082474 0.37116798 0.38915824
0.34367801 0.14201315 0.37186329 0.39184704
0.34382025 0.14274826 0.37227602 0.39352610
0.34302805 0.14399080 0.37202365 0.39742729
0.34312894 0.14420602 0.37220001 0.39785556
0.34318888 0.14522266 0.37265028 0.40030828
0.34310256 0.14588418 0.37282913 0.40203258
0.34245023 0.14669993 0.37254937 0.40473276
0.34252825 0.14822820 0.37322540 0.40841440
0.34241279 0.14832800 0.37315910 0.40878272
0.34175922 0.14845518 0.37261012 0.40979313
0.34199801 0.15019074 0.37352362 0.41380018
0.34172281 0.15151663 0.37380713 0.41734385
0.34154831 0.15136611 0.37358660 0.41716486
0.34212165 0.15279452 0.37469105 0.42003017
0.34210467 0.15266420 0.37462243 0.41973103
0.34144756 0.15418238 0.37464469 0.42414636
0.34133658 0.15439297 0.37463028 0.42478060
0.34137293 0.15519108 0.37499299 0.42667985
0.34129349 0.15663468 0.37552053 0.43026702
0.34112488 0.15745134 0.37570880 0.43242975
0.34096905 0.15801232 0.37580285 0.43395886
0.34100030 0.15900909 0.37625138 0.43632760
0.34086010 0.15978129 0.37645142 0.43834405
0.34024968 0.16044719 0.37618233 0.44063558
0.34027150 0.16191751 0.37683149 0.44414000
0.33976912 0.16268057 0.37670682 0.44654211
0.33988719 0.16345221 0.37714709 0.44825228
0.33924566 0.16399716 0.37680590 0.45029350
0.33927975 0.16442346 0.37702231 0.45127214
0.33956455 0.16508973 0.37756947 0.45253117
0.33864889 0.16578270 0.37705036 0.45524589
0.34060834 0.16795058 0.37976498 0.45810438
0.33914779 0.16809342 0.37851899 0.46014928
0.33926026 0.16897515 0.37901204 0.46210191
0.33884148 0.17007071 0.37912741 0.46518100
0.33844269 0.17034725 0.37889529 0.46630545
0.33831011 0.17205272 0.37954693 0.47047620
0.33880171 0.17242545 0.38015409 0.47076394
0.33860284 0.17364789 0.38053314 0.47386397
0.33778837 0.17388743 0.37991817 0.47540329
0.33806472 0.17478909 0.38057717 0.47717741
0.33806215 0.17562640 0.38096017 0.47913288
0.33785362 0.17669635 0.38126981 0.48187532
0.33750530 0.17802348 0.38157855 0.48538032
0.33728412 0.17857777 0.38164198 0.48693534
0.33714507 0.17999967 0.38218671 0.49039360
0.33748791 0.18024328 0.38260388 0.49053324
0.33743465 0.18115995 0.38298965 0.49270997
0.33657508 0.18161485 0.38244834 0.49482107
0.33707963 0.18234510 0.38323937 0.49587279
0.33766978 0.18119567 0.38321371 0.49250189
0.33631583 0.18496341 0.38382262 0.50281970
0.33581861 0.18528075 0.38354022 0.50416943
0.33642678 0.18599363 0.38441723 0.50502887
0.33605637 0.18708486 0.38462271 0.50797778
0.33569208 0.18748307 0.38449847 0.50934352
0.33554386 0.18905551 0.38513851 0.51309572
0.33538504 0.18993415 0.38543237 0.51528407
0.33496268 0.19044909 0.38531916 0.51698709
0.33485066 0.19124751 0.38561713 0.51893058
0.33490020 0.19244478 0.38625527 0.52155860
0.33493735 0.19322310 0.38667583 0.52325595
0.33459159 0.19459580 0.38706467 0.52677425
0.33431454 0.19484407 0.38695015 0.52768884
0.33425356 0.19583262 0.38739626 0.52997277
0.33368823 0.19603319 0.38701013 0.53115836
0.33400707 0.19750600 0.38803266 0.53401479
0.33353248 0.19778506 0.38776649 0.53525721
0.33418775 0.19898572 0.38894314 0.53705312
0.33391506 0.20023883 0.38935184 0.54017678
0.33294099 0.20078340 0.38879773 0.54266647
0.33240784 0.20240071 0.38917993 0.54693262
0.33235740 0.20284975 0.38937060 0.54798499
0.33307193 0.20367233 0.39040918 0.54882998
0.33206363 0.20452471 0.38999566 0.55204338
0.33233955 0.20588056 0.39094294 0.55462623
0.33208069 0.20640012 0.39099692 0.55610450
0.33199306 0.20711164 0.39129864 0.55776709
0.33154121 0.20831402 0.39155371 0.56098326
0.33148020 0.20949468 0.39213154 0.56361546
0.33134845 0.21007526 0.39233075 0.56504580
0.33122504 0.21090180 0.39266983 0.56699183
0.33081322 0.21199435 0.39291092 0.56990032
0.33026022 0.21294394 0.39295920 0.57269421
0.33060468 0.21332936 0.39345758 0.57304307
0.33018030 0.21412959 0.39353591 0.57533635
0.33035080 0.21519646 0.39426027 0.57737141
0.32974826 0.21597682 0.39418258 0.57986454
0.32985421 0.21745055 0.39508042 0.58283807
0.32925934 0.21763574 0.39468599 0.58405936
0.32915591 0.21873179 0.39520527 0.58651731
0.32927922 0.22043404 0.39625241 0.58992300
0.32908516 0.22074057 0.39626184 0.59083823
0.32850033 0.22186924 0.39640690 0.59402467
0.32814929 0.22286405 0.39667410 0.59659823
0.32869526 0.22345373 0.39745710 0.59705382
0.32797651 0.22395348 0.39714450 0.59911196
0.32750697 0.22571830 0.39775566 0.60344183
0.32736498 0.22625485 0.39794357 0.60475450
0.32647353 0.22784392 0.39811784 0.60931114
0.32664186 0.22804344 0.39837007 0.60948003
0.32701328 0.22852343 0.39894942 0.60993360
0.32675378 0.22970627 0.39941583 0.61273318
0.32622000 0.23058355 0.39948500 0.61529817
0.32678418 0.23188295 0.40069639 0.61713358
0.32617477 0.23255379 0.40058863 0.61937969
0.32594600 0.23408940 0.40129620 0.62282643
0.32568216 0.23459094 0.40137486 0.62422480
0.32553277 0.23533914 0.40169154 0.62595354
0.32465635 0.23687008 0.40188205 0.63031838
0.32484321 0.23731040 0.40229260 0.63092881
0.32430388 0.23826807 0.40242351 0.63364100
0.32410972 0.23971978 0.40312862 0.63682822
0.32441186 0.24015862 0.40363253 0.63725721
0.32368468 0.24174752 0.40399708 0.64148923
0.32400844 0.24211366 0.40447558 0.64173551
0.32362455 0.24279410 0.40457611 0.64365077
0.32291690 0.24418766 0.40484928 0.64745317
0.32315991 0.24457360 0.40527592 0.64785108
0.32279877 0.24601782 0.40586182 0.65122549
0.32251777 0.24712899 0.40631324 0.65381975
0.32230858 0.24763410 0.40645475 0.65511922
0.32222730 0.24904831 0.40725360 0.65799447
0.32173683 0.24937645 0.40706658 0.65936911
0.32167454 0.25100541 0.40801744 0.66261813
0.32162983 0.25159591 0.40834574 0.66382555
0.32111431 0.25263258 0.40858000 0.66660140
0.32127256 0.25385723 0.40946252 0.66871305
0.32110117 0.25417871 0.40952751 0.66958844
0.32052774 0.25543644 0.40986071 0.67286288
0.31988552 0.25593887 0.40967237 0.67479899
0.31966024 0.25768118 0.41058770 0.67845521
0.31992230 0.25826223 0.41115649 0.67915544
0.31967377 0.25940633 0.41168309 0.68169707
0.31948097 0.26066461 0.41232769 0.68436131
0.31911383 0.26127257 0.41242816 0.68606624
0.31852321 0.26242558 0.41270354 0.68913452
0.31825775 0.26280266 0.41273870 0.69024861
0.31775144 0.26450144 0.41343318 0.69419677
0.31793361 0.26582481 0.41442081 0.69636981
0.31753638 0.26625908 0.41439505 0.69778864
0.31739819 0.26744779 0.41505413 0.70019714
0.31758419 0.26845361 0.41584500 0.70175858
0.31644028 0.26915573 0.41542660 0.70482694
0.31676880 0.27046839 0.41652805 0.70671646
0.31643731 0.27100203 0.41662294 0.70820721
0.31601817 0.27217415 0.41706865 0.71099548
0.31572035 0.27345660 0.41768152 0.71378729
0.31546715 0.27431510 0.41805299 0.71573608
0.31495318 0.27513452 0.41820390 0.71802108
0.31457597 0.27696506 0.41912729 0.72190240
0.31486928 0.27715904 0.41947562 0.72178742
0.31392834 0.27876046 0.41983139 0.72613149
0.31382379 0.27888719 0.41983739 0.72652256
0.31360707 0.28034846 0.42064790 0.72946146
0.31344716 0.28093985 0.42092318 0.73076211
0.31247426 0.28252204 0.42125867 0.73510044
0.31288626 0.28310315 0.42195403 0.73546714
0.31258246 0.28421302 0.42247465 0.73789763
0.31237912 0.28521210 0.42299723 0.73996856
0.31246997 0.28651971 0.42394696 0.74210185
0.31178473 0.28765182 0.42420901 0.74516057
0.31058005 0.28890670 0.42417809 0.74926073
0.31094608 0.28973051 0.42500733 0.75009338
0.31062601 0.29004583 0.42498835 0.75114961
0.31058289 0.29151527 0.42596113 0.75374013
0.30957693 0.29267498 0.42602408 0.75734095
0.31028136 0.29381263 0.42731766 0.75814305
0.30924282 0.29475869 0.42721635 0.76142248
0.30936760 0.29601758 0.42817604 0.76334964
0.30919295 0.29713373 0.42882249 0.76551181
0.30864604 0.29776192 0.42886424 0.76745158
0.30851108 0.29955043 0.43001110 0.77066280
0.30799392 0.30009096 0.43001726 0.77240242
0.30772008 0.30112050 0.43054060 0.77455900
0.30678672 0.30215022 0.43059592 0.77778422
0.30728054 0.30309202 0.43160874 0.77853604
0.30629118 0.30421556 0.43169595 0.78199833
0.30613009 0.30614384 0.43294305 0.78542061
0.30620943 0.30635081 0.43314551 0.78562896
0.30550824 0.30750855 0.43347064 0.78866122
0.30553613 0.30825636 0.43402109 0.78982997
0.30525762 0.30991731 0.43500685 0.79297260
0.30422554 0.31083737 0.43494028 0.79614759
0.30425007 0.31212393 0.43587779 0.79817195
0.30370615 0.31236298 0.43566966 0.79944896
0.30375060 0.31439665 0.43716093 0.80261897
0.30323938 0.31505649 0.43728105 0.80450824
0.30275834 0.31614479 0.43773295 0.80702411
0.30250656 0.31709477 0.43824573 0.80893832
0.30243645 0.31864011 0.43931689 0.81148188
0.30155653 0.31997938 0.43968528 0.81503034
0.30166044 0.32045407 0.44010207 0.81559824
0.30116375 0.32173039 0.44069269 0.81840405
0.30141545 0.32256094 0.44147121 0.81927348
0.30048285 0.32405524 0.44192957 0.82312397
0.30023995 0.32495480 0.44242474 0.82490902
0.29993509 0.32585375 0.44287890 0.82679208
0.29946218 0.32724533 0.44358438 0.82970107
0.29932563 0.32835249 0.44430979 0.83161006
0.29894691 0.32925994 0.44472616 0.83361403
0.29857473 0.33114330 0.44587302 0.83707142
0.29810239 0.33195154 0.44615789 0.83907076
0.29750476 0.33264182 0.44627309 0.84110062
0.29729168 0.33418209 0.44728069 0.84375137
0.29645222 0.33527863 0.44754405 0.84678131
0.29654879 0.33616361 0.44827130 0.84792764
0.29589811 0.33719149 0.44861318 0.85053108
0.29533331 0.33881614 0.44946428 0.85385975
0.29593184 0.33927579 0.45020408 0.85352843
0.29552731 0.34101292 0.45124961 0.85673447
0.29470157 0.34196563 0.45143051 0.85949893
0.29386902 0.34289944 0.45159609 0.86224536
0.29362061 0.34423443 0.45244934 0.86458230
0.29334696 0.34496086 0.45282495 0.86608313
0.29296662 0.34683869 0.45401158 0.86940074
0.29257523 0.34760476 0.45434495 0.87114685
0.29183730 0.34932994 0.45519272 0.87482769
0.29169245 0.35080436 0.45623260 0.87714332
0.29131163 0.35127450 0.45635101 0.87844364
0.29106372 0.35265172 0.45725411 0.88078364
0.29040928 0.35332727 0.45735950 0.88282744
0.28991992 0.35500510 0.45834723 0.88597661
0.28985399 0.35619544 0.45922819 0.88772738
0.28884558 0.35737686 0.45951060 0.89105232
0.28899629 0.35844833 0.46043899 0.89226054
0.28800035 0.35947193 0.46061293 0.89533862
0.28782948 0.36067712 0.46144750 0.89726061
0.28746533 0.36218525 0.46240077 0.89991055
0.28739841 0.36304093 0.46302977 0.90117261
0.28614812 0.36425384 0.46320795 0.90491422
0.28594668 0.36606891 0.46451260 0.90766909
0.28595408 0.36695086 0.46521250 0.90882358
0.28566413 0.36821371 0.46603147 0.91097998
0.28465343 0.36960585 0.46651480 0.91452092
0.28419970 0.36999944 0.46655016 0.91580619
0.28345120 0.37154943 0.46732597 0.91909678
0.28403804 0.37336418 0.46912516 0.92044854
0.28338349 0.37407961 0.46929921 0.92248158
0.28234089 0.37592652 0.47014586 0.92662138
0.28257720 0.37668099 0.47089112 0.92718231
0.28170765 0.37771422 0.47119765 0.92997438
0.28165517 0.37945889 0.47256606 0.93227062
0.28070317 0.38031738 0.47268972 0.93497029
0.28067551 0.38145711 0.47359082 0.93644641
0.27999345 0.38243672 0.47397698 0.93883036
0.27910480 0.38416406 0.47484894 0.94248926
0.27856599 0.38551913 0.47563012 0.94508033
0.27819008 0.38687740 0.47651216 0.94738918
0.27836974 0.38816074 0.47765937 0.94865234
0.27770691 0.38948511 0.47835110 0.95139184
0.27693911 0.39050627 0.47873836 0.95393605
0.27657061 0.39161050 0.47942683 0.95589538
0.27637246 0.39314472 0.48056686 0.95807386
0.27538264 0.39505101 0.48156090 0.96203196
0.27513778 0.39532485 0.48164566 0.96277415
0.27483863 0.39849645 0.48408232 0.96702404
0.27384394 0.39858740 0.48359324 0.96882403
0.27343039 0.39958198 0.48417966 0.97069123
0.27309408 0.40090099 0.48507936 0.97279901
0.27223129 0.40163874 0.48520464 0.97512465
0.27239488 0.40339434 0.48675041 0.97687007
0.27187955 0.40481391 0.48764002 0.97937501
0.27100839 0.40604886 0.48818155 0.98226681
0.27074500 0.40787130 0.48955271 0.98478091
0.26937406 0.40937906 0.49005469 0.98881325
0.26965308 0.41022191 0.49091221 0.98928219
0.26905124 0.41180150 0.49190349 0.99206845
0.26821707 0.41282619 0.49230667 0.99462540
0.26772664 0.41439330 0.49335521 0.99718957
0.26692436 0.41524356 0.49363532 0.99948939
0.26651397 0.41658207 0.49454052 1.00165099
0.26618196 0.41850644 0.49598435 1.00430578
0.26611181 0.41957227 0.49684644 1.00557620
0.26546195 0.42100934 0.49771368 1.00822528
0.26628924 0.42260387 0.49950375 1.00852692
0.26090972 0.42355968 0.49747029 1.01870032
0.26232483 0.42499822 0.49943749 1.01779854
0.26235766 0.42618592 0.50046576 1.01898920
0.26151648 0.42784544 0.50144052 1.02215268
0.26126882 0.42939918 0.50263809 1.02418524
0.26039075 0.43064019 0.50324379 1.02695764
0.25974101 0.43227410 0.50430773 1.02973656
0.25936222 0.43378544 0.50540931 1.03191915
0.25871990 0.43446754 0.50566593 1.03370159
0.25783700 0.43675134 0.50718010 1.03750119
0.25765321 0.43763274 0.50784603 1.03869515
0.25707862 0.43921706 0.50892145 1.04124750
0.25599368 0.44077679 0.50972242 1.04463020
0.25550307 0.44209193 0.51061443 1.04675460
0.25533057 0.44413892 0.51230174 1.04904548
0.25532182 0.44481482 0.51288347 1.04971709
0.25460083 0.44632407 0.51383534 1.05239622
0.25331996 0.44740948 0.51414613 1.05560618
0.25213714 0.44901085 0.51496008 1.05913713
0.25228358 0.45021414 0.51608117 1.06003132
0.25171787 0.45209616 0.51744838 1.06276304
0.25134458 0.45364300 0.51861939 1.06484283
0.24999185 0.45540690 0.51951070 1.06876597
0.24972981 0.45650079 0.52034407 1.07021903
0.24916325 0.45799333 0.52138299 1.07254624
0.24827253 0.45939908 0.52219418 1.07533106
0.24775537 0.46089040 0.52326158 1.07755560
0.24740612 0.46290335 0.52487075 1.07995754
0.24573233 0.46441832 0.52542245 1.08412618
0.24543289 0.46549345 0.52623327 1.08558465
0.24429692 0.46723353 0.52724583 1.08902976
0.24388541 0.46864764 0.52830929 1.09096025
0.24311631 0.46980819 0.52898514 1.09326277
0.24319752 0.47141778 0.53045241 1.09452136
0.24237928 0.47305136 0.53153110 1.09729849
0.24101375 0.47506064 0.53270090 1.10129985
0.24065403 0.47596279 0.53334317 1.10266663
0.23936764 0.47747781 0.53411789 1.10609585
0.23980827 0.47928231 0.53592867 1.10686981
0.23827866 0.48089346 0.53668915 1.11076196
0.23794760 0.48233436 0.53783408 1.11250297
0.23696120 0.48360349 0.53853779 1.11518819
0.23592112 0.48536904 0.53966830 1.11835837
0.23473953 0.48714991 0.54075658 1.12176329
0.23482712 0.48842753 0.54194578 1.12264105
0.23431334 0.49058168 0.54366637 1.12520963
0.23316265 0.49211058 0.54455270 1.12832644
0.23234517 0.49355089 0.54550597 1.13081123
0.23213684 0.49501864 0.54674580 1.13229936
0.23094975 0.49730111 0.54831212 1.13602695
0.22967246 0.49827060 0.54865565 1.13888267
0.22941500 0.49968600 0.54983392 1.14038552
0.22850076 0.50196248 0.55152418 1.14361422
0.22765881 0.50333639 0.55242742 1.14603177
0.22672498 0.50492569 0.55349270 1.14875232
0.22617413 0.50646423 0.55467175 1.15079451
0.22527618 0.50815264 0.55584931 1.15350815
0.22441059 0.51018651 0.55736019 1.15640683
0.22419251 0.51137213 0.55835808 1.15761930
0.22315844 0.51314809 0.55957184 1.16058609
0.22175887 0.51447821 0.56023640 1.16382386
0.22091545 0.51687662 0.56210771 1.16689071
0.22086704 0.51813306 0.56324428 1.16784644
0.21991032 0.51970887 0.56432071 1.17050101
0.21868753 0.52139763 0.56540227 1.17365667
0.21772872 0.52330748 0.56679494 1.17651995
0.21705646 0.52519567 0.56828162 1.17888850
0.21572285 0.52700624 0.56944879 1.18226731
0.21508555 0.52868083 0.57075846 1.18441215
0.21470002 0.53040708 0.57221305 1.18617308
0.21350454 0.53232925 0.57354914 1.18936262
0.21260417 0.53371767 0.57450420 1.19171683
0.21170581 0.53558203 0.57590578 1.19436400
0.21063596 0.53739001 0.57719627 1.19723921
0.21010386 0.53896308 0.57846766 1.19908801
0.20925986 0.54117273 0.58022203 1.20182648
0.20836107 0.54303321 0.58163511 1.20442141
0.20683421 0.54479194 0.58273377 1.20794886
0.20603405 0.54678236 0.58431240 1.21043816
0.20503366 0.54847879 0.58554913 1.21305847
0.20492987 0.54991820 0.58686138 1.21408296
0.20355447 0.55173990 0.58809127 1.21735619
0.20237064 0.55447777 0.59025374 1.22084335
0.20137387 0.55574041 0.59109969 1.22315980
0.20072146 0.55708782 0.59214520 1.22497087
0.19903367 0.55953951 0.59388455 1.22904394
0.19807117 0.56100301 0.59494249 1.23139259
0.19740395 0.56279339 0.59640985 1.23344692
0.19619127 0.56520279 0.59828522 1.23669255
0.19538916 0.56679176 0.59952467 1.23882560
0.19414676 0.56860614 0.60083767 1.24176464
0.19388883 0.57067408 0.60271202 1.24327829
0.19219597 0.57250742 0.60390731 1.24690908
0.19111166 0.57482698 0.60576375 1.24982464
0.19046341 0.57634186 0.60699774 1.25162542
0.18907779 0.57783713 0.60798533 1.25456107
0.18800712 0.58037101 0.61006327 1.25752075
0.18699051 0.58205753 0.61135621 1.25995285
0.18568336 0.58417326 0.61297366 1.26303884
0.18457608 0.58614328 0.61451792 1.26572716
0.18352182 0.58826621 0.61622837 1.26839374
0.18213020 0.59001619 0.61748726 1.27138918
0.18143873 0.59185205 0.61903866 1.27333122
0.18038066 0.59435668 0.62112563 1.27614177
0.17963485 0.59600218 0.62248476 1.27805594
0.17804054 0.59766876 0.62362359 1.28127491
0.17673078 0.59998356 0.62547106 1.28433838
0.17567484 0.60200947 0.62711805 1.28686637
0.17456477 0.60462230 0.62931787 1.28972274
0.17324235 0.60635049 0.63061385 1.29249765
0.17203511 0.60848244 0.63233453 1.29525961
0.17098859 0.61036356 0.63386179 1.29765576
0.17003108 0.61192660 0.63511002 1.29977140
0.16873658 0.61414656 0.63690504 1.30266283
0.16719161 0.61674992 0.63900978 1.30607355
0.16632039 0.61866836 0.64063485 1.30816963
0.16578324 0.62085015 0.64260330 1.30985832
0.16372612 0.62279094 0.64395248 1.31372226
0.16250365 0.62528525 0.64605656 1.31653389
0.16136781 0.62737451 0.64779499 1.31904216
0.16050805 0.62977985 0.64991192 1.32124528
0.15928236 0.63152558 0.65130287 1.32373087
0.15792706 0.63374202 0.65312319 1.32657290
0.15641631 0.63588439 0.65483969 1.32960258
0.15476200 0.63827051 0.65676520 1.33291637
0.15327216 0.64088368 0.65895693 1.33604808
0.15217499 0.64230685 0.66008736 1.33816614
0.15044960 0.64457660 0.66190187 1.34149320
0.14949965 0.64709549 0.66414058 1.34374817
0.14813656 0.64974251 0.66641561 1.34663520
0.14608571 0.65200267 0.66816803 1.35037970
0.14514177 0.65351692 0.66944044 1.35225018
0.14385972 0.65652852 0.67210514 1.35508383
0.14301398 0.65846428 0.67381615 1.35692480
0.14142530 0.66072962 0.67569575 1.35993398
0.13998201 0.66363453 0.67823724 1.36291131
0.13839137 0.66515807 0.67940226 1.36566496
0.13722461 0.66810750 0.68205442 1.36822060
0.13518993 0.67055935 0.68405129 1.37185538
0.13389852 0.67262125 0.68581934 1.37429543
0.13286168 0.67508981 0.68803959 1.37647386
0.13095188 0.67735528 0.68989751 1.37982411
0.12951172 0.67971691 0.69194535 1.38251543
0.12821965 0.68212183 0.69406806 1.38499267
0.12644880 0.68491946 0.69649405 1.38823347
0.12450373 0.68676109 0.69795557 1.39145301
0.12324448 0.69009655 0.70101530 1.39406929
0.12170463 0.69247052 0.70308423 1.39681893
0.12048747 0.69483450 0.70520367 1.39909911
0.11863029 0.69659110 0.70662034 1.40211346
0.11670675 0.69920682 0.70887985 1.40540793
0.11578501 0.70167420 0.71116303 1.40725755
0.11367428 0.70460093 0.71371164 1.41084314
0.11286306 0.70695303 0.71590548 1.41248509
0.11047040 0.71003173 0.71857412 1.41644864
0.10828935 0.71211196 0.72029857 1.41988463
0.10708832 0.71462762 0.72260677 1.42205120
0.10520999 0.71770992 0.72538037 1.42524178
0.10356498 0.71987801 0.72728952 1.42791208
0.10166351 0.72296070 0.73007373 1.43109130
0.10027694 0.72555262 0.73244936 1.43345869
0.09808481 0.72777671 0.73435657 1.43683033
0.09646323 0.73064201 0.73698229 1.43953020
0.09495943 0.73382030 0.73993887 1.44210726
0.09301464 0.73599407 0.74184837 1.44508318
0.09112409 0.73871109 0.74431020 1.44806084
0.08950180 0.74166275 0.74704364 1.45069984
0.08793503 0.74408950 0.74926747 1.45316389
0.08576932 0.74712954 0.75203652 1.45649822
0.08379725 0.75021849 0.75488394 1.45956027
0.08172422 0.75301931 0.75744104 1.46269072
0.07935923 0.75565740 0.75981313 1.46615977
0.07812881 0.75854942 0.76256235 1.46816059
0.07649880 0.76145704 0.76529007 1.47066858
0.07385132 0.76396995 0.76753118 1.47442792
0.07223780 0.76678118 0.77017639 1.47686442
0.07010965 0.77008527 0.77327012 1.48000521
0.06875543 0.77284872 0.77590106 1.48206629
0.06665209 0.77562124 0.77847981 1.48507311
0.06393600 0.77859417 0.78121488 1.48886293
0.06215002 0.78186478 0.78433103 1.49147364
0.05956936 0.78417217 0.78643150 1.49497730
0.05741605 0.78752088 0.78961114 1.49801775
0.05536838 0.79135650 0.79329110 1.50094374
0.05357062 0.79344243 0.79524883 1.50338194
0.05172468 0.79657048 0.79824807 1.50595314
0.04955760 0.80036628 0.80189908 1.50895663
0.04716526 0.80313060 0.80451434 1.51213694
0.04465559 0.80620853 0.80744432 1.51546324
0.04255232 0.80908586 0.81020407 1.51825166
0.03995104 0.81250376 0.81348537 1.52166561
0.03815779 0.81603750 0.81692914 1.52407051
0.03574074 0.81848139 0.81926137 1.52715692
0.03338804 0.82223705 0.82291466 1.53021228
0.03150060 0.82511257 0.82571365 1.53263752
0.02871916 0.82861569 0.82911323 1.53615099
0.02599584 0.83242988 0.83283569 1.53957760
0.02384447 0.83559197 0.83593212 1.54226805
0.02151817 0.83816311 0.83843928 1.54512896
0.01895668 0.84227939 0.84249268 1.54829372
0.01630071 0.84506401 0.84522121 1.55150940
0.01372173 0.84888912 0.84900002 1.55463340
0.01150787 0.85191051 0.85198823 1.55728884
0.00871184 0.85581809 0.85586243 1.56061713
0.00581745 0.85906217 0.85908187 1.56402457
0.00250805 0.86244776 0.86245141 1.56788827
0.00162418 0.86594056 0.86594209 1.56892071
-0.00192572 0.86943566 0.86943780 1.57301124
-0.00485709 0.87273690 0.87275041 1.57636162
-0.00719625 0.87669089 0.87672043 1.57900457
-0.00951020 0.88018160 0.88023298 1.58160073
-0.01278812 0.88371676 0.88380928 1.58526616
-0.01519965 0.88761598 0.88774611 1.58791879
-0.01850165 0.89123395 0.89142597 1.59155293
-0.02113253 0.89487656 0.89512605 1.59440696
-0.02452243 0.89847334 0.89880793 1.59808300
-0.02744371 0.90262409 0.90304120 1.60119132
-0.02986105 0.90678517 0.90727671 1.60371510
-0.03287435 0.90969442 0.91028823 1.60691840
-0.03609843 0.91363224 0.91434510 1.61028668
-0.03910317 0.91750964 0.91834253 1.61338937
-0.04183056 0.92220517 0.92315338 1.61612454
-0.04509801 0.92604052 0.92713800 1.61945771
-0.04857966 0.92967105 0.93093944 1.62300352
-0.05138733 0.93444174 0.93585363 1.62573354
-0.05632281 0.93087748 0.93257983 1.63122773
-0.05783402 0.94128799 0.94306301 1.63216055
-0.06120477 0.94523764 0.94721709 1.63545673
-0.06421725 0.94946370 0.95163290 1.63832877
-0.06803799 0.95318280 0.95560798 1.64205526
-0.07099079 0.95787913 0.96050618 1.64477356
-0.07482819 0.96195516 0.96486112 1.64842761
-0.07744917 0.96652646 0.96962455 1.65075693
-0.08170001 0.97089469 0.97432613 1.65474774
-0.08491729 0.97507579 0.97876644 1.65766504
-0.08856362 0.97859947 0.98259881 1.66105083
-0.09183857 0.98400956 0.98828596 1.66385772
-0.09558939 0.98862901 0.99323947 1.66718553
-0.09996439 0.99254232 0.99756360 1.67117334
-0.10295918 0.99670212 1.00200584 1.67373108
-0.10689303 1.00193070 1.00761662 1.67708134
-0.11094677 1.00640576 1.01250271 1.68059357
-0.11444069 1.01051534 1.01697488 1.68356568
-0.11811902 1.01501362 1.02186337 1.68664710
-0.12143146 1.01971476 1.02691956 1.68932191
-0.12653309 1.02526792 1.03304643 1.69359006
-0.13072620 1.02913340 1.03740296 1.69714517
-0.13435521 1.03444562 1.04313425 1.69995467
-0.13822841 1.03870278 1.04785999 1.70309690
-0.14223745 1.04401475 1.05365948 1.70620349
-0.14649329 1.04871375 1.05889604 1.70958678
-0.15119838 1.05361087 1.06440444 1.71332818
-0.15507011 1.05837948 1.06967933 1.71627775
-0.15943336 1.06337281 1.07525845 1.71961954
-0.16421905 1.06863544 1.08117973 1.72327525
-0.16811981 1.07425350 1.08732923 1.72603632
-0.17317288 1.07915575 1.09296202 1.72991051
-0.17785689 1.08399948 1.09849349 1.73342204
-0.18235409 1.08932139 1.10447911 1.73665994
-0.18682809 1.09467450 1.11050304 1.73983759
-0.19120133 1.10041594 1.11690339 1.74283246
-0.19572967 1.10567645 1.12286709 1.74600377
-0.20102026 1.11053562 1.12858252 1.74986932
-0.20630376 1.11679793 1.13569312 1.75346501
-0.21116642 1.12170261 1.14140615 1.75687379
-0.21597058 1.12767312 1.14816808 1.76002373
-0.22145652 1.13325135 1.15468680 1.76378125
-0.22655831 1.13941384 1.16171966 1.76707394
-0.23117819 1.14495888 1.16806430 1.77002736
-0.23642294 1.15095003 1.17498161 1.77339361
-0.24252125 1.15666879 1.18182031 1.77747451
-0.24719614 1.16288997 1.18887300 1.78024920
-0.25286290 1.16815122 1.19520581 1.78397156
-0.25816521 1.17467545 1.20271015 1.78713275
-0.26402366 1.18018284 1.20935521 1.79088659
-0.27023385 1.18770569 1.21806040 1.79451369
-0.27532754 1.19274189 1.22410722 1.79765839
-0.28065605 1.19959698 1.23199056 1.80062117
-0.28760513 1.20569012 1.23951820 1.80496021
-0.29316901 1.21232247 1.24726655 1.80806552
-0.29935412 1.21852088 1.25475337 1.81169564
-0.30607814 1.22511319 1.26276924 1.81562121
-0.31149855 1.23166409 1.27044393 1.81851070
-0.31743796 1.23818426 1.27822812 1.82176477
-0.32453543 1.24474671 1.28635828 1.82584249
-0.33133610 1.25212594 1.29522314 1.82948587
-0.33734367 1.25900041 1.30341198 1.83259240
-0.34409394 1.26582654 1.31176121 1.83621621
-0.35152129 1.27317363 1.32080972 1.84018349
-0.35779877 1.27935233 1.32844358 1.84350066
-0.36474511 1.28738238 1.33805545 1.84688383
-0.37210919 1.29422876 1.34666007 1.85075930
-0.37914612 1.30238662 1.35645224 1.85408325
-0.38694067 1.30997485 1.36592723 1.85800943
-0.39351676 1.31725989 1.37478328 1.86109574
-0.40070029 1.32458366 1.38386510 1.86455462
-0.40861172 1.33222304 1.39347830 1.86840150
-0.41608557 1.33980327 1.40292552 1.87191027
-0.42355641 1.34789213 1.41287410 1.87526208
-0.43225663 1.35582962 1.42306702 1.87942251
-0.44018249 1.36457224 1.43381241 1.88283705
-0.44867479 1.37172724 1.44324103 1.88691511
-0.45651184 1.37996335 1.45351364 1.89027819
-0.46542444 1.38840600 1.46433982 1.89424585
-0.47342874 1.39723016 1.47525824 1.89748906
-0.48230660 1.40538159 1.48583884 1.90138748
-0.49135219 1.41478342 1.49767791 1.90506246
-0.49995584 1.42337071 1.50862190 1.90858234
-0.50876262 1.43223516 1.51991347 1.91211640
-0.51892247 1.44126657 1.53183872 1.91639276
-0.52756775 1.45048799 1.54345170 1.91963892
-0.53666773 1.45966737 1.55519809 1.92312033
-0.54642308 1.46922813 1.56754888 1.92685667
-0.55673948 1.47843306 1.57978579 1.93094624
-0.56706943 1.48869273 1.59303916 1.93474501
-0.57687887 1.49768891 1.60494901 1.93846138
-0.58692092 1.50763707 1.61785218 1.94204341
-0.59816250 1.51779231 1.63140794 1.94620649
-0.60781421 1.52753782 1.64402248 1.94949495
-0.61846330 1.53780033 1.65750618 1.95317543
-0.63066040 1.54895211 1.67241896 1.95745378
-0.64164997 1.55903799 1.68591641 1.96123507
-0.65257816 1.56989094 1.70012230 1.96474964
-0.66475697 1.58076438 1.71485213 1.96887375
-0.67592759 1.59161905 1.72919904 1.97239527
-0.68826823 1.60312639 1.74462815 1.97632773
-0.70004646 1.61429966 1.75955348 1.97997355
-0.71257534 1.62581157 1.77511320 1.98386882
-0.72566252 1.63689274 1.79053174 1.98807886
-0.73788885 1.64910547 1.80666234 1.99152593
-0.75136336 1.66107535 1.82310675 1.99559077
-0.76467999 1.67337059 1.83981103 1.99943129
-0.77902225 1.68650540 1.85773414 2.00351453
-0.79240925 1.69852640 1.87427435 2.00730919
-0.80606106 1.71183122 1.89211537 2.01087487
-0.82078978 1.72458167 1.90994183 2.01500774
-0.83530165 1.73788638 1.92820588 2.01883817
-0.85038542 1.75159033 1.94710659 2.02277139
-0.86542852 1.76463298 1.96542516 2.02675847
-0.88079263 1.77841684 1.98458109 2.03065103
-0.89762483 1.79306966 2.00520052 2.03493013
-0.91329946 1.80700017 2.02468899 2.03877292
-0.92973019 1.82170164 2.04523718 2.04270039
-0.94666108 1.83634122 2.06599039 2.04677860
-0.96330555 1.85131237 2.08693916 2.05058052
-0.98095238 1.86653726 2.10860829 2.05467176
-0.99893997 1.88207864 2.13075129 2.05875133
-1.01723182 1.89762484 2.15307701 2.06287042
-1.03563098 1.91432690 2.17650614 2.06669547
-1.05412997 1.93062770 2.19966209 2.07056622
-1.07417735 1.94790334 2.22445149 2.07475448
-1.09426394 1.96446742 2.24867646 2.07901952
-1.11411947 1.98198038 2.27365530 2.08290040
-1.13504803 1.99994656 2.29959133 2.08700553
-1.15655518 2.01866303 2.32650388 2.09107451
-1.17774262 2.03633870 2.35239304 2.09515419
-1.20012494 2.05554983 2.38024893 2.09925334
-1.22208011 2.07433356 2.40755882 2.10319485
-1.24576351 2.09384740 2.43641615 2.10750455
-1.26976089 2.11433476 2.46631389 2.11161915
-1.29397387 2.13460555 2.49617893 2.11575396
-1.31823619 2.15503559 2.52624723 2.11977469
-1.34449451 2.17730854 2.55897205 2.12398635
-1.37055356 2.19807759 2.59035947 2.12833336
-1.39671067 2.22050103 2.62324713 2.13227188
-1.42436864 2.24264557 2.65674334 2.13664609
-1.45201918 2.26580337 2.69113816 2.14070575
-1.48052495 2.29028607 2.72715317 2.14466251
-1.51029058 2.31452749 2.76369592 2.14894561
-1.54089088 2.33849630 2.80051953 2.15341932
-1.57208925 2.36423007 2.83919855 2.15760790
-1.60354146 2.39018372 2.87825006 2.16171451
-1.63633734 2.41685263 2.91869432 2.16595505
-1.67005192 2.44342138 2.95962523 2.17035500
-1.70512364 2.47222080 3.00321866 2.17458507
-1.74090531 2.50041415 3.04677242 2.17899891
-1.77689172 2.53000609 3.09164601 2.18308236
-1.81450479 2.56038980 3.13815608 2.18732608
-1.85284049 2.59055993 3.18496760 2.19166935
-1.89265499 2.62300367 3.23454652 2.19584613
-1.93424776 2.65542304 3.28520713 2.20033877
-1.97629698 2.68881405 3.33698528 2.20463262
-2.01964384 2.72331516 3.39048768 2.20890762
-2.06419249 2.75923286 3.44590432 2.21308274
-2.11084452 2.79525432 3.50272913 2.21758717
-2.15948209 2.83249508 3.56179608 2.22218360
-2.20780257 2.87103009 3.62176835 2.22634267
-2.25901937 2.91033808 3.68418732 2.23085887
-2.31124993 2.95164001 3.74887383 2.23510944
-2.36599652 2.99347704 3.81560537 2.23964632
-2.42283775 3.03739443 3.88534525 2.24411479
-2.48107312 3.08257439 3.95701765 2.24850002
-2.54094584 3.12980430 4.03138695 2.25272397
-2.60350939 3.17743217 4.10783840 2.25724032
-2.66857419 3.22706633 4.18751063 2.26174665
-2.73592447 3.27830283 4.26995927 2.26625524
-2.80602218 3.33170393 4.35591685 2.27075536
-2.87798484 3.38673809 4.44441128 2.27516309
-2.95359100 3.44403517 4.53707814 2.27968380
-3.03271917 3.50345839 4.63374646 2.28429806
-3.11422894 3.56439574 4.73321655 2.28889218
-3.19913047 3.62895612 4.83774310 2.29332779
-3.28813698 3.69530731 4.94642709 2.29795534
-3.38037238 3.76524786 5.06004040 2.30238475
-3.47678158 3.83719091 5.17803479 2.30695749
-3.57830003 3.91279791 5.30228428 2.31157141
-3.68326640 3.99164184 5.43135858 2.31603640
-3.79392366 4.07392301 5.56692962 2.32062170
-3.91049048 4.16000920 5.70943187 2.32528695
-4.03229475 4.24964239 5.85823022 2.32995694
-4.15977502 4.34472590 6.01501217 2.33445051
-4.29481235 4.44451005 6.18054065 2.33906695
-4.43637615 4.54756538 6.35309249 2.34381868
-4.58615961 4.65748155 6.53643590 2.34847886
-4.74375306 4.77394255 6.73006096 2.35302257
-4.91037411 4.89573468 6.93397375 2.35768738
-5.08815030 5.02452909 7.15088569 2.36248564
-5.27503867 5.16152390 7.38020067 2.36707070
-5.47468376 5.30716409 7.62483789 2.37173044
-5.68736153 5.46120119 7.88484621 2.37647776
-5.91385716 5.62555505 8.16214286 2.38117342
-6.15617730 5.80080817 8.45859885 2.38590637
-6.41594526 5.98780205 8.77599721 2.39069804
-6.69465873 6.18867856 9.11691823 2.39544831
-6.99463130 6.40465025 9.48390277 2.40019687
-7.31980822 6.63797893 9.88141471 2.40500507
-7.66989773 6.88991729 10.31010628 2.40971410
-8.05151329 7.16302286 10.77663040 2.41452571
-8.46818206 7.46134872 11.28635602 2.41931599
-8.92350736 7.78660718 11.84315139 2.42412645
-9.42486658 8.14358488 12.45576512 2.42899642
-9.97659197 8.53862443 13.13166000 2.43370300
-10.59043100 8.97469887 13.88173074 2.43858976
-11.27552784 9.46155854 14.71932804 2.44344704
-12.04527135 10.00847582 15.66071997 2.44828922
-12.91593078 10.62544007 16.72486904 2.45318560
-13.90812198 11.32877054 17.93814090 2.45804641
-15.05067913 12.13748056 19.33497806 2.46293676
-16.37948298 13.07750299 20.95968862 2.46782347
-17.94361737 14.18209796 22.87149551 2.47275127
-19.81243997 15.50158324 25.15614956 2.47766559
-22.08307021 17.10377152 27.93207816 2.48258276
-24.90222581 19.09112466 31.37820726 2.48752464
-28.49413580 21.62160412 35.76883476 2.49247764
-33.22675206 24.95450262 41.55411235 2.49742853
-39.74508883 29.54206640 49.52177070 2.50240078
-49.29248091 36.25970126 61.19243915 2.50736942
-64.62135615 47.04076931 79.92967939 2.51235705
-93.25343267 67.17397399 114.92843637 2.51734715
-165.77437168 118.15769094 203.57402151 2.52235277
-713.91161993 503.47037155 873.58583785 2.52736666
315.27531286 -219.97840006 384.43337445 -0.60920374
130.10704425 -89.80926689 158.09347672 -0.60416731
82.35632317 -56.23781908 99.72590567 -0.59912958
60.45399567 -40.83519255 72.95339981 -0.59407625
47.88371312 -31.99280465 57.58810234 -0.58901874
39.72981587 -26.25427138 47.62084663 -0.58394423
34.01312633 -22.22849336 40.63248307 -0.57885060
29.78316674 -19.24908494 35.46215295 -0.57377508
26.52749525 -16.95406051 31.48250581 -0.56868351
23.94441414 -15.13087988 28.32452108 -0.56355781
21.84503806 -13.64832998 25.75815597 -0.55844067
20.10560787 -12.41915465 23.63198828 -0.55332979
18.64083281 -11.38215150 21.84110850 -0.54817949
17.39095447 -10.49649610 20.31309252 -0.54303353
16.31188622 -9.73073220 18.99380902 -0.53787329
15.37100514 -9.06259652 17.84372311 -0.53273019
14.54427444 -8.47359045 16.83263658 -0.52753206
13.81050198 -7.95048049 15.93549826 -0.52234793
13.15627380 -7.48344548 15.13570271 -0.51717135
12.56789787 -7.06393577 14.41704704 -0.51205655
12.03861805 -6.68290848 13.76915358 -0.50676757
11.55802925 -6.33737523 13.18144017 -0.50154426
11.12001549 -6.02231895 12.64606935 -0.49635164
10.71944593 -5.73335455 12.15639237 -0.49114165
10.35236914 -5.46669231 11.70710347 -0.48584433
10.01400590 -5.22130203 11.29346311 -0.48062062
9.70161551 -4.99373172 10.91140229 -0.47536361
9.41162820 -4.78219328 10.55689907 -0.47011884
9.14269706 -4.58457446 10.22776771 -0.46480423
8.89310188 -4.40032226 9.92220223 -0.45948036
8.65931409 -4.22766456 9.63622687 -0.45418060
8.44054324 -4.06612515 9.36889235 -0.44893106
8.23542515 -3.91406167 9.11822933 -0.44366971
8.04408976 -3.77038068 8.88387025 -0.43830737
7.86304031 -3.63428402 8.66229896 -0.43295162
7.69324162 -3.50592985 8.45443734 -0.42759680
7.53236601 -3.38485729 8.25795354 -0.42233409
7.38112882 -3.26944024 8.07281253 -0.41697221
7.23877919 -3.15989593 7.89840911 -0.41159038
7.10202254 -3.05501388 7.73122461 -0.40623402
6.97361208 -2.95561438 7.57409545 -0.40087782
6.85122756 -2.85979740 7.42413363 -0.39542762
6.73521635 -2.76880938 7.28213187 -0.39003373
6.62495865 -2.68234217 7.14737970 -0.38470993
6.51975335 -2.59853695 7.01851680 -0.37926757
6.41971836 -2.51888232 6.89619837 -0.37390849
6.32410594 -2.44183577 6.77915023 -0.36848004
6.23281275 -2.36798819 6.66748250 -0.36307962
6.14639973 -2.29680312 6.56151919 -0.35761526
6.06278632 -2.22776135 6.45912522 -0.35213374
5.98376838 -2.16245192 6.36252169 -0.34678229
5.90751630 -2.09818619 6.26906167 -0.34127521
5.83514938 -2.03718474 6.18054123 -0.33589330
5.76449421 -1.97713541 6.09413307 -0.33041182
5.69801633 -1.91984109 6.01275144 -0.32498539
5.63399585 -1.86370725 5.93424923 -0.31946585
5.57268383 -1.80946038 5.85909139 -0.31396215
5.51428312 -1.75640770 5.78725205 -0.30835955
5.45710584 -1.70581325 5.71749971 -0.30296294
5.40254191 -1.65662789 5.65082959 -0.29753607
5.35050130 -1.60757892 5.58678568 -0.29187315
5.30016128 -1.56110358 5.52528315 -0.28643910
5.25214223 -1.51577203 5.46649457 -0.28096621
5.20601051 -1.47081268 5.40979070 -0.27534585
5.16122761 -1.42773611 5.35506311 -0.26987841
5.11886109 -1.38525595 5.30298717 -0.26428775
5.07687098 -1.34384811 5.25171845 -0.25876546
5.03808175 -1.30353203 5.20398535 -0.25318353
5.00009990 -1.26426118 5.15745628 -0.24765656
4.96347056 -1.22537596 5.11249316 -0.24203897
4.92786713 -1.18780244 5.06899882 -0.23652606
4.89319533 -1.15079111 5.02669680 -0.23098436
4.86144718 -1.11467287 4.98760106 -0.22539232
4.82957505 -1.07935018 4.94871619 -0.21987446
4.79972733 -1.04513665 4.91219839 -0.21440238
4.77091954 -1.01063292 4.87678708 -0.20874606
4.74397674 -0.97644797 4.84342502 -0.20299403
4.71624833 -0.94375228 4.80974705 -0.19749803
4.69081077 -0.91170902 4.77858965 -0.19196727
4.66637645 -0.87979764 4.74859064 -0.18635224
4.64260302 -0.84846265 4.71949697 -0.18076097
4.62089375 -0.81794426 4.69272755 -0.17519524
4.59870840 -0.78736669 4.66562592 -0.16957054
4.57796858 -0.75692226 4.64012151 -0.16385779
4.55802648 -0.72779299 4.61576516 -0.15833624
4.53842961 -0.69844864 4.59185952 -0.15269855
4.52101720 -0.66899757 4.57024664 -0.14690893
4.50360596 -0.64118722 4.54902052 -0.14142155
4.48688184 -0.61334369 4.52860896 -0.13585507
4.47133831 -0.58546072 4.50950446 -0.13019568
4.45675270 -0.55761266 4.49150048 -0.12446956
4.44289958 -0.53057346 4.47446811 -0.11885765
4.42900214 -0.50395535 4.45758129 -0.11329802
4.41629945 -0.47706775 4.44199217 -0.10760705
4.40471523 -0.45044836 4.42768788 -0.10191076
4.39321011 -0.42374254 4.41359862 -0.09615651
4.38339801 -0.39782375 4.40141362 -0.09050897
4.37347050 -0.37259378 4.38931319 -0.08498886
4.36375835 -0.34693305 4.37752778 -0.07933639
4.35585256 -0.32129281 4.36768596 -0.07362784
4.34750128 -0.29622876 4.35758176 -0.06803255
4.34078595 -0.27140452 4.34926236 -0.06244300
4.33350682 -0.24597114 4.34048191 -0.05669946
4.32824823 -0.22116159 4.33389492 -0.05105285
4.32308471 -0.19623910 4.32753638 -0.04536216
4.31885658 -0.17132299 4.32225332 -0.03964781
4.31405240 -0.14658408 4.31654202 -0.03396521
4.31081194 -0.12234789 4.31254781 -0.02837402
4.30851372 -0.09735022 4.30961338 -0.02259101
4.30598457 -0.07330352 4.30660847 -0.01702199
4.30425129 -0.04892400 4.30452933 -0.01136595
4.30357010 -0.02417719 4.30363801 -0.00561788
