0000000000100010011011010011
0000000000100010011011011011
0000000000100010011011110001
0000000000100010011100101010
0000000000100010011101111101
0000000000100010011111001000
0000000000100010100000110010
0000000000100010100011010000
0000000000100010100101011010
0000000000100010101000000100
0000000000100010101010110000
0000000000100010101110011110
0000000000100010110001111010
0000000000100010110110001100
0000000000100010111010001111
0000000000100010111111001101
0000000000100011000100010011
0000000000100011001001010100
0000000000100011001111001101
0000000000100011010101001001
0000000000100011011011101001
0000000000100011100010110000
0000000000100011101001110110
0000000000100011110001010100
0000000000100011111001010010
0000000000100100000001110110
0000000000100100001010110000
0000000000100100010011101011
0000000000100100011101101101
0000000000100100100111111010
0000000000100100110010100010
0000000000100100111101111001
0000000000100101001001000000
0000000000100101010101001011
0000000000100101100001101100
0000000000100101101110101110
0000000000100101111100111010
0000000000100110001010101101
0000000000100110011001011101
0000000000100110101000101111
0000000000100110111001000011
0000000000100111001001010100
0000000000100111011011000100
0000000000100111101101010011
0000000000101000000000000011
0000000000101000010011011111
0000000000101000100111010110
0000000000101000111100110110
0000000000101001010010100011
0000000000101001101001011110
0000000000101010000001000110
0000000000101010011001101011
0000000000101010110011011101
0000000000101011001110000110
0000000000101011101010000010
0000000000101100000111010100
0000000000101100100101001101
0000000000101101000100100110
0000000000101101100101011000
0000000000101110000111011010
0000000000101110101011100110
0000000000101111010000101001
0000000000101111110111101100
0000000000110000100000001001
0000000000110001001010111101
0000000000110001110111001100
0000000000110010100101111100
0000000000110011010110111001
0000000000110100001010000111
0000000000110100111111111110
0000000000110101111000011011
0000000000110110110011110101
0000000000110111110010011111
0000000000111000110100001111
0000000000111001111010010000
0000000000111011000011001000
0000000000111100010000100100
0000000000111101100010111100
0000000000111110111001111000
0000000001000000010110100100
0000000001000001111000100010
0000000001000011100001100011
0000000001000101010001100100
0000000001000111001001010001
0000000001001001001001000011
0000000001001011010010110000
0000000001001101100111001110
0000000001010000000111001010
0000000001010010110100011010
0000000001010101110000010110
0000000001011000111101011100
0000000001011100011101101101
0000000001100000010011110001
0000000001100100100010110000
0000000001101001010000000000
0000000001101110011110111110
0000000001110100010110101010
0000000001111010111101111101
0000000010000010011111101011
0000000010001011001000001010
0000000010010101001000000110
0000000010100000110110000100
0000000010101110110000101010
0000000010111111100011100010
0000000011010100001110000100
0000000011101110010000111110
0000000100010000000110101110
0000000100111101110101101010
0000000101111111000100011101
0000000111100011101000011100
0000001010010010110110011011
0000010000010000110110110011
0000100111011010001100111101
1110100110110000101101010001
1111101011010001110011100010
1111110100010101111110010000
1111110111111011000001111000
1111111001110101101010010000
1111111011000010000010100001
1111111011110110001011111010
1111111100011100000011000001
1111111100111000110010000100
1111111101001111010101011110
1111111101100001100000000010
1111111101110000011100111000
1111111101111100111101101110
1111111110000111100110000100
1111111110010000101111000011
1111111110011000101011000011
1111111110011111101000110101
1111111110100101110010111100
1111111110101011010001101101
1111111110110000001100000000
1111111110110100100110011110
1111111110111000100111001011
1111111110111100010000010011
1111111110111111100101101001
1111111111000010101001000001
1111111111000101011100010001
1111111111001000000010110000
1111111111001010011100010110
1111111111001100101011000011
1111111111001110110000000011
1111111111010000101100000111
1111111111010010100000000101
1111111111010100001100111110
1111111111010101110011001100
1111111111010111010010111000
1111111111011000101101111001
1111111111011010000011001101
1111111111011011010011111001
1111111111011100100000100101
1111111111011101101001000100
1111111111011110101110001101
1111111111011111101111011110
1111111111100000101101110110
1111111111100001101001100001
1111111111100010100010001011
1111111111100011010111111011
1111111111100100001011111001
1111111111100100111101010000
1111111111100101101100011111
1111111111100110011010000011
1111111111100111000101100001
1111111111100111101111010000
1111111111101000010111110001
1111111111101000111110011111
1111111111101001100011010101
1111111111101010000111001110
1111111111101010101001101101
1111111111101011001011000001
1111111111101011101011000011
1111111111101100001001101101
1111111111101100100111100001
1111111111101101000100101000
1111111111101101100000101001
1111111111101101111011011001
1111111111101110010101100111
1111111111101110101110010111
1111111111101111000111010000
1111111111101111011111001001
1111111111101111110101111101
1111111111110000001100001001
1111111111110000100001101011
1111111111110000110110111110
1111111111110001001011010111
1111111111110001011110111111
1111111111110001110010001111
1111111111110010000100101011
1111111111110010010110111111
1111111111110010101000111100
1111111111110010111010001101
1111111111110011001011000000
1111111111110011011011000110
1111111111110011101011000101
1111111111110011111010101111
1111111111110100001001111111
1111111111110100011000100101
1111111111110100100110101111
1111111111110100110100111001
1111111111110101000010010010
1111111111110101001111101000
1111111111110101011101000101
1111111111110101101001100000
1111111111110101110101111001
1111111111110110000010001011
1111111111110110001110010011
1111111111110110011001100011
1111111111110110100101000000
1111111111110110101111110110
1111111111110110111010110111
1111111111110111000101100101
1111111111110111001111110000
1111111111110111011010000010
1111111111110111100100010011
1111111111110111101101110001
1111111111110111110111001100
1111111111111000000000100011
1111111111111000001001110001
1111111111111000010010110011
1111111111111000011011010100
1111111111111000100011111111
1111111111111000101100011010
1111111111111000110100011011
1111111111111000111101000011
1111111111111001000100111010
1111111111111001001100100111
1111111111111001010100010101
1111111111111001011011110001
1111111111111001100011010011
1111111111111001101010010011
1111111111111001110001001001
1111111111111001111000011111
1111111111111001111111010100
1111111111111010000110001101
1111111111111010001100011110
1111111111111010010011001011
1111111111111010011001100101
1111111111111010011111100111
1111111111111010100101111100
1111111111111010101011101010
1111111111111010110001111001
1111111111111010110111011111
1111111111111010111101000111
1111111111111011000011010111
1111111111111011001000110100
1111111111111011001101110000
1111111111111011010011100000
1111111111111011011000101001
1111111111111011011101101011
1111111111111011100010111101
1111111111111011101000001111
1111111111111011101101001111
1111111111111011110001111001
1111111111111011110110010100
1111111111111011111011100001
1111111111111100000000000010
1111111111111100000100011100
1111111111111100001001000100
1111111111111100001101100111
1111111111111100010001101101
1111111111111100010110010010
1111111111111100011010010010
1111111111111100011110101001
1111111111111100100010101100
1111111111111100100111001001
1111111111111100101010111110
1111111111111100101110110011
1111111111111100110010110110
1111111111111100110110100010
1111111111111100111001111001
1111111111111100111101111001
1111111111111101000001011111
1111111111111101000101010001
1111111111111101001000110100
1111111111111101001100000010
1111111111111101001111110101
1111111111111101010011010010
1111111111111101010110010111
1111111111111101011001110110
1111111111111101011101011111
1111111111111101100000100001
1111111111111101100011010011
1111111111111101100110101111
1111111111111101101001111010
1111111111111101101100110000
1111111111111101110000010100
1111111111111101110011000011
1111111111111101110101101001
1111111111111101111000110101
1111111111111101111011110101
1111111111111101111110100011
1111111111111110000001011100
1111111111111110000011110110
1111111111111110000110111101
1111111111111110001001101001
1111111111111110001100000001
1111111111111110001110101000
1111111111111110010001011100
1111111111111110010011111001
1111111111111110010110011000
1111111111111110011001000101
1111111111111110011011110011
1111111111111110011110000111
1111111111111110100000010111
1111111111111110100010101001
1111111111111110100100111100
1111111111111110100111010110
1111111111111110101001111100
1111111111111110101011111011
1111111111111110101110011000
1111111111111110110000100111
1111111111111110110010100110
1111111111111110110101000000
1111111111111110110111001100
1111111111111110111001001111
1111111111111110111011001110
1111111111111110111101000101
1111111111111110111111001110
1111111111111111000001110101
1111111111111111000011100010
1111111111111111000101011011
1111111111111111000111001101
1111111111111111001001010010
1111111111111111001011010011
1111111111111111001100110101
1111111111111111001111000100
1111111111111111010000111111
1111111111111111010010101010
1111111111111111010100100010
1111111111111111010110001011
1111111111111111011000010111
1111111111111111011001101101
1111111111111111011011101010
1111111111111111011101001011
1111111111111111011111001000
1111111111111111100000101011
1111111111111111100010011001
1111111111111111100011001011
1111111111111111100101101101
1111111111111111100111001001
1111111111111111101000111011
1111111111111111101010100110
1111111111111111101011111111
1111111111111111101101100010
1111111111111111101111001011
1111111111111111110000101110
1111111111111111110001111101
1111111111111111110011011101
1111111111111111110101001100
1111111111111111110110100010
1111111111111111111000001110
1111111111111111111001011101
1111111111111111111011001001
1111111111111111111100010101
1111111111111111111101100001
1111111111111111111111000001
0000000000000000000000110101
0000000000000000000001010010
0000000000000000000010111110
0000000000000000000100011101
0000000000000000000101111001
0000000000000000000111000001
0000000000000000001000010110
0000000000000000001001101101
0000000000000000001011000001
0000000000000000001100001101
0000000000000000001101010011
0000000000000000001110101101
0000000000000000010000001000
0000000000000000010001000110
0000000000000000010010010011
0000000000000000010011100010
0000000000000000010100011101
0000000000000000010101110010
0000000000000000010110110111
0000000000000000011000001001
0000000000000000011001010111
0000000000000000011010011110
0000000000000000011011011011
0000000000000000011100010110
0000000000000000011101011001
0000000000000000011110011111
0000000000000000011111110100
0000000000000000100000101111
0000000000000000100010001000
0000000000000000100011001100
0000000000000000100011111001
0000000000000000100100111111
0000000000000000100101110011
0000000000000000100111001010
0000000000000000101000000000
0000000000000000101000101000
0000000000000000101001110101
0000000000000000101010111001
0000000000000000101011111010
0000000000000000101101000001
0000000000000000101101110100
0000000000000000101110101001
0000000000000000101111100111
0000000000000000110000100111
0000000000000000110001011000
0000000000000000110010001110
0000000000000000110011010101
0000000000000000110100000011
0000000000000000110101000001
0000000000000000110101110111
0000000000000000110110110101
0000000000000000110111011100
0000000000000000111000100011
0000000000000000111001110010
0000000000000000111010001100
0000000000000000111011010010
0000000000000000111011110000
0000000000000000111100101111
0000000000000000111101101100
0000000000000000111110010100
0000000000000000111111000110
0000000000000000111111101111
0000000000000001000000101111
0000000000000001000001101001
0000000000000001000010010011
0000000000000001000011000011
0000000000000001000100000001
0000000000000001000100100011
0000000000000001000101001101
0000000000000001000110010000
0000000000000001000110110110
0000000000000001000111101010
0000000000000001001000011010
0000000000000001001001001110
0000000000000001001001101001
0000000000000001001010010100
0000000000000001001010110010
0000000000000001001011110110
0000000000000001001100100010
0000000000000001001101000001
0000000000000001001101111010
0000000000000001001110011110
0000000000000001001111001111
0000000000000001010000000101
0000000000000001010000110110
0000000000000001010001100011
0000000000000001010010001011
0000000000000001010010100111
0000000000000001010011001100
0000000000000001010011110100
0000000000000001010100111000
0000000000000001010101001001
0000000000000001010101100110
0000000000000001010110011001
0000000000000001010111000011
0000000000000001010111100010
0000000000000001011000000101
0000000000000001011000101100
0000000000000001011001011000
0000000000000001011001111100
0000000000000001011010011111
0000000000000001011011001010
0000000000000001011011111110
0000000000000001011100010110
0000000000000001011100111001
0000000000000001011101010000
0000000000000001011101111101
0000000000000001011110100000
0000000000000001011111000100
0000000000000001011111101111
0000000000000001100000010000
0000000000000001100000110011
0000000000000001100001100001
0000000000000001100001110110
0000000000000001100010011001
0000000000000001100011010001
0000000000000001100011011001
0000000000000001100100000010
0000000000000001100100011100
0000000000000001100101000100
0000000000000001100101011010
0000000000000001100101111001
0000000000000001100110110001
0000000000000001100111000110
0000000000000001100111100111
0000000000000001101000001110
0000000000000001101000111011
0000000000000001101000111110
0000000000000001101001011111
0000000000000001101001111001
0000000000000001101010101011
0000000000000001101011001001
0000000000000001101011100100
0000000000000001101011110110
0000000000000001101100011001
0000000000000001101100110110
0000000000000001101101010100
0000000000000001101101111011
0000000000000001101110000111
0000000000000001101110011100
0000000000000001101111001000
0000000000000001101111011110
0000000000000001101111111101
0000000000000001110000100110
0000000000000001110001000101
0000000000000001110001000110
0000000000000001110001100010
0000000000000001110010010000
0000000000000001110010110010
0000000000000001110010111001
0000000000000001110011010101
0000000000000001110011110011
0000000000000001110100000101
0000000000000001110100100011
0000000000000001110100111111
0000000000000001110101011101
0000000000000001110101100101
0000000000000001110110001111
0000000000000001110110110110
0000000000000001110110111101
0000000000000001110111011000
0000000000000001110111111101
0000000000000001111000001110
0000000000000001111000001011
0000000000000001111000110010
0000000000000001111001010100
0000000000000001111001110101
0000000000000001111001111111
0000000000000001111010110010
0000000000000001111010100011
0000000000000001111011001101
0000000000000001111011011001
0000000000000001111100000110
0000000000000001111100100001
0000000000000001111100011110
0000000000000001111100110111
0000000000000001111101000101
0000000000000001111101101010
0000000000000001111101110100
0000000000000001111110101011
0000000000000001111110110110
0000000000000001111111000111
0000000000000001111111100100
0000000000000001111111110111
0000000000000001111111111111
0000000000000010000000101100
0000000000000010000000111000
0000000000000010000001001010
0000000000000010000001000110
0000000000000010000001101100
0000000000000010000010010110
0000000000000010000010101110
0000000000000010000010101110
0000000000000010000010110100
0000000000000010000011000100
0000000000000010000011100111
0000000000000010000011111010
0000000000000010000100000000
0000000000000010000100011101
0000000000000010000100110010
0000000000000010000100111111
0000000000000010000101010100
0000000000000010000101110001
0000000000000010000101111001
0000000000000010000110010100
0000000000000010000110010011
0000000000000010000101100101
0000000000000010001000010101
0000000000000010000111111010
0000000000000010001000001111
0000000000000010001000010010
0000000000000010001000011101
0000000000000010001000101010
0000000000000010001001000100
0000000000000010001001010100
0000000000000010001001110000
0000000000000010001010000011
0000000000000010001001111010
0000000000000010001010100111
0000000000000010001010110000
0000000000000010001011001100
0000000000000010001011011101
0000000000000010001011011000
0000000000000010001011110100
0000000000000010001011111111
0000000000000010001100001101
0000000000000010001100101101
0000000000000010001100110111
0000000000000010001100111111
0000000000000010001101100000
0000000000000010001101100110
0000000000000010001101110010
0000000000000010001110001011
0000000000000010001110100001
0000000000000010001110011011
0000000000000010001110101000
0000000000000010001110111001
0000000000000010001111010110
0000000000000010001111101101
0000000000000010001111101110
0000000000000010010000001101
0000000000000010010000001110
0000000000000010010000101011
0000000000000010010000100011
0000000000000010010001000101
0000000000000010010001011011
0000000000000010010001001000
0000000000000010010001100000
0000000000000010010001101111
0000000000000010010010010000
0000000000000010010010011010
0000000000000010010010011001
0000000000000010010010100000
0000000000000010010011001001
0000000000000010010011001011
0000000000000010010011010111
0000000000000010010011011101
0000000000000010010011111101
0000000000000010010011111000
0000000000000010010100011001
0000000000000010010100011100
0000000000000010010100101100
0000000000000010010101000001
0000000000000010010101001001
0000000000000010010101010110
0000000000000010010101011010
0000000000000010010101110011
0000000000000010010101111111
0000000000000010010110001100
0000000000000010010110010101
0000000000000010010110011101
0000000000000010010110111000
0000000000000010010111010011
0000000000000010010111100001
0000000000000010010111001101
0000000000000010010111011111
0000000000000010010111110101
0000000000000010010111110010
0000000000000010011000001101
0000000000000010011000010100
0000000000000010011000101000
0000000000000010011000110111
0000000000000010011001000011
0000000000000010011001010000
0000000000000010011001010100
0000000000000010011001100100
0000000000000010011001101110
0000000000000010011001110110
0000000000000010011010010100
0000000000000010011010001100
0000000000000010011010011100
0000000000000010011010011001
0000000000000010011010110110
0000000000000010011010111000
0000000000000010011011000000
0000000000000010011011010000
0000000000000010011011100001
0000000000000010011011011111
0000000000000010011011110001
0000000000000010011011110000
0000000000000010011100010010
0000000000000010011100011011
0000000000000010011100011010
0000000000000010011100110001
0000000000000010011100101111
0000000000000010011100110100
0000000000000010011101010100
0000000000000010011101000100
0000000000000010011101100011
0000000000000010011101101100
0000000000000010011101111101
0000000000000010011110000001
0000000000000010011110010011
0000000000000010011110011001
0000000000000010011110010101
0000000000000010011110110111
0000000000000010011110100000
0000000000000010011111000001
0000000000000010011111000010
0000000000000010011111001101
0000000000000010011111000001
0000000000000010011111101000
0000000000000010011111111111
0000000000000010011111111100
0000000000000010100000000010
0000000000000010100000001100
0000000000000010011111111111
0000000000000010100000011111
0000000000000010100000100100
0000000000000010100000101011
0000000000000010100000101110
0000000000000010100001001101
0000000000000010100001000100
0000000000000010100001010000
0000000000000010100001100001
0000000000000010100001101001
0000000000000010100001110011
0000000000000010100010000001
0000000000000010100010001011
0000000000000010100010000001
0000000000000010100010100110
0000000000000010100010100000
0000000000000010100010100101
0000000000000010100010110010
0000000000000010100010101100
0000000000000010100010111100
0000000000000010100011000101
0000000000000010100011011000
0000000000000010100011100100
0000000000000010100011101011
0000000000000010100011110011
0000000000000010100011101010
0000000000000010100011110010
0000000000000010100100000111
0000000000000010100100011001
0000000000000010100100011111
0000000000000010100100011010
0000000000000010100100101011
0000000000000010100100101100
0000000000000010100100101110
0000000000000010100100111110
0000000000000010100101000001
0000000000000010100101001000
0000000000000010100101010001
0000000000000010100101011101
0000000000000010100101010101
0000000000000010100101101100
0000000000000010100101111001
0000000000000010100101101110
0000000000000010100110000110
0000000000000010100101111100
0000000000000010100110000010
0000000000000010100110010100
0000000000000010100110001110
0000000000000010100110101011
0000000000000010100110101111
0000000000000010100110111000
0000000000000010100111000000
0000000000000010100111010100
0000000000000010100111000001
0000000000000010100111010011
0000000000000010100111011011
0000000000000010100111001111
0000000000000010100111001001
0000000000000010100111100111
0000000000000010100111101011
0000000000000010100111111011
0000000000000010101000010010
0000000000000010101000000000
0000000000000010101000001100
0000000000000010101000011111
0000000000000010101000100101
0000000000000010101000100001
0000000000000010101000100101
0000000000000010101000111000
0000000000000010101000110101
0000000000000010101001001000
0000000000000010101001000011
0000000000000010101001010001
0000000000000010101001000101
0000000000000010101001011000
0000000000000010101001100101
0000000000000010101001101001
0000000000000010101001101101
0000000000000010101001101111
0000000000000010101001111110
0000000000000010101010000001
0000000000000010101010001010
0000000000000010101010000001
0000000000000010101010100010
0000000000000010101010001010
0000000000000010101010001100
0000000000000010101010011101
0000000000000010101010111101
0000000000000010101011000110
0000000000000010101010110001
0000000000000010101011000000
0000000000000010101010110110
0000000000000010101011001000
0000000000000010101011001010
0000000000000010101011010011
0000000000000010101011011111
0000000000000010101011011110
0000000000000010101011011100
0000000000000010101011100000
0000000000000010101011101101
0000000000000010101011110011
0000000000000010101011110111
0000000000000010101100000011
0000000000000010101100010000
0000000000000010101011111100
0000000000000010101100001100
0000000000000010101100111000
0000000000000010101100100101
0000000000000010101100010100
0000000000000010101100110001
0000000000000010101100110010
0000000000000010101100100111
0000000000000010101100101100
0000000000000010101100110011
0000000000000010101100111110
0000000000000010101101000101
0000000000000010101101000101
0000000000000010101100111100
0000000000000010101101010111
0000000000000010101101011101
0000000000000010101101001101
0000000000000010101101010010
0000000000000010101101011111
0000000000000010101101101100
0000000000000010101101101001
0000000000000010101110011001
0000000000000010101101011000
0000000000000010101101110110
0000000000000010101101101101
0000000000000010101101101100
0000000000000010101110000001
0000000000000010101101111101
0000000000000010101110001110
0000000000000010101110001101
0000000000000010101110100001
0000000000000010101110100101
0000000000000010101110100100
0000000000000010101110101001
0000000000000010101110101111
0000000000000010101110110010
0000000000000010101110110000
0000000000000010101110110100
0000000000000010101111001010
0000000000000010101111001010
0000000000000010101110110111
0000000000000010101110111101
0000000000000010101111000110
0000000000000010101110111110
0000000000000010101111010100
0000000000000010101111010111
0000000000000010101111010101
0000000000000010101111101010
0000000000000010101111101101
0000000000000010101111101011
0000000000000010101111101000
0000000000000010110000000010
0000000000000010101111111101
0000000000000010101111110101
0000000000000010101111110001
0000000000000010110000001100
0000000000000010110000000000
0000000000000010110000001110
0000000000000010110000000000
0000000000000010110000000111
0000000000000010110000011010
0000000000000010110000010010
0000000000000010110000100000
0000000000000010110000010011
0000000000000010110000011100
0000000000000010110000011000
0000000000000010110000110101
0000000000000010110000111000
0000000000000010110000101101
0000000000000010110000100111
0000000000000010110000101100
0000000000000010110000111010
0000000000000010110001000100
0000000000000010110001000101
0000000000000010110000111001
0000000000000010110001000100
0000000000000010110001010011
0000000000000010110001000000
0000000000000010110001010100
0000000000000010110001011000
0000000000000010110001011010
0000000000000010110001010101
0000000000000010110001010100
0000000000000010110001011101
0000000000000010110001100100
0000000000000010110001100100
0000000000000010110001010100
0000000000000010110001101101
0000000000000010110001100100
0000000000000010110001101111
0000000000000010110001101010
0000000000000010110001100100
0000000000000010110001110000
0000000000000010110001110100
0000000000000010110010000111
0000000000000010110010000100
0000000000000010110001110010
0000000000000010110010000001
0000000000000010110010001010
0000000000000010110010001110
0000000000000010110010010011
0000000000000010110010010010
0000000000000010110010000110
0000000000000010110010011011
0000000000000010110010100010
0000000000000010110010100110
0000000000000010110010011110
0000000000000010110010100000
0000000000000010110010100111
0000000000000010110010101001
0000000000000010110010100011
0000000000000010110010101011
0000000000000010110010101001
0000000000000010110010110000
0000000000000010110010111111
0000000000000010110010110010
0000000000000010110010110011
0000000000000010110011001000
0000000000000010110011000101
0000000000000010110011000000
0000000000000010110011001101
0000000000000010110010110111
0000000000000010110010111001
0000000000000010110011010100
0000000000000010110011010010
0000000000000010110011010001
0000000000000010110011001011
0000000000000010110011010100
0000000000000010110011010010
0000000000000010110011011110
0000000000000010110011010010
0000000000000010110011011110
0000000000000010110011010101
0000000000000010110011011101
0000000000000010110011101000
0000000000000010110011011111
0000000000000010110011100111
0000000000000010110011100100
0000000000000010110011100111
0000000000000010110011100000
0000000000000010110011100100
0000000000000010110011100111
0000000000000010110011101101
0000000000000010110011101011
0000000000000010110011101101
0000000000000010110011111000
0000000000000010110011111001
0000000000000010110011100110
0000000000000010110011110011
0000000000000010110011111000
0000000000000010110100000101
0000000000000010110100001000
0000000000000010110011110111
0000000000000010110100001000
0000000000000010110011111101
0000000000000010110100001011
0000000000000010110100001001
0000000000000010110100001001
0000000000000010110100000010
0000000000000010110100001001
0000000000000010110100001111
0000000000000010110100011000
0000000000000010110100001101
0000000000000010110100010010
0000000000000010110100000101
0000000000000010110100001111
0000000000000010110100001111
0000000000000010110100011101
0000000000000010110100000111
0000000000000010110100100110
0000000000000010110100010110
0000000000000010110100011100
0000000000000010110100011000
0000000000000010110100101110
0000000000000010110100100001
0000000000000010110100010100
0000000000000010110100100100
0000000000000010110100100001
0000000000000010110100010100
0000000000000010110100100100
0000000000000010110100101000
0000000000000010110100100010
0000000000000010110100011101
0000000000000010110100100101
0000000000000010110100101001
0000000000000010110100110000
0000000000000010110100110111
0000000000000010110100100100
0000000000000010110100010010
0000000000000010110100110110
0000000000000010110100101011
0000000000000010110100111001
0000000000000010110100110110
0000000000000010110100100111
0000000000000010110100110110
0000000000000010110100101010
0000000000000010110100101101
0000000000000010110100110010
0000000000000010110100110010
0000000000000010110100100100
0000000000000010110100111001
0000000000000010110101001010
0000000000000010110101000111
0000000000000010110100101111
0000000000000010110100101110
0000000000000010110100111111
0000000000000010110100101100
0000000000000010110100111001
0000000000000010110101010011
0000000000000010110101010000
0000000000000010110100110100
0000000000000010110100111100
0000000000000010110100111110
0000000000000010110101000000
0000000000000010110100110111
0000000000000010110101000001
0000000000000010110101001000
0000000000000010110101000000
0000000000000010110101000110
0000000000000010110100101110
0000000000000010110100110010
0000000000000010110101000011
0000000000000010110101000000
0000000000000010110101000001
0000000000000010110101000111
0000000000000010110100110010
0000000000000010110100110101
0000000000000010110100010101
0000000000000010110101011110
0000000000000010110101000110
0000000000000010110100111101
0000000000000010110101000011
0000000000000010110101010010
0000000000000010110100110000
0000000000000010110101000100
0000000000000010110100111100
0000000000000010110100111100
0000000000000010110101001111
0000000000000010110100111100
0000000000000010110100111100
0000000000000010110101000100
0000000000000010110100110000
0000000000000010110101010010
0000000000000010110101000011
0000000000000010110100111101
0000000000000010110101000110
0000000000000010110101011110
0000000000000010110100010101
0000000000000010110100110101
0000000000000010110100110010
0000000000000010110101000111
0000000000000010110101000001
0000000000000010110101000000
0000000000000010110101000011
0000000000000010110100110010
0000000000000010110100101110
0000000000000010110101000110
0000000000000010110101000000
0000000000000010110101001000
0000000000000010110101000001
0000000000000010110100110111
0000000000000010110101000000
0000000000000010110100111110
0000000000000010110100111100
0000000000000010110100110100
0000000000000010110101010000
0000000000000010110101010011
0000000000000010110100111001
0000000000000010110100101100
0000000000000010110100111111
0000000000000010110100101110
0000000000000010110100101111
0000000000000010110101000111
0000000000000010110101001010
0000000000000010110100111001
0000000000000010110100100100
0000000000000010110100110010
0000000000000010110100110010
0000000000000010110100101101
0000000000000010110100101010
0000000000000010110100110110
0000000000000010110100100111
0000000000000010110100110110
0000000000000010110100111001
0000000000000010110100101011
0000000000000010110100110110
0000000000000010110100010010
0000000000000010110100100100
0000000000000010110100110111
0000000000000010110100110000
0000000000000010110100101001
0000000000000010110100100101
0000000000000010110100011101
0000000000000010110100100010
0000000000000010110100101000
0000000000000010110100100100
0000000000000010110100010100
0000000000000010110100100001
0000000000000010110100100100
0000000000000010110100010100
0000000000000010110100100001
0000000000000010110100101110
0000000000000010110100011000
0000000000000010110100011100
0000000000000010110100010110
0000000000000010110100100110
0000000000000010110100000111
0000000000000010110100011101
0000000000000010110100001111
0000000000000010110100001111
0000000000000010110100000101
0000000000000010110100010010
0000000000000010110100001101
0000000000000010110100011000
0000000000000010110100001111
0000000000000010110100001001
0000000000000010110100000010
0000000000000010110100001001
0000000000000010110100001001
0000000000000010110100001011
0000000000000010110011111101
0000000000000010110100001000
0000000000000010110011110111
0000000000000010110100001000
0000000000000010110100000101
0000000000000010110011111000
0000000000000010110011110011
0000000000000010110011100110
0000000000000010110011111001
0000000000000010110011111000
0000000000000010110011101101
0000000000000010110011101011
0000000000000010110011101101
0000000000000010110011100111
0000000000000010110011100100
0000000000000010110011100000
0000000000000010110011100111
0000000000000010110011100100
0000000000000010110011100111
0000000000000010110011011111
0000000000000010110011101000
0000000000000010110011011101
0000000000000010110011010101
0000000000000010110011011110
0000000000000010110011010010
0000000000000010110011011110
0000000000000010110011010010
0000000000000010110011010100
0000000000000010110011001011
0000000000000010110011010001
0000000000000010110011010010
0000000000000010110011010100
0000000000000010110010111001
0000000000000010110010110111
0000000000000010110011001101
0000000000000010110011000000
0000000000000010110011000101
0000000000000010110011001000
0000000000000010110010110011
0000000000000010110010110010
0000000000000010110010111111
0000000000000010110010110000
0000000000000010110010101001
0000000000000010110010101011
0000000000000010110010100011
0000000000000010110010101001
0000000000000010110010100111
0000000000000010110010100000
0000000000000010110010011110
0000000000000010110010100110
0000000000000010110010100010
0000000000000010110010011011
0000000000000010110010000110
0000000000000010110010010010
0000000000000010110010010011
0000000000000010110010001110
0000000000000010110010001010
0000000000000010110010000001
0000000000000010110001110010
0000000000000010110010000100
0000000000000010110010000111
0000000000000010110001110100
0000000000000010110001110000
0000000000000010110001100100
0000000000000010110001101010
0000000000000010110001101111
0000000000000010110001100100
0000000000000010110001101101
0000000000000010110001010100
0000000000000010110001100100
0000000000000010110001100100
0000000000000010110001011101
0000000000000010110001010100
0000000000000010110001010101
0000000000000010110001011010
0000000000000010110001011000
0000000000000010110001010100
0000000000000010110001000000
0000000000000010110001010011
0000000000000010110001000100
0000000000000010110000111001
0000000000000010110001000101
0000000000000010110001000100
0000000000000010110000111010
0000000000000010110000101100
0000000000000010110000100111
0000000000000010110000101101
0000000000000010110000111000
0000000000000010110000110101
0000000000000010110000011000
0000000000000010110000011100
0000000000000010110000010011
0000000000000010110000100000
0000000000000010110000010010
0000000000000010110000011010
0000000000000010110000000111
0000000000000010110000000000
0000000000000010110000001110
0000000000000010110000000000
0000000000000010110000001100
0000000000000010101111110001
0000000000000010101111110101
0000000000000010101111111101
0000000000000010110000000010
0000000000000010101111101000
0000000000000010101111101011
0000000000000010101111101101
0000000000000010101111101010
0000000000000010101111010101
0000000000000010101111010111
0000000000000010101111010100
0000000000000010101110111110
0000000000000010101111000110
0000000000000010101110111101
0000000000000010101110110111
0000000000000010101111001010
0000000000000010101111001010
0000000000000010101110110100
0000000000000010101110110000
0000000000000010101110110010
0000000000000010101110101111
0000000000000010101110101001
0000000000000010101110100100
0000000000000010101110100101
0000000000000010101110100001
0000000000000010101110001101
0000000000000010101110001110
0000000000000010101101111101
0000000000000010101110000001
0000000000000010101101101100
0000000000000010101101101101
0000000000000010101101110110
0000000000000010101101011000
0000000000000010101110011001
0000000000000010101101101001
0000000000000010101101101100
0000000000000010101101011111
0000000000000010101101010010
0000000000000010101101001101
0000000000000010101101011101
0000000000000010101101010111
0000000000000010101100111100
0000000000000010101101000101
0000000000000010101101000101
0000000000000010101100111110
0000000000000010101100110011
0000000000000010101100101100
0000000000000010101100100111
0000000000000010101100110010
0000000000000010101100110001
0000000000000010101100010100
0000000000000010101100100101
0000000000000010101100111000
0000000000000010101100001100
0000000000000010101011111100
0000000000000010101100010000
0000000000000010101100000011
0000000000000010101011110111
0000000000000010101011110011
0000000000000010101011101101
0000000000000010101011100000
0000000000000010101011011100
0000000000000010101011011110
0000000000000010101011011111
0000000000000010101011010011
0000000000000010101011001010
0000000000000010101011001000
0000000000000010101010110110
0000000000000010101011000000
0000000000000010101010110001
0000000000000010101011000110
0000000000000010101010111101
0000000000000010101010011101
0000000000000010101010001100
0000000000000010101010001010
0000000000000010101010100010
0000000000000010101010000001
0000000000000010101010001010
0000000000000010101010000001
0000000000000010101001111110
0000000000000010101001101111
0000000000000010101001101101
0000000000000010101001101001
0000000000000010101001100101
0000000000000010101001011000
0000000000000010101001000101
0000000000000010101001010001
0000000000000010101001000011
0000000000000010101001001000
0000000000000010101000110101
0000000000000010101000111000
0000000000000010101000100101
0000000000000010101000100001
0000000000000010101000100101
0000000000000010101000011111
0000000000000010101000001100
0000000000000010101000000000
0000000000000010101000010010
0000000000000010100111111011
0000000000000010100111101011
0000000000000010100111100111
0000000000000010100111001001
0000000000000010100111001111
0000000000000010100111011011
0000000000000010100111010011
0000000000000010100111000001
0000000000000010100111010100
0000000000000010100111000000
0000000000000010100110111000
0000000000000010100110101111
0000000000000010100110101011
0000000000000010100110001110
0000000000000010100110010100
0000000000000010100110000010
0000000000000010100101111100
0000000000000010100110000110
0000000000000010100101101110
0000000000000010100101111001
0000000000000010100101101100
0000000000000010100101010101
0000000000000010100101011101
0000000000000010100101010001
0000000000000010100101001000
0000000000000010100101000001
0000000000000010100100111110
0000000000000010100100101110
0000000000000010100100101100
0000000000000010100100101011
0000000000000010100100011010
0000000000000010100100011111
0000000000000010100100011001
0000000000000010100100000111
0000000000000010100011110010
0000000000000010100011101010
0000000000000010100011110011
0000000000000010100011101011
0000000000000010100011100100
0000000000000010100011011000
0000000000000010100011000101
0000000000000010100010111100
0000000000000010100010101100
0000000000000010100010110010
0000000000000010100010100101
0000000000000010100010100000
0000000000000010100010100110
0000000000000010100010000001
0000000000000010100010001011
0000000000000010100010000001
0000000000000010100001110011
0000000000000010100001101001
0000000000000010100001100001
0000000000000010100001010000
0000000000000010100001000100
0000000000000010100001001101
0000000000000010100000101110
0000000000000010100000101011
0000000000000010100000100100
0000000000000010100000011111
0000000000000010011111111111
0000000000000010100000001100
0000000000000010100000000010
0000000000000010011111111100
0000000000000010011111111111
0000000000000010011111101000
0000000000000010011111000001
0000000000000010011111001101
0000000000000010011111000010
0000000000000010011111000001
0000000000000010011110100000
0000000000000010011110110111
0000000000000010011110010101
0000000000000010011110011001
0000000000000010011110010011
0000000000000010011110000001
0000000000000010011101111101
0000000000000010011101101100
0000000000000010011101100011
0000000000000010011101000100
0000000000000010011101010100
0000000000000010011100110100
0000000000000010011100101111
0000000000000010011100110001
0000000000000010011100011010
0000000000000010011100011011
0000000000000010011100010010
0000000000000010011011110000
0000000000000010011011110001
0000000000000010011011011111
0000000000000010011011100001
0000000000000010011011010000
0000000000000010011011000000
0000000000000010011010111000
0000000000000010011010110110
0000000000000010011010011001
0000000000000010011010011100
0000000000000010011010001100
0000000000000010011010010100
0000000000000010011001110110
0000000000000010011001101110
0000000000000010011001100100
0000000000000010011001010100
0000000000000010011001010000
0000000000000010011001000011
0000000000000010011000110111
0000000000000010011000101000
0000000000000010011000010100
0000000000000010011000001101
0000000000000010010111110010
0000000000000010010111110101
0000000000000010010111011111
0000000000000010010111001101
0000000000000010010111100001
0000000000000010010111010011
0000000000000010010110111000
0000000000000010010110011101
0000000000000010010110010101
0000000000000010010110001100
0000000000000010010101111111
0000000000000010010101110011
0000000000000010010101011010
0000000000000010010101010110
0000000000000010010101001001
0000000000000010010101000001
0000000000000010010100101100
0000000000000010010100011100
0000000000000010010100011001
0000000000000010010011111000
0000000000000010010011111101
0000000000000010010011011101
0000000000000010010011010111
0000000000000010010011001011
0000000000000010010011001001
0000000000000010010010100000
0000000000000010010010011001
0000000000000010010010011010
0000000000000010010010010000
0000000000000010010001101111
0000000000000010010001100000
0000000000000010010001001000
0000000000000010010001011011
0000000000000010010001000101
0000000000000010010000100011
0000000000000010010000101011
0000000000000010010000001110
0000000000000010010000001101
0000000000000010001111101110
0000000000000010001111101101
0000000000000010001111010110
0000000000000010001110111001
0000000000000010001110101000
0000000000000010001110011011
0000000000000010001110100001
0000000000000010001110001011
0000000000000010001101110010
0000000000000010001101100110
0000000000000010001101100000
0000000000000010001100111111
0000000000000010001100110111
0000000000000010001100101101
0000000000000010001100001101
0000000000000010001011111111
0000000000000010001011110100
0000000000000010001011011000
0000000000000010001011011101
0000000000000010001011001100
0000000000000010001010110000
0000000000000010001010100111
0000000000000010001001111010
0000000000000010001010000011
0000000000000010001001110000
0000000000000010001001010100
0000000000000010001001000100
0000000000000010001000101010
0000000000000010001000011101
0000000000000010001000010010
0000000000000010001000001111
0000000000000010000111111010
0000000000000010001000010101
0000000000000010000101100101
0000000000000010000110010011
0000000000000010000110010100
0000000000000010000101111001
0000000000000010000101110001
0000000000000010000101010100
0000000000000010000100111111
0000000000000010000100110010
0000000000000010000100011101
0000000000000010000100000000
0000000000000010000011111010
0000000000000010000011100111
0000000000000010000011000100
0000000000000010000010110100
0000000000000010000010101110
0000000000000010000010101110
0000000000000010000010010110
0000000000000010000001101100
0000000000000010000001000110
0000000000000010000001001010
0000000000000010000000111000
0000000000000010000000101100
0000000000000001111111111111
0000000000000001111111110111
0000000000000001111111100100
0000000000000001111111000111
0000000000000001111110110110
0000000000000001111110101011
0000000000000001111101110100
0000000000000001111101101010
0000000000000001111101000101
0000000000000001111100110111
0000000000000001111100011110
0000000000000001111100100001
0000000000000001111100000110
0000000000000001111011011001
0000000000000001111011001101
0000000000000001111010100011
0000000000000001111010110010
0000000000000001111001111111
0000000000000001111001110101
0000000000000001111001010100
0000000000000001111000110010
0000000000000001111000001011
0000000000000001111000001110
0000000000000001110111111101
0000000000000001110111011000
0000000000000001110110111101
0000000000000001110110110110
0000000000000001110110001111
0000000000000001110101100101
0000000000000001110101011101
0000000000000001110100111111
0000000000000001110100100011
0000000000000001110100000101
0000000000000001110011110011
0000000000000001110011010101
0000000000000001110010111001
0000000000000001110010110010
0000000000000001110010010000
0000000000000001110001100010
0000000000000001110001000110
0000000000000001110001000101
0000000000000001110000100110
0000000000000001101111111101
0000000000000001101111011110
0000000000000001101111001000
0000000000000001101110011100
0000000000000001101110000111
0000000000000001101101111011
0000000000000001101101010100
0000000000000001101100110110
0000000000000001101100011001
0000000000000001101011110110
0000000000000001101011100100
0000000000000001101011001001
0000000000000001101010101011
0000000000000001101001111001
0000000000000001101001011111
0000000000000001101000111110
0000000000000001101000111011
0000000000000001101000001110
0000000000000001100111100111
0000000000000001100111000110
0000000000000001100110110001
0000000000000001100101111001
0000000000000001100101011010
0000000000000001100101000100
0000000000000001100100011100
0000000000000001100100000010
0000000000000001100011011001
0000000000000001100011010001
0000000000000001100010011001
0000000000000001100001110110
0000000000000001100001100001
0000000000000001100000110011
0000000000000001100000010000
0000000000000001011111101111
0000000000000001011111000100
0000000000000001011110100000
0000000000000001011101111101
0000000000000001011101010000
0000000000000001011100111001
0000000000000001011100010110
0000000000000001011011111110
0000000000000001011011001010
0000000000000001011010011111
0000000000000001011001111100
0000000000000001011001011000
0000000000000001011000101100
0000000000000001011000000101
0000000000000001010111100010
0000000000000001010111000011
0000000000000001010110011001
0000000000000001010101100110
0000000000000001010101001001
0000000000000001010100111000
0000000000000001010011110100
0000000000000001010011001100
0000000000000001010010100111
0000000000000001010010001011
0000000000000001010001100011
0000000000000001010000110110
0000000000000001010000000101
0000000000000001001111001111
0000000000000001001110011110
0000000000000001001101111010
0000000000000001001101000001
0000000000000001001100100010
0000000000000001001011110110
0000000000000001001010110010
0000000000000001001010010100
0000000000000001001001101001
0000000000000001001001001110
0000000000000001001000011010
0000000000000001000111101010
0000000000000001000110110110
0000000000000001000110010000
0000000000000001000101001101
0000000000000001000100100011
0000000000000001000100000001
0000000000000001000011000011
0000000000000001000010010011
0000000000000001000001101001
0000000000000001000000101111
0000000000000000111111101111
0000000000000000111111000110
0000000000000000111110010100
0000000000000000111101101100
0000000000000000111100101111
0000000000000000111011110000
0000000000000000111011010010
0000000000000000111010001100
0000000000000000111001110010
0000000000000000111000100011
0000000000000000110111011100
0000000000000000110110110101
0000000000000000110101110111
0000000000000000110101000001
0000000000000000110100000011
0000000000000000110011010101
0000000000000000110010001110
0000000000000000110001011000
0000000000000000110000100111
0000000000000000101111100111
0000000000000000101110101001
0000000000000000101101110100
0000000000000000101101000001
0000000000000000101011111010
0000000000000000101010111001
0000000000000000101001110101
0000000000000000101000101000
0000000000000000101000000000
0000000000000000100111001010
0000000000000000100101110011
0000000000000000100100111111
0000000000000000100011111001
0000000000000000100011001100
0000000000000000100010001000
0000000000000000100000101111
0000000000000000011111110100
0000000000000000011110011111
0000000000000000011101011001
0000000000000000011100010110
0000000000000000011011011011
0000000000000000011010011110
0000000000000000011001010111
0000000000000000011000001001
0000000000000000010110110111
0000000000000000010101110010
0000000000000000010100011101
0000000000000000010011100010
0000000000000000010010010011
0000000000000000010001000110
0000000000000000010000001000
0000000000000000001110101101
0000000000000000001101010011
0000000000000000001100001101
0000000000000000001011000001
0000000000000000001001101101
0000000000000000001000010110
0000000000000000000111000001
0000000000000000000101111001
0000000000000000000100011101
0000000000000000000010111110
0000000000000000000001010010
0000000000000000000000110101
1111111111111111111111000001
1111111111111111111101100001
1111111111111111111100010101
1111111111111111111011001001
1111111111111111111001011101
1111111111111111111000001110
1111111111111111110110100010
1111111111111111110101001100
1111111111111111110011011101
1111111111111111110001111101
1111111111111111110000101110
1111111111111111101111001011
1111111111111111101101100010
1111111111111111101011111111
1111111111111111101010100110
1111111111111111101000111011
1111111111111111100111001001
1111111111111111100101101101
1111111111111111100011001011
1111111111111111100010011001
1111111111111111100000101011
1111111111111111011111001000
1111111111111111011101001011
1111111111111111011011101010
1111111111111111011001101101
1111111111111111011000010111
1111111111111111010110001011
1111111111111111010100100010
1111111111111111010010101010
1111111111111111010000111111
1111111111111111001111000100
1111111111111111001100110101
1111111111111111001011010011
1111111111111111001001010010
1111111111111111000111001101
1111111111111111000101011011
1111111111111111000011100010
1111111111111111000001110101
1111111111111110111111001110
1111111111111110111101000101
1111111111111110111011001110
1111111111111110111001001111
1111111111111110110111001100
1111111111111110110101000000
1111111111111110110010100110
1111111111111110110000100111
1111111111111110101110011000
1111111111111110101011111011
1111111111111110101001111100
1111111111111110100111010110
1111111111111110100100111100
1111111111111110100010101001
1111111111111110100000010111
1111111111111110011110000111
1111111111111110011011110011
1111111111111110011001000101
1111111111111110010110011000
1111111111111110010011111001
1111111111111110010001011100
1111111111111110001110101000
1111111111111110001100000001
1111111111111110001001101001
1111111111111110000110111101
1111111111111110000011110110
1111111111111110000001011100
1111111111111101111110100011
1111111111111101111011110101
1111111111111101111000110101
1111111111111101110101101001
1111111111111101110011000011
1111111111111101110000010100
1111111111111101101100110000
1111111111111101101001111010
1111111111111101100110101111
1111111111111101100011010011
1111111111111101100000100001
1111111111111101011101011111
1111111111111101011001110110
1111111111111101010110010111
1111111111111101010011010010
1111111111111101001111110101
1111111111111101001100000010
1111111111111101001000110100
1111111111111101000101010001
1111111111111101000001011111
1111111111111100111101111001
1111111111111100111001111001
1111111111111100110110100010
1111111111111100110010110110
1111111111111100101110110011
1111111111111100101010111110
1111111111111100100111001001
1111111111111100100010101100
1111111111111100011110101001
1111111111111100011010010010
1111111111111100010110010010
1111111111111100010001101101
1111111111111100001101100111
1111111111111100001001000100
1111111111111100000100011100
1111111111111100000000000010
1111111111111011111011100001
1111111111111011110110010100
1111111111111011110001111001
1111111111111011101101001111
1111111111111011101000001111
1111111111111011100010111101
1111111111111011011101101011
1111111111111011011000101001
1111111111111011010011100000
1111111111111011001101110000
1111111111111011001000110100
1111111111111011000011010111
1111111111111010111101000111
1111111111111010110111011111
1111111111111010110001111001
1111111111111010101011101010
1111111111111010100101111100
1111111111111010011111100111
1111111111111010011001100101
1111111111111010010011001011
1111111111111010001100011110
1111111111111010000110001101
1111111111111001111111010100
1111111111111001111000011111
1111111111111001110001001001
1111111111111001101010010011
1111111111111001100011010011
1111111111111001011011110001
1111111111111001010100010101
1111111111111001001100100111
1111111111111001000100111010
1111111111111000111101000011
1111111111111000110100011011
1111111111111000101100011010
1111111111111000100011111111
1111111111111000011011010100
1111111111111000010010110011
1111111111111000001001110001
1111111111111000000000100011
1111111111110111110111001100
1111111111110111101101110001
1111111111110111100100010011
1111111111110111011010000010
1111111111110111001111110000
1111111111110111000101100101
1111111111110110111010110111
1111111111110110101111110110
1111111111110110100101000000
1111111111110110011001100011
1111111111110110001110010011
1111111111110110000010001011
1111111111110101110101111001
1111111111110101101001100000
1111111111110101011101000101
1111111111110101001111101000
1111111111110101000010010010
1111111111110100110100111001
1111111111110100100110101111
1111111111110100011000100101
1111111111110100001001111111
1111111111110011111010101111
1111111111110011101011000101
1111111111110011011011000110
1111111111110011001011000000
1111111111110010111010001101
1111111111110010101000111100
1111111111110010010110111111
1111111111110010000100101011
1111111111110001110010001111
1111111111110001011110111111
1111111111110001001011010111
1111111111110000110110111110
1111111111110000100001101011
1111111111110000001100001001
1111111111101111110101111101
1111111111101111011111001001
1111111111101111000111010000
1111111111101110101110010111
1111111111101110010101100111
1111111111101101111011011001
1111111111101101100000101001
1111111111101101000100101000
1111111111101100100111100001
1111111111101100001001101101
1111111111101011101011000011
1111111111101011001011000001
1111111111101010101001101101
1111111111101010000111001110
1111111111101001100011010101
1111111111101000111110011111
1111111111101000010111110001
1111111111100111101111010000
1111111111100111000101100001
1111111111100110011010000011
1111111111100101101100011111
1111111111100100111101010000
1111111111100100001011111001
1111111111100011010111111011
1111111111100010100010001011
1111111111100001101001100001
1111111111100000101101110110
1111111111011111101111011110
1111111111011110101110001101
1111111111011101101001000100
1111111111011100100000100101
1111111111011011010011111001
1111111111011010000011001101
1111111111011000101101111001
1111111111010111010010111000
1111111111010101110011001100
1111111111010100001100111110
1111111111010010100000000101
1111111111010000101100000111
1111111111001110110000000011
1111111111001100101011000011
1111111111001010011100010110
1111111111001000000010110000
1111111111000101011100010001
1111111111000010101001000001
1111111110111111100101101001
1111111110111100010000010011
1111111110111000100111001011
1111111110110100100110011110
1111111110110000001100000000
1111111110101011010001101101
1111111110100101110010111100
1111111110011111101000110101
1111111110011000101011000011
1111111110010000101111000011
1111111110000111100110000100
1111111101111100111101101110
1111111101110000011100111000
1111111101100001100000000010
1111111101001111010101011110
1111111100111000110010000100
1111111100011100000011000001
1111111011110110001011111010
1111111011000010000010100001
1111111001110101101010010000
1111110111111011000001111000
1111110100010101111110010000
1111101011010001110011100010
1110100110110000101101010001
0000100111011010001100111101
0000010000010000110110110011
0000001010010010110110011011
0000000111100011101000011100
0000000101111111000100011101
0000000100111101110101101010
0000000100010000000110101110
0000000011101110010000111110
0000000011010100001110000100
0000000010111111100011100010
0000000010101110110000101010
0000000010100000110110000100
0000000010010101001000000110
0000000010001011001000001010
0000000010000010011111101011
0000000001111010111101111101
0000000001110100010110101010
0000000001101110011110111110
0000000001101001010000000000
0000000001100100100010110000
0000000001100000010011110001
0000000001011100011101101101
0000000001011000111101011100
0000000001010101110000010110
0000000001010010110100011010
0000000001010000000111001010
0000000001001101100111001110
0000000001001011010010110000
0000000001001001001001000011
0000000001000111001001010001
0000000001000101010001100100
0000000001000011100001100011
0000000001000001111000100010
0000000001000000010110100100
0000000000111110111001111000
0000000000111101100010111100
0000000000111100010000100100
0000000000111011000011001000
0000000000111001111010010000
0000000000111000110100001111
0000000000110111110010011111
0000000000110110110011110101
0000000000110101111000011011
0000000000110100111111111110
0000000000110100001010000111
0000000000110011010110111001
0000000000110010100101111100
0000000000110001110111001100
0000000000110001001010111101
0000000000110000100000001001
0000000000101111110111101100
0000000000101111010000101001
0000000000101110101011100110
0000000000101110000111011010
0000000000101101100101011000
0000000000101101000100100110
0000000000101100100101001101
0000000000101100000111010100
0000000000101011101010000010
0000000000101011001110000110
0000000000101010110011011101
0000000000101010011001101011
0000000000101010000001000110
0000000000101001101001011110
0000000000101001010010100011
0000000000101000111100110110
0000000000101000100111010110
0000000000101000010011011111
0000000000101000000000000011
0000000000100111101101010011
0000000000100111011011000100
0000000000100111001001010100
0000000000100110111001000011
0000000000100110101000101111
0000000000100110011001011101
0000000000100110001010101101
0000000000100101111100111010
0000000000100101101110101110
0000000000100101100001101100
0000000000100101010101001011
0000000000100101001001000000
0000000000100100111101111001
0000000000100100110010100010
0000000000100100100111111010
0000000000100100011101101101
0000000000100100010011101011
0000000000100100001010110000
0000000000100100000001110110
0000000000100011111001010010
0000000000100011110001010100
0000000000100011101001110110
0000000000100011100010110000
0000000000100011011011101001
0000000000100011010101001001
0000000000100011001111001101
0000000000100011001001010100
0000000000100011000100010011
0000000000100010111111001101
0000000000100010111010001111
0000000000100010110110001100
0000000000100010110001111010
0000000000100010101110011110
0000000000100010101010110000
0000000000100010101000000100
0000000000100010100101011010
0000000000100010100011010000
0000000000100010100000110010
0000000000100010011111001000
0000000000100010011101111101
0000000000100010011100101010
0000000000100010011011110001
0000000000100010011011011011
