0000000000100010011011010011
0000000000100010011011011101
0000000000100010011011111010
0000000000100010011100111110
0000000000100010011110100001
0000000000100010100000000001
0000000000100010100010000100
0000000000100010100100111111
0000000000100010100111101100
0000000000100010101010111101
0000000000100010101110010100
0000000000100010110010110100
0000000000100010110111000101
0000000000100010111100010000
0000000000100011000001010010
0000000000100011000111010101
0000000000100011001101100001
0000000000100011010011110000
0000000000100011011010111110
0000000000100011100010010011
0000000000100011101010010010
0000000000100011110010111011
0000000000100011111011101001
0000000000100100000100110111
0000000000100100001110101001
0000000000100100011001000110
0000000000100100100011111101
0000000000100100101111000010
0000000000100100111011010001
0000000000100101000111101111
0000000000100101010100110011
0000000000100101100010101011
0000000000100101110000011000
0000000000100101111111010001
0000000000100110001110101000
0000000000100110011110100101
0000000000100110101111110101
0000000000100111000000111010
0000000000100111010011000010
0000000000100111100101101111
0000000000100111111001101001
0000000000101000001101101010
0000000000101000100011010100
0000000000101000111001100110
0000000000101001010000100111
0000000000101001101000011100
0000000000101010000000111000
0000000000101010011011001000
0000000000101010110101110010
0000000000101011010001110100
0000000000101011101110110110
0000000000101100001100111100
0000000000101100101100011011
0000000000101101001101001110
0000000000101101101111010111
0000000000101110010011000100
0000000000101110110111110110
0000000000101111011110010101
0000000000110000000110100001
0000000000110000110000001100
0000000000110001011100011011
0000000000110010001001110000
0000000000110010111001100111
0000000000110011101011000100
0000000000110100011111011111
0000000000110101010101110000
0000000000110110001110111011
0000000000110111001010110110
0000000000111000001001011110
0000000000111001001011011101
0000000000111010010000011100
0000000000111011011001001010
0000000000111100100101111011
0000000000111101110110011000
0000000000111111001011111111
0000000001000000100101010001
0000000001000010000100000100
0000000001000011101000101011
0000000001000101010011000110
0000000001000111000100100010
0000000001001000111100100010
0000000001001010111100110111
0000000001001101000101101111
0000000001001111011000001010
0000000001010001110100100111
0000000001010100011101001000
0000000001010111010010101000
0000000001011010010110010000
0000000001011101101010000010
0000000001100001010000000100
0000000001100101001010110010
0000000001101001011100111001
0000000001101110001001110011
0000000001110011010101100001
0000000001111001000101011110
0000000001111111011110111110
0000000010000110101010010011
0000000010001110101111111111
0000000010010111111100110101
0000000010100010100000010011
0000000010101110101110101001
0000000010111101000011100100
0000000011001110000100001011
0000000011100010100110001001
0000000011111011110111000010
0000000100011011101100100111
0000000101000101000011110101
0000000101111100111101110111
0000000111001100101101000110
0000001001000111101000001001
0000001100011101110011101010
0000010011110000101111110111
0000110000000011011101111000
0001101101001100101011111100
0000011001011100100101111001
0000001110010111011011010111
0000001001111111011011111111
0000000111101001100010100001
0000000110001100001011001001
0000000101001100011011101101
0000000100011110001001101001
0000000011111011000001101001
0000000011011111011101001110
0000000011001001001111111100
0000000010110110111110001101
0000000010100111101011010111
0000000010011010101011100000
0000000010001111100000010101
0000000010000101110011001000
0000000001111101010010010010
0000000001110101110000010010
0000000001101111000011011100
0000000001101001000011011010
0000000001100011101001010110
0000000001011110101111101100
0000000001011010010010100111
0000000001010110001101101000
0000000001010010011110110001
0000000001001111000011010010
0000000001001011110111110000
0000000001001000111011110111
0000000001000110001101010011
0000000001000011101010110011
0000000001000001010011000001
0000000000111111000101000010
0000000000111100111111111010
0000000000111011000010101010
0000000000111001001101010000
0000000000110111011110001100
0000000000110101110101110010
0000000000110100010010101001
0000000000110010110100110010
0000000000110001011100011011
0000000000110000000111101011
0000000000101110110111011010
0000000000101101101011001110
0000000000101100100010010001
0000000000101011011100110110
0000000000101010011010110001
0000000000101001011011001001
0000000000101000011110101111
0000000000100111100100100100
0000000000100110101100111011
0000000000100101110111011010
0000000000100101000100011110
0000000000100100010010111110
0000000000100011100011100010
0000000000100010110110001110
0000000000100010001010001110
0000000000100001100000000000
0000000000100000110111001101
0000000000100000010000000100
0000000000011111101001111111
0000000000011111000101010010
0000000000011110100001100101
0000000000011101111111011011
0000000000011101011110010011
0000000000011100111110010110
0000000000011100011111101000
0000000000011100000001011001
0000000000011011100100010011
0000000000011011000111111011
0000000000011010101100100010
0000000000011010010010000001
0000000000011001111000000101
0000000000011001011110101101
0000000000011001000110101111
0000000000011000101110111011
0000000000011000010111111100
0000000000011000000001101001
0000000000010111101011010100
0000000000010111010110010111
0000000000010111000001101010
0000000000010110101101101010
0000000000010110011001110111
0000000000010110000111000000
0000000000010101110100010011
0000000000010101100001110111
0000000000010101010000010000
0000000000010100111111000110
0000000000010100101110010000
0000000000010100011110001100
0000000000010100001101011100
0000000000010011111110000010
0000000000010011101110110000
0000000000010011011111011100
0000000000010011010000101010
0000000000010011000010101011
0000000000010010110100011011
0000000000010010100111001010
0000000000010010011001011001
0000000000010010001100000111
0000000000010001111111010100
0000000000010001110010111010
0000000000010001100110001110
0000000000010001011010010111
0000000000010001001110011000
0000000000010001000010111100
0000000000010000110111100110
0000000000010000101100100000
0000000000010000100001110010
0000000000010000010111001010
0000000000010000001100101001
0000000000010000000010101010
0000000000001111111000000110
0000000000001111101110010011
0000000000001111100100111010
0000000000001111011011001111
0000000000001111010001111000
0000000000001111001000110000
0000000000001110111111101000
0000000000001110110111001010
0000000000001110101101111110
0000000000001110100101011011
0000000000001110011101000000
0000000000001110010100110000
0000000000001110001100110110
0000000000001110000100111001
0000000000001101111101001111
0000000000001101110101010110
0000000000001101101110000000
0000000000001101100110011101
0000000000001101011111001100
0000000000001101011000010001
0000000000001101010000101001
0000000000001101001001101111
0000000000001101000011010001
0000000000001100111100010101
0000000000001100110101101110
0000000000001100101111101000
0000000000001100101000110110
0000000000001100100010100101
0000000000001100011100010000
0000000000001100010110001111
0000000000001100010000010011
0000000000001100001010001100
0000000000001100000100011010
0000000000001011111110110011
0000000000001011111000101111
0000000000001011110011010101
0000000000001011101101101111
0000000000001011101000001100
0000000000001011100010111100
0000000000001011011110000111
0000000000001011011000100111
0000000000001011010011011001
0000000000001011001110010011
0000000000001011001001011101
0000000000001011000100100010
0000000000001010111111111000
0000000000001010111011010110
0000000000001010110110100000
0000000000001010110001011111
0000000000001010101101000101
0000000000001010101000001010
0000000000001010100100010000
0000000000001010011111100111
0000000000001010011011010110
0000000000001010010111001001
0000000000001010010010100111
0000000000001010001110011100
0000000000001010001010011101
0000000000001010000110100010
0000000000001010000010011011
0000000000001001111110100110
0000000000001001111010101000
0000000000001001110110110001
0000000000001001110010101111
0000000000001001101111101001
0000000000001001101011001100
0000000000001001100111110010
0000000000001001100011111100
0000000000001001100000101100
0000000000001001011101000101
0000000000001001011001100101
0000000000001001010110000011
0000000000001001010010110011
0000000000001001001111001100
0000000000001001001011110111
0000000000001001001000011001
0000000000001001000101011110
0000000000001001000001110101
0000000000001000111110111010
0000000000001000111011110110
0000000000001000111000100100
0000000000001000110101011111
0000000000001000110010011011
0000000000001000101111100110
0000000000001000101100101101
0000000000001000101001100100
0000000000001000100110100010
0000000000001000100011101011
0000000000001000100000111110
0000000000001000011110001001
0000000000001000011011011110
0000000000001000011000100000
0000000000001000010110000101
0000000000001000010011001001
0000000000001000010000111010
0000000000001000001101110010
0000000000001000001011001100
0000000000001000001000101100
0000000000001000000110011001
0000000000001000000011111001
0000000000001000000001000001
0000000000000111111110110000
0000000000000111111100100010
0000000000000111111010000000
0000000000000111110111000101
0000000000000111110101001000
0000000000000111110010110110
0000000000000111110000011100
0000000000000111101110000000
0000000000000111101011110001
0000000000000111101001010001
0000000000000111100111001111
0000000000000111100100111110
0000000000000111100010110110
0000000000000111011101011110
0000000000000111011111001010
0000000000000111011100101001
0000000000000111011010101100
0000000000000111011000101001
0000000000000111010110001100
0000000000000111010100001001
0000000000000111010010000100
0000000000000111010000100001
0000000000000111001110010110
0000000000000111001100001100
0000000000000111001010010011
0000000000000111001000011010
0000000000000111000110100001
0000000000000111000100100000
0000000000000111000010101011
0000000000000111000000111000
0000000000000110111110110110
0000000000000110111101001001
0000000000000110111011010111
0000000000000110111001100100
0000000000000110110111110110
0000000000000110110110001100
0000000000000110110100001101
0000000000000110110010101100
0000000000000110110000110000
0000000000000110101111010110
0000000000000110101101010001
0000000000000110101011111111
0000000000000110101010011010
0000000000000110101000100000
0000000000000110100110110000
0000000000000110100101010101
0000000000000110100011011101
0000000000000110100010010001
0000000000000110100000100000
0000000000000110011110110100
0000000000000110011101011010
0000000000000110011011111010
0000000000000110011010100100
0000000000000110011000101100
0000000000000110010111001010
0000000000000110010110001010
0000000000000110010100010001
0000000000000110010010101001
0000000000000110010001100100
0000000000000110001111111110
0000000000000110001110100101
0000000000000110001101010000
0000000000000110001011111010
0000000000000110001010010101
0000000000000110001000111110
0000000000000110000111110101
0000000000000110000110011011
0000000000000110000101000001
0000000000000110000011110011
0000000000000110000010100000
0000000000000110000001000010
0000000000000101111111100111
0000000000000101111110011111
0000000000000101111101000101
0000000000000101111011110100
0000000000000101111010110110
0000000000000101111001010101
0000000000000101110111111111
0000000000000101110111000000
0000000000000101110101110011
0000000000000101110100010111
0000000000000101110011011001
0000000000000101110001111110
0000000000000101110000110010
0000000000000101101111111010
0000000000000101101110100010
0000000000000101101101011010
0000000000000101101100000111
0000000000000101101010111100
0000000000000101101001110010
0000000000000101101001000100
0000000000000101100111111110
0000000000000101100110111010
0000000000000101100101010110
0000000000000101100100100110
0000000000000101100011010111
0000000000000101100010010001
0000000000000101100001001110
0000000000000101100000010001
0000000000000101011111001000
0000000000000101011110001110
0000000000000101011101001101
0000000000000101011011110110
0000000000000101011011010000
0000000000000101011001111101
0000000000000101011000111111
0000000000000101011000000111
0000000000000101010110110000
0000000000000101010110000110
0000000000000101010101001101
0000000000000101010100000010
0000000000000101010010111001
0000000000000101010001111101
0000000000000101010001011000
0000000000000101010000010000
0000000000000101001111010001
0000000000000101001110011001
0000000000000101001101011101
0000000000000101001100110000
0000000000000101001011101010
0000000000000101001010110001
0000000000000101001001101101
0000000000000101001001000000
0000000000000101001000000000
0000000000000101000111001011
0000000000000101000110000110
0000000000000101000101001011
0000000000000101000100100010
0000000000000101000011110000
0000000000000101000010110111
0000000000000101000010001101
0000000000000101000001000101
0000000000000101000000001111
0000000000000100111111010010
0000000000000100111110101101
0000000000000100111110000001
0000000000000100111100111100
0000000000000100111100001001
0000000000000100111011100000
0000000000000100111010101000
0000000000000100111001110101
0000000000000100111001000000
0000000000000100111000010110
0000000000000100110111010010
0000000000000100110110110010
0000000000000100110110001001
0000000000000100110101001100
0000000000000100110100100101
0000000000000100110011101000
0000000000000100110010111101
0000000000000100110010010100
0000000000000100110001010111
0000000000000100110000100111
0000000000000100110000000100
0000000000000100101111001011
0000000000000100101110101001
0000000000000100101110001101
0000000000000100101101000110
0000000000000100101100011110
0000000000000100101011110011
0000000000000100101011001010
0000000000000100101010010111
0000000000000100101001110011
0000000000000100101001000100
0000000000000100101000001011
0000000000000100100111100001
0000000000000100100110110111
0000000000000100100110001001
0000000000000100100101101010
0000000000000100100100111110
0000000000000100100100001110
0000000000000100100011100011
0000000000000100100010111101
0000000000000100100010001100
0000000000000100100001011111
0000000000000100100000111011
0000000000000100100000011000
0000000000000100011111110011
0000000000000100011110110101
0000000000000100011110100000
0000000000000100011101111000
0000000000000100011101010111
0000000000000100011100100110
0000000000000100011011111111
0000000000000100011011011000
0000000000000100011010110101
0000000000000100011010011000
0000000000000100011001100000
0000000000000100011000111010
0000000000000100011000101111
0000000000000100010111111011
0000000000000100010111010011
0000000000000100010110110011
0000000000000100010110010110
0000000000000100010101011110
0000000000000100010100110111
0000000000000100010100010011
0000000000000100010011101110
0000000000000100010011010111
0000000000000100010010110010
0000000000000100010010011001
0000000000000100010001011101
0000000000000100010001000100
0000000000000100010000101111
0000000000000100010000001001
0000000000000100001111100101
0000000000000100001110110101
0000000000000100001110011111
0000000000000100001101111100
0000000000000100001101011011
0000000000000100001101000001
0000000000000100001100101110
0000000000000100001011111010
0000000000000100001011010111
0000000000000100001010111100
0000000000000100001010011010
0000000000000100001001111111
0000000000000100001001100010
0000000000000100001000111011
0000000000000100001000001110
0000000000000100000111101010
0000000000000100000111001111
0000000000000100000111000101
0000000000000100000110100110
0000000000000100000110010011
0000000000000100000101011011
0000000000000100000100111110
0000000000000100000100100100
0000000000000100000100000001
0000000000000100000011101011
0000000000000100000010111001
0000000000000100000010110001
0000000000000100000010001101
0000000000000100000001101010
0000000000000100000001010110
0000000000000100000000101111
0000000000000100000000001111
0000000000000011111111101101
0000000000000011111110101101
0000000000000011111111101111
0000000000000011111110110101
0000000000000011111110011000
0000000000000011111101111100
0000000000000011111101001101
0000000000000011111100101111
0000000000000011111100100110
0000000000000011111100000011
0000000000000011111011110110
0000000000000011111011010110
0000000000000011111010111010
0000000000000011111010101001
0000000000000011111001111100
0000000000000011111001101010
0000000000000011111001001101
0000000000000011111000011011
0000000000000011111000010111
0000000000000011110111111001
0000000000000011110111100110
0000000000000011110111110110
0000000000000011110110100110
0000000000000011110110100011
0000000000000011110110000011
0000000000000011110101011101
0000000000000011110101000111
0000000000000011110100111010
0000000000000011110100100011
0000000000000011110011111110
0000000000000011110011100001
0000000000000011110011000111
0000000000000011110010101011
0000000000000011110010011110
0000000000000011110010000001
0000000000000011110001111101
0000000000000011110001010000
0000000000000011110001000110
0000000000000011110000101101
0000000000000011110000010001
0000000000000011110000001100
0000000000000011101111010001
0000000000000011101110110111
0000000000000011101110110110
0000000000000011101110100110
0000000000000011101110001100
0000000000000011101101110101
0000000000000011101101001010
0000000000000011101101000100
0000000000000011101100101111
0000000000000011101100010000
0000000000000011101011110101
0000000000000011101011101111
0000000000000011101011010001
0000000000000011101011000111
0000000000000011101010101011
0000000000000011101010001010
0000000000000011101010000111
0000000000000011101001101001
0000000000000011101001100101
0000000000000011101001000011
0000000000000011101000100111
0000000000000011101000011101
0000000000000011100111110110
0000000000000011100111101001
0000000000000011100111001101
0000000000000011100111001000
0000000000000011100111000010
0000000000000011100110100000
0000000000000011100110001000
0000000000000011100101101100
0000000000000011100101100000
0000000000000011100101001001
0000000000000011100101000000
0000000000000011100100011111
0000000000000011100100011011
0000000000000011100100010010
0000000000000011100011101100
0000000000000011100011011111
0000000000000011100011000111
0000000000000011100010110000
0000000000000011100010100001
0000000000000011100010010001
0000000000000011100010000010
0000000000000011100001101000
0000000000000011100001010101
0000000000000011100001000111
0000000000000011100000111011
0000000000000011100000011000
0000000000000011100000000111
0000000000000011011111111000
0000000000000011011111110100
0000000000000011011111000100
0000000000000011011111001010
0000000000000011011110101100
0000000000000011011110101110
0000000000000011011110001110
0000000000000011011101111011
0000000000000011011101110001
0000000000000011011101101010
0000000000000011011101000001
0000000000000011011100111110
0000000000000011011100011101
0000000000000011011100011011
0000000000000011011100001010
0000000000000011011100001010
0000000000000011011011100101
0000000000000011011011100011
0000000000000011011011001110
0000000000000011011010101111
0000000000000011011010110010
0000000000000011011010000111
0000000000000011011010000101
0000000000000011011001100110
0000000000000011011001100110
0000000000000011011001001011
0000000000000011011001001100
0000000000000011011001000011
0000000000000011011000100100
0000000000000011011000010011
0000000000000011011000000010
0000000000000011010111101011
0000000000000011010111100000
0000000000000011010111010111
0000000000000011010110111101
0000000000000011010110111101
0000000000000011010110110001
0000000000000011010110100101
0000000000000011010110000111
0000000000000011010110000010
0000000000000011010101110110
0000000000000011010101100010
0000000000000011010101010011
0000000000000011010101010000
0000000000000011010100101100
0000000000000011010100111010
0000000000000011010100100000
0000000000000011010100001010
0000000000000011010100001011
0000000000000011010011101011
0000000000000011010011010100
0000000000000011010011010011
0000000000000011010011001010
0000000000000011010011000111
0000000000000011010010110010
0000000000000011010010100000
0000000000000011010010001110
0000000000000011010001110000
0000000000000011010001110110
0000000000000011010001101011
0000000000000011010001101001
0000000000000011010001001100
0000000000000011010001000100
0000000000000011010000111001
0000000000000011010000011010
0000000000000011010000100000
0000000000000011010000000110
0000000000000011010000000010
0000000000000011001111110011
0000000000000011001111100000
0000000000000011001111010010
0000000000000011001111001001
0000000000000011001111000101
0000000000000011001110110110
0000000000000011001110101010
0000000000000011001110011001
0000000000000011001110000010
0000000000000011001101111110
0000000000000011001101110000
0000000000000011001101101010
0000000000000011001101100000
0000000000000011001101011101
0000000000000011001101000110
0000000000000011001101001010
0000000000000011001100100010
0000000000000011001100100000
0000000000000011001100010000
0000000000000011001011111101
0000000000000011001011110101
0000000000000011001011101111
0000000000000011001011101001
0000000000000011001011010101
0000000000000011001011011111
0000000000000011001011000110
0000000000000011001010111101
0000000000000011001010111000
0000000000000011001010111000
0000000000000011001010010110
0000000000000011001010000101
0000000000000011001010010001
0000000000000011001001110100
0000000000000011001001110111
0000000000000011001001011111
0000000000000011001001011100
0000000000000011001001001100
0000000000000011001001001010
0000000000000011001001000011
0000000000000011001000110111
0000000000000011001000110001
0000000000000011001000011110
0000000000000011001000010110
0000000000000011001000001100
0000000000000011001000001010
0000000000000011000111101011
0000000000000011000111111000
0000000000000011000111010110
0000000000000011000111010000
0000000000000011000111000100
0000000000000011000111010110
0000000000000011000111001000
0000000000000011000110100010
0000000000000011000110101011
0000000000000011000110001001
0000000000000011000110010110
0000000000000011000110000111
0000000000000011000110001011
0000000000000011000101111110
0000000000000011000101110000
0000000000000011000101011011
0000000000000011000101010010
0000000000000011000101010101
0000000000000011000101001100
0000000000000011000100110111
0000000000000011000100111011
0000000000000011000100110100
0000000000000011000100010111
0000000000000011000100100001
0000000000000011000100001101
0000000000000011000100001101
0000000000000011000011110100
0000000000000011000100000101
0000000000000011000011111001
0000000000000011000011101011
0000000000000011000011011001
0000000000000011000011010111
0000000000000011000011001101
0000000000000011000011000011
0000000000000011000010110110
0000000000000011000010100001
0000000000000011000010110101
0000000000000011000010101000
0000000000000011000010010100
0000000000000011000001111111
0000000000000011000010000111
0000000000000011000010000011
0000000000000011000001110011
0000000000000011000010011100
0000000000000011000001000011
0000000000000011000001010100
0000000000000011000001000010
0000000000000011000000111011
0000000000000011000001000110
0000000000000011000000110111
0000000000000011000000111100
0000000000000011000000100110
0000000000000011000000101111
0000000000000011000000101001
0000000000000011000000011010
0000000000000011000000010111
0000000000000011000000010001
0000000000000010111111111111
0000000000000010111111110011
0000000000000010111111110100
0000000000000010111111110011
0000000000000010111111110101
0000000000000010111111010001
0000000000000010111111011000
0000000000000010111111001111
0000000000000010111110110001
0000000000000010111111000011
0000000000000010111111000101
0000000000000010111110101111
0000000000000010111110111000
0000000000000010111110110011
0000000000000010111110100100
0000000000000010111110011110
0000000000000010111110100110
0000000000000010111110011001
0000000000000010111110000010
0000000000000010111101111010
0000000000000010111110000011
0000000000000010111101101110
0000000000000010111101101011
0000000000000010111101011101
0000000000000010111101011100
0000000000000010111101100111
0000000000000010111101001011
0000000000000010111101010101
0000000000000010111100111000
0000000000000010111100111000
0000000000000010111100101101
0000000000000010111101000010
0000000000000010111100111000
0000000000000010111100101001
0000000000000010111100011100
0000000000000010111100010011
0000000000000010111100011000
0000000000000010111100011011
0000000000000010111100010010
0000000000000010111100000001
0000000000000010111100000001
0000000000000010111100000011
0000000000000010111011101000
0000000000000010111011110110
0000000000000010111011101100
0000000000000010111011101011
0000000000000010111011011100
0000000000000010111011001111
0000000000000010111011010011
0000000000000010111011010001
0000000000000010111011000111
0000000000000010111010110010
0000000000000010111010111111
0000000000000010111010101101
0000000000000010111010110110
0000000000000010111010100100
0000000000000010111010011000
0000000000000010111010011001
0000000000000010111010011001
0000000000000010111010100001
0000000000000010111010011001
0000000000000010111001111111
0000000000000010111010000101
0000000000000010111010000101
0000000000000010111010000110
0000000000000010111010000000
0000000000000010111001111000
0000000000000010111001101101
0000000000000010111001101100
0000000000000010111001110011
0000000000000010111001101011
0000000000000010111001100100
0000000000000010111001011110
0000000000000010111001011001
0000000000000010111001010101
0000000000000010111001001001
0000000000000010111001001100
0000000000000010111001000100
0000000000000010111001000010
0000000000000010111001001011
0000000000000010111000110110
0000000000000010111000101110
0000000000000010111001000100
0000000000000010111000110100
0000000000000010111000110000
0000000000000010111000110010
0000000000000010111000010111
0000000000000010111000010001
0000000000000010111000101101
0000000000000010111000100011
0000000000000010111000011001
0000000000000010111000001110
0000000000000010111000010010
0000000000000010111000000101
0000000000000010111000001011
0000000000000010110111111001
0000000000000010111000000101
0000000000000010110111110010
0000000000000010110111111001
0000000000000010110111111101
0000000000000010110111110000
0000000000000010110111101011
0000000000000010110111101001
0000000000000010110111101001
0000000000000010110111011010
0000000000000010110111011011
0000000000000010110111010110
0000000000000010110111010111
0000000000000010110111010010
0000000000000010110111001101
0000000000000010110111010010
0000000000000010110111010010
0000000000000010110110111010
0000000000000010110111000000
0000000000000010110110111101
0000000000000010110111001011
0000000000000010110111000100
0000000000000010110110110010
0000000000000010110111000000
0000000000000010110110110010
0000000000000010110110111000
0000000000000010110110110111
0000000000000010110110101110
0000000000000010110110100100
0000000000000010110110100110
0000000000000010110110101011
0000000000000010110110101100
0000000000000010110110011111
0000000000000010110110011111
0000000000000010110110001110
0000000000000010110110010101
0000000000000010110110010000
0000000000000010110110011011
0000000000000010110110000010
0000000000000010110110011100
0000000000000010110110000110
0000000000000010110110001100
0000000000000010110110000100
0000000000000010110110011000
0000000000000010110110000110
0000000000000010110101110100
0000000000000010110110000100
0000000000000010110101111101
0000000000000010110101101101
0000000000000010110101111011
0000000000000010110101111011
0000000000000010110101110011
0000000000000010110101101010
0000000000000010110101110000
0000000000000010110101110001
0000000000000010110101110101
0000000000000010110101111010
0000000000000010110101100101
0000000000000010110101001111
0000000000000010110101110010
0000000000000010110101100101
0000000000000010110101101111
0000000000000010110101101001
0000000000000010110101011000
0000000000000010110101100101
0000000000000010110101011000
0000000000000010110101010111
0000000000000010110101011011
0000000000000010110101011001
0000000000000010110101001000
0000000000000010110101011100
0000000000000010110101101011
0000000000000010110101100111
0000000000000010110101001101
0000000000000010110101001010
0000000000000010110101011010
0000000000000010110101000100
0000000000000010110101010001
0000000000000010110101100111
0000000000000010110101100100
0000000000000010110101000110
0000000000000010110101001101
0000000000000010110101001110
0000000000000010110101001111
0000000000000010110101000101
0000000000000010110101001110
0000000000000010110101010100
0000000000000010110101001010
0000000000000010110101001111
0000000000000010110100110110
0000000000000010110100111010
0000000000000010110101001010
0000000000000010110101000101
0000000000000010110101000101
0000000000000010110101001010
0000000000000010110100110110
0000000000000010110100110111
0000000000000010110100010111
0000000000000010110101100000
0000000000000010110101000111
0000000000000010110100111110
0000000000000010110101000100
0000000000000010110101010011
0000000000000010110100110001
0000000000000010110101000100
0000000000000010110100111100
0000000000000010110100111100
0000000000000010110101001111
0000000000000010110100111100
0000000000000010110100111100
0000000000000010110101000100
0000000000000010110100110001
0000000000000010110101010011
0000000000000010110101000100
0000000000000010110100111110
0000000000000010110101000111
0000000000000010110101100000
0000000000000010110100010111
0000000000000010110100110111
0000000000000010110100110110
0000000000000010110101001010
0000000000000010110101000101
0000000000000010110101000101
0000000000000010110101001010
0000000000000010110100111010
0000000000000010110100110110
0000000000000010110101001111
0000000000000010110101001010
0000000000000010110101010100
0000000000000010110101001110
0000000000000010110101000101
0000000000000010110101001111
0000000000000010110101001110
0000000000000010110101001101
0000000000000010110101000110
0000000000000010110101100100
0000000000000010110101100111
0000000000000010110101010001
0000000000000010110101000100
0000000000000010110101011010
0000000000000010110101001010
0000000000000010110101001101
0000000000000010110101100111
0000000000000010110101101011
0000000000000010110101011100
0000000000000010110101001000
0000000000000010110101011001
0000000000000010110101011011
0000000000000010110101010111
0000000000000010110101011000
0000000000000010110101100101
0000000000000010110101011000
0000000000000010110101101001
0000000000000010110101101111
0000000000000010110101100101
0000000000000010110101110010
0000000000000010110101001111
0000000000000010110101100101
0000000000000010110101111010
0000000000000010110101110101
0000000000000010110101110001
0000000000000010110101110000
0000000000000010110101101010
0000000000000010110101110011
0000000000000010110101111011
0000000000000010110101111011
0000000000000010110101101101
0000000000000010110101111101
0000000000000010110110000100
0000000000000010110101110100
0000000000000010110110000110
0000000000000010110110011000
0000000000000010110110000100
0000000000000010110110001100
0000000000000010110110000110
0000000000000010110110011100
0000000000000010110110000010
0000000000000010110110011011
0000000000000010110110010000
0000000000000010110110010101
0000000000000010110110001110
0000000000000010110110011111
0000000000000010110110011111
0000000000000010110110101100
0000000000000010110110101011
0000000000000010110110100110
0000000000000010110110100100
0000000000000010110110101110
0000000000000010110110110111
0000000000000010110110111000
0000000000000010110110110010
0000000000000010110111000000
0000000000000010110110110010
0000000000000010110111000100
0000000000000010110111001011
0000000000000010110110111101
0000000000000010110111000000
0000000000000010110110111010
0000000000000010110111010010
0000000000000010110111010010
0000000000000010110111001101
0000000000000010110111010010
0000000000000010110111010111
0000000000000010110111010110
0000000000000010110111011011
0000000000000010110111011010
0000000000000010110111101001
0000000000000010110111101001
0000000000000010110111101011
0000000000000010110111110000
0000000000000010110111111101
0000000000000010110111111001
0000000000000010110111110010
0000000000000010111000000101
0000000000000010110111111001
0000000000000010111000001011
0000000000000010111000000101
0000000000000010111000010010
0000000000000010111000001110
0000000000000010111000011001
0000000000000010111000100011
0000000000000010111000101101
0000000000000010111000010001
0000000000000010111000010111
0000000000000010111000110010
0000000000000010111000110000
0000000000000010111000110100
0000000000000010111001000100
0000000000000010111000101110
0000000000000010111000110110
0000000000000010111001001011
0000000000000010111001000010
0000000000000010111001000100
0000000000000010111001001100
0000000000000010111001001001
0000000000000010111001010101
0000000000000010111001011001
0000000000000010111001011110
0000000000000010111001100100
0000000000000010111001101011
0000000000000010111001110011
0000000000000010111001101100
0000000000000010111001101101
0000000000000010111001111000
0000000000000010111010000000
0000000000000010111010000110
0000000000000010111010000101
0000000000000010111010000101
0000000000000010111001111111
0000000000000010111010011001
0000000000000010111010100001
0000000000000010111010011001
0000000000000010111010011001
0000000000000010111010011000
0000000000000010111010100100
0000000000000010111010110110
0000000000000010111010101101
0000000000000010111010111111
0000000000000010111010110010
0000000000000010111011000111
0000000000000010111011010001
0000000000000010111011010011
0000000000000010111011001111
0000000000000010111011011100
0000000000000010111011101011
0000000000000010111011101100
0000000000000010111011110110
0000000000000010111011101000
0000000000000010111100000011
0000000000000010111100000001
0000000000000010111100000001
0000000000000010111100010010
0000000000000010111100011011
0000000000000010111100011000
0000000000000010111100010011
0000000000000010111100011100
0000000000000010111100101001
0000000000000010111100111000
0000000000000010111101000010
0000000000000010111100101101
0000000000000010111100111000
0000000000000010111100111000
0000000000000010111101010101
0000000000000010111101001011
0000000000000010111101100111
0000000000000010111101011100
0000000000000010111101011101
0000000000000010111101101011
0000000000000010111101101110
0000000000000010111110000011
0000000000000010111101111010
0000000000000010111110000010
0000000000000010111110011001
0000000000000010111110100110
0000000000000010111110011110
0000000000000010111110100100
0000000000000010111110110011
0000000000000010111110111000
0000000000000010111110101111
0000000000000010111111000101
0000000000000010111111000011
0000000000000010111110110001
0000000000000010111111001111
0000000000000010111111011000
0000000000000010111111010001
0000000000000010111111110101
0000000000000010111111110011
0000000000000010111111110100
0000000000000010111111110011
0000000000000010111111111111
0000000000000011000000010001
0000000000000011000000010111
0000000000000011000000011010
0000000000000011000000101001
0000000000000011000000101111
0000000000000011000000100110
0000000000000011000000111100
0000000000000011000000110111
0000000000000011000001000110
0000000000000011000000111011
0000000000000011000001000010
0000000000000011000001010100
0000000000000011000001000011
0000000000000011000010011100
0000000000000011000001110011
0000000000000011000010000011
0000000000000011000010000111
0000000000000011000001111111
0000000000000011000010010100
0000000000000011000010101000
0000000000000011000010110101
0000000000000011000010100001
0000000000000011000010110110
0000000000000011000011000011
0000000000000011000011001101
0000000000000011000011010111
0000000000000011000011011001
0000000000000011000011101011
0000000000000011000011111001
0000000000000011000100000101
0000000000000011000011110100
0000000000000011000100001101
0000000000000011000100001101
0000000000000011000100100001
0000000000000011000100010111
0000000000000011000100110100
0000000000000011000100111011
0000000000000011000100110111
0000000000000011000101001100
0000000000000011000101010101
0000000000000011000101010010
0000000000000011000101011011
0000000000000011000101110000
0000000000000011000101111110
0000000000000011000110001011
0000000000000011000110000111
0000000000000011000110010110
0000000000000011000110001001
0000000000000011000110101011
0000000000000011000110100010
0000000000000011000111001000
0000000000000011000111010110
0000000000000011000111000100
0000000000000011000111010000
0000000000000011000111010110
0000000000000011000111111000
0000000000000011000111101011
0000000000000011001000001010
0000000000000011001000001100
0000000000000011001000010110
0000000000000011001000011110
0000000000000011001000110001
0000000000000011001000110111
0000000000000011001001000011
0000000000000011001001001010
0000000000000011001001001100
0000000000000011001001011100
0000000000000011001001011111
0000000000000011001001110111
0000000000000011001001110100
0000000000000011001010010001
0000000000000011001010000101
0000000000000011001010010110
0000000000000011001010111000
0000000000000011001010111000
0000000000000011001010111101
0000000000000011001011000110
0000000000000011001011011111
0000000000000011001011010101
0000000000000011001011101001
0000000000000011001011101111
0000000000000011001011110101
0000000000000011001011111101
0000000000000011001100010000
0000000000000011001100100000
0000000000000011001100100010
0000000000000011001101001010
0000000000000011001101000110
0000000000000011001101011101
0000000000000011001101100000
0000000000000011001101101010
0000000000000011001101110000
0000000000000011001101111110
0000000000000011001110000010
0000000000000011001110011001
0000000000000011001110101010
0000000000000011001110110110
0000000000000011001111000101
0000000000000011001111001001
0000000000000011001111010010
0000000000000011001111100000
0000000000000011001111110011
0000000000000011010000000010
0000000000000011010000000110
0000000000000011010000100000
0000000000000011010000011010
0000000000000011010000111001
0000000000000011010001000100
0000000000000011010001001100
0000000000000011010001101001
0000000000000011010001101011
0000000000000011010001110110
0000000000000011010001110000
0000000000000011010010001110
0000000000000011010010100000
0000000000000011010010110010
0000000000000011010011000111
0000000000000011010011001010
0000000000000011010011010011
0000000000000011010011010100
0000000000000011010011101011
0000000000000011010100001011
0000000000000011010100001010
0000000000000011010100100000
0000000000000011010100111010
0000000000000011010100101100
0000000000000011010101010000
0000000000000011010101010011
0000000000000011010101100010
0000000000000011010101110110
0000000000000011010110000010
0000000000000011010110000111
0000000000000011010110100101
0000000000000011010110110001
0000000000000011010110111101
0000000000000011010110111101
0000000000000011010111010111
0000000000000011010111100000
0000000000000011010111101011
0000000000000011011000000010
0000000000000011011000010011
0000000000000011011000100100
0000000000000011011001000011
0000000000000011011001001100
0000000000000011011001001011
0000000000000011011001100110
0000000000000011011001100110
0000000000000011011010000101
0000000000000011011010000111
0000000000000011011010110010
0000000000000011011010101111
0000000000000011011011001110
0000000000000011011011100011
0000000000000011011011100101
0000000000000011011100001010
0000000000000011011100001010
0000000000000011011100011011
0000000000000011011100011101
0000000000000011011100111110
0000000000000011011101000001
0000000000000011011101101010
0000000000000011011101110001
0000000000000011011101111011
0000000000000011011110001110
0000000000000011011110101110
0000000000000011011110101100
0000000000000011011111001010
0000000000000011011111000100
0000000000000011011111110100
0000000000000011011111111000
0000000000000011100000000111
0000000000000011100000011000
0000000000000011100000111011
0000000000000011100001000111
0000000000000011100001010101
0000000000000011100001101000
0000000000000011100010000010
0000000000000011100010010001
0000000000000011100010100001
0000000000000011100010110000
0000000000000011100011000111
0000000000000011100011011111
0000000000000011100011101100
0000000000000011100100010010
0000000000000011100100011011
0000000000000011100100011111
0000000000000011100101000000
0000000000000011100101001001
0000000000000011100101100000
0000000000000011100101101100
0000000000000011100110001000
0000000000000011100110100000
0000000000000011100111000010
0000000000000011100111001000
0000000000000011100111001101
0000000000000011100111101001
0000000000000011100111110110
0000000000000011101000011101
0000000000000011101000100111
0000000000000011101001000011
0000000000000011101001100101
0000000000000011101001101001
0000000000000011101010000111
0000000000000011101010001010
0000000000000011101010101011
0000000000000011101011000111
0000000000000011101011010001
0000000000000011101011101111
0000000000000011101011110101
0000000000000011101100010000
0000000000000011101100101111
0000000000000011101101000100
0000000000000011101101001010
0000000000000011101101110101
0000000000000011101110001100
0000000000000011101110100110
0000000000000011101110110110
0000000000000011101110110111
0000000000000011101111010001
0000000000000011110000001100
0000000000000011110000010001
0000000000000011110000101101
0000000000000011110001000110
0000000000000011110001010000
0000000000000011110001111101
0000000000000011110010000001
0000000000000011110010011110
0000000000000011110010101011
0000000000000011110011000111
0000000000000011110011100001
0000000000000011110011111110
0000000000000011110100100011
0000000000000011110100111010
0000000000000011110101000111
0000000000000011110101011101
0000000000000011110110000011
0000000000000011110110100011
0000000000000011110110100110
0000000000000011110111110110
0000000000000011110111100110
0000000000000011110111111001
0000000000000011111000010111
0000000000000011111000011011
0000000000000011111001001101
0000000000000011111001101010
0000000000000011111001111100
0000000000000011111010101001
0000000000000011111010111010
0000000000000011111011010110
0000000000000011111011110110
0000000000000011111100000011
0000000000000011111100100110
0000000000000011111100101111
0000000000000011111101001101
0000000000000011111101111100
0000000000000011111110011000
0000000000000011111110110101
0000000000000011111111101111
0000000000000011111110101101
0000000000000011111111101101
0000000000000100000000001111
0000000000000100000000101111
0000000000000100000001010110
0000000000000100000001101010
0000000000000100000010001101
0000000000000100000010110001
0000000000000100000010111001
0000000000000100000011101011
0000000000000100000100000001
0000000000000100000100100100
0000000000000100000100111110
0000000000000100000101011011
0000000000000100000110010011
0000000000000100000110100110
0000000000000100000111000101
0000000000000100000111001111
0000000000000100000111101010
0000000000000100001000001110
0000000000000100001000111011
0000000000000100001001100010
0000000000000100001001111111
0000000000000100001010011010
0000000000000100001010111100
0000000000000100001011010111
0000000000000100001011111010
0000000000000100001100101110
0000000000000100001101000001
0000000000000100001101011011
0000000000000100001101111100
0000000000000100001110011111
0000000000000100001110110101
0000000000000100001111100101
0000000000000100010000001001
0000000000000100010000101111
0000000000000100010001000100
0000000000000100010001011101
0000000000000100010010011001
0000000000000100010010110010
0000000000000100010011010111
0000000000000100010011101110
0000000000000100010100010011
0000000000000100010100110111
0000000000000100010101011110
0000000000000100010110010110
0000000000000100010110110011
0000000000000100010111010011
0000000000000100010111111011
0000000000000100011000101111
0000000000000100011000111010
0000000000000100011001100000
0000000000000100011010011000
0000000000000100011010110101
0000000000000100011011011000
0000000000000100011011111111
0000000000000100011100100110
0000000000000100011101010111
0000000000000100011101111000
0000000000000100011110100000
0000000000000100011110110101
0000000000000100011111110011
0000000000000100100000011000
0000000000000100100000111011
0000000000000100100001011111
0000000000000100100010001100
0000000000000100100010111101
0000000000000100100011100011
0000000000000100100100001110
0000000000000100100100111110
0000000000000100100101101010
0000000000000100100110001001
0000000000000100100110110111
0000000000000100100111100001
0000000000000100101000001011
0000000000000100101001000100
0000000000000100101001110011
0000000000000100101010010111
0000000000000100101011001010
0000000000000100101011110011
0000000000000100101100011110
0000000000000100101101000110
0000000000000100101110001101
0000000000000100101110101001
0000000000000100101111001011
0000000000000100110000000100
0000000000000100110000100111
0000000000000100110001010111
0000000000000100110010010100
0000000000000100110010111101
0000000000000100110011101000
0000000000000100110100100101
0000000000000100110101001100
0000000000000100110110001001
0000000000000100110110110010
0000000000000100110111010010
0000000000000100111000010110
0000000000000100111001000000
0000000000000100111001110101
0000000000000100111010101000
0000000000000100111011100000
0000000000000100111100001001
0000000000000100111100111100
0000000000000100111110000001
0000000000000100111110101101
0000000000000100111111010010
0000000000000101000000001111
0000000000000101000001000101
0000000000000101000010001101
0000000000000101000010110111
0000000000000101000011110000
0000000000000101000100100010
0000000000000101000101001011
0000000000000101000110000110
0000000000000101000111001011
0000000000000101001000000000
0000000000000101001001000000
0000000000000101001001101101
0000000000000101001010110001
0000000000000101001011101010
0000000000000101001100110000
0000000000000101001101011101
0000000000000101001110011001
0000000000000101001111010001
0000000000000101010000010000
0000000000000101010001011000
0000000000000101010001111101
0000000000000101010010111001
0000000000000101010100000010
0000000000000101010101001101
0000000000000101010110000110
0000000000000101010110110000
0000000000000101011000000111
0000000000000101011000111111
0000000000000101011001111101
0000000000000101011011010000
0000000000000101011011110110
0000000000000101011101001101
0000000000000101011110001110
0000000000000101011111001000
0000000000000101100000010001
0000000000000101100001001110
0000000000000101100010010001
0000000000000101100011010111
0000000000000101100100100110
0000000000000101100101010110
0000000000000101100110111010
0000000000000101100111111110
0000000000000101101001000100
0000000000000101101001110010
0000000000000101101010111100
0000000000000101101100000111
0000000000000101101101011010
0000000000000101101110100010
0000000000000101101111111010
0000000000000101110000110010
0000000000000101110001111110
0000000000000101110011011001
0000000000000101110100010111
0000000000000101110101110011
0000000000000101110111000000
0000000000000101110111111111
0000000000000101111001010101
0000000000000101111010110110
0000000000000101111011110100
0000000000000101111101000101
0000000000000101111110011111
0000000000000101111111100111
0000000000000110000001000010
0000000000000110000010100000
0000000000000110000011110011
0000000000000110000101000001
0000000000000110000110011011
0000000000000110000111110101
0000000000000110001000111110
0000000000000110001010010101
0000000000000110001011111010
0000000000000110001101010000
0000000000000110001110100101
0000000000000110001111111110
0000000000000110010001100100
0000000000000110010010101001
0000000000000110010100010001
0000000000000110010110001010
0000000000000110010111001010
0000000000000110011000101100
0000000000000110011010100100
0000000000000110011011111010
0000000000000110011101011010
0000000000000110011110110100
0000000000000110100000100000
0000000000000110100010010001
0000000000000110100011011101
0000000000000110100101010101
0000000000000110100110110000
0000000000000110101000100000
0000000000000110101010011010
0000000000000110101011111111
0000000000000110101101010001
0000000000000110101111010110
0000000000000110110000110000
0000000000000110110010101100
0000000000000110110100001101
0000000000000110110110001100
0000000000000110110111110110
0000000000000110111001100100
0000000000000110111011010111
0000000000000110111101001001
0000000000000110111110110110
0000000000000111000000111000
0000000000000111000010101011
0000000000000111000100100000
0000000000000111000110100001
0000000000000111001000011010
0000000000000111001010010011
0000000000000111001100001100
0000000000000111001110010110
0000000000000111010000100001
0000000000000111010010000100
0000000000000111010100001001
0000000000000111010110001100
0000000000000111011000101001
0000000000000111011010101100
0000000000000111011100101001
0000000000000111011111001010
0000000000000111011101011110
0000000000000111100010110110
0000000000000111100100111110
0000000000000111100111001111
0000000000000111101001010001
0000000000000111101011110001
0000000000000111101110000000
0000000000000111110000011100
0000000000000111110010110110
0000000000000111110101001000
0000000000000111110111000101
0000000000000111111010000000
0000000000000111111100100010
0000000000000111111110110000
0000000000001000000001000001
0000000000001000000011111001
0000000000001000000110011001
0000000000001000001000101100
0000000000001000001011001100
0000000000001000001101110010
0000000000001000010000111010
0000000000001000010011001001
0000000000001000010110000101
0000000000001000011000100000
0000000000001000011011011110
0000000000001000011110001001
0000000000001000100000111110
0000000000001000100011101011
0000000000001000100110100010
0000000000001000101001100100
0000000000001000101100101101
0000000000001000101111100110
0000000000001000110010011011
0000000000001000110101011111
0000000000001000111000100100
0000000000001000111011110110
0000000000001000111110111010
0000000000001001000001110101
0000000000001001000101011110
0000000000001001001000011001
0000000000001001001011110111
0000000000001001001111001100
0000000000001001010010110011
0000000000001001010110000011
0000000000001001011001100101
0000000000001001011101000101
0000000000001001100000101100
0000000000001001100011111100
0000000000001001100111110010
0000000000001001101011001100
0000000000001001101111101001
0000000000001001110010101111
0000000000001001110110110001
0000000000001001111010101000
0000000000001001111110100110
0000000000001010000010011011
0000000000001010000110100010
0000000000001010001010011101
0000000000001010001110011100
0000000000001010010010100111
0000000000001010010111001001
0000000000001010011011010110
0000000000001010011111100111
0000000000001010100100010000
0000000000001010101000001010
0000000000001010101101000101
0000000000001010110001011111
0000000000001010110110100000
0000000000001010111011010110
0000000000001010111111111000
0000000000001011000100100010
0000000000001011001001011101
0000000000001011001110010011
0000000000001011010011011001
0000000000001011011000100111
0000000000001011011110000111
0000000000001011100010111100
0000000000001011101000001100
0000000000001011101101101111
0000000000001011110011010101
0000000000001011111000101111
0000000000001011111110110011
0000000000001100000100011010
0000000000001100001010001100
0000000000001100010000010011
0000000000001100010110001111
0000000000001100011100010000
0000000000001100100010100101
0000000000001100101000110110
0000000000001100101111101000
0000000000001100110101101110
0000000000001100111100010101
0000000000001101000011010001
0000000000001101001001101111
0000000000001101010000101001
0000000000001101011000010001
0000000000001101011111001100
0000000000001101100110011101
0000000000001101101110000000
0000000000001101110101010110
0000000000001101111101001111
0000000000001110000100111001
0000000000001110001100110110
0000000000001110010100110000
0000000000001110011101000000
0000000000001110100101011011
0000000000001110101101111110
0000000000001110110111001010
0000000000001110111111101000
0000000000001111001000110000
0000000000001111010001111000
0000000000001111011011001111
0000000000001111100100111010
0000000000001111101110010011
0000000000001111111000000110
0000000000010000000010101010
0000000000010000001100101001
0000000000010000010111001010
0000000000010000100001110010
0000000000010000101100100000
0000000000010000110111100110
0000000000010001000010111100
0000000000010001001110011000
0000000000010001011010010111
0000000000010001100110001110
0000000000010001110010111010
0000000000010001111111010100
0000000000010010001100000111
0000000000010010011001011001
0000000000010010100111001010
0000000000010010110100011011
0000000000010011000010101011
0000000000010011010000101010
0000000000010011011111011100
0000000000010011101110110000
0000000000010011111110000010
0000000000010100001101011100
0000000000010100011110001100
0000000000010100101110010000
0000000000010100111111000110
0000000000010101010000010000
0000000000010101100001110111
0000000000010101110100010011
0000000000010110000111000000
0000000000010110011001110111
0000000000010110101101101010
0000000000010111000001101010
0000000000010111010110010111
0000000000010111101011010100
0000000000011000000001101001
0000000000011000010111111100
0000000000011000101110111011
0000000000011001000110101111
0000000000011001011110101101
0000000000011001111000000101
0000000000011010010010000001
0000000000011010101100100010
0000000000011011000111111011
0000000000011011100100010011
0000000000011100000001011001
0000000000011100011111101000
0000000000011100111110010110
0000000000011101011110010011
0000000000011101111111011011
0000000000011110100001100101
0000000000011111000101010010
0000000000011111101001111111
0000000000100000010000000100
0000000000100000110111001101
0000000000100001100000000000
0000000000100010001010001110
0000000000100010110110001110
0000000000100011100011100010
0000000000100100010010111110
0000000000100101000100011110
0000000000100101110111011010
0000000000100110101100111011
0000000000100111100100100100
0000000000101000011110101111
0000000000101001011011001001
0000000000101010011010110001
0000000000101011011100110110
0000000000101100100010010001
0000000000101101101011001110
0000000000101110110111011010
0000000000110000000111101011
0000000000110001011100011011
0000000000110010110100110010
0000000000110100010010101001
0000000000110101110101110010
0000000000110111011110001100
0000000000111001001101010000
0000000000111011000010101010
0000000000111100111111111010
0000000000111111000101000010
0000000001000001010011000001
0000000001000011101010110011
0000000001000110001101010011
0000000001001000111011110111
0000000001001011110111110000
0000000001001111000011010010
0000000001010010011110110001
0000000001010110001101101000
0000000001011010010010100111
0000000001011110101111101100
0000000001100011101001010110
0000000001101001000011011010
0000000001101111000011011100
0000000001110101110000010010
0000000001111101010010010010
0000000010000101110011001000
0000000010001111100000010101
0000000010011010101011100000
0000000010100111101011010111
0000000010110110111110001101
0000000011001001001111111100
0000000011011111011101001110
0000000011111011000001101001
0000000100011110001001101001
0000000101001100011011101101
0000000110001100001011001001
0000000111101001100010100001
0000001001111111011011111111
0000001110010111011011010111
0000011001011100100101111001
0001101101001100101011111100
0000110000000011011101111000
0000010011110000101111110111
0000001100011101110011101010
0000001001000111101000001001
0000000111001100101101000110
0000000101111100111101110111
0000000101000101000011110101
0000000100011011101100100111
0000000011111011110111000010
0000000011100010100110001001
0000000011001110000100001011
0000000010111101000011100100
0000000010101110101110101001
0000000010100010100000010011
0000000010010111111100110101
0000000010001110101111111111
0000000010000110101010010011
0000000001111111011110111110
0000000001111001000101011110
0000000001110011010101100001
0000000001101110001001110011
0000000001101001011100111001
0000000001100101001010110010
0000000001100001010000000100
0000000001011101101010000010
0000000001011010010110010000
0000000001010111010010101000
0000000001010100011101001000
0000000001010001110100100111
0000000001001111011000001010
0000000001001101000101101111
0000000001001010111100110111
0000000001001000111100100010
0000000001000111000100100010
0000000001000101010011000110
0000000001000011101000101011
0000000001000010000100000100
0000000001000000100101010001
0000000000111111001011111111
0000000000111101110110011000
0000000000111100100101111011
0000000000111011011001001010
0000000000111010010000011100
0000000000111001001011011101
0000000000111000001001011110
0000000000110111001010110110
0000000000110110001110111011
0000000000110101010101110000
0000000000110100011111011111
0000000000110011101011000100
0000000000110010111001100111
0000000000110010001001110000
0000000000110001011100011011
0000000000110000110000001100
0000000000110000000110100001
0000000000101111011110010101
0000000000101110110111110110
0000000000101110010011000100
0000000000101101101111010111
0000000000101101001101001110
0000000000101100101100011011
0000000000101100001100111100
0000000000101011101110110110
0000000000101011010001110100
0000000000101010110101110010
0000000000101010011011001000
0000000000101010000000111000
0000000000101001101000011100
0000000000101001010000100111
0000000000101000111001100110
0000000000101000100011010100
0000000000101000001101101010
0000000000100111111001101001
0000000000100111100101101111
0000000000100111010011000010
0000000000100111000000111010
0000000000100110101111110101
0000000000100110011110100101
0000000000100110001110101000
0000000000100101111111010001
0000000000100101110000011000
0000000000100101100010101011
0000000000100101010100110011
0000000000100101000111101111
0000000000100100111011010001
0000000000100100101111000010
0000000000100100100011111101
0000000000100100011001000110
0000000000100100001110101001
0000000000100100000100110111
0000000000100011111011101001
0000000000100011110010111011
0000000000100011101010010010
0000000000100011100010010011
0000000000100011011010111110
0000000000100011010011110000
0000000000100011001101100001
0000000000100011000111010101
0000000000100011000001010010
0000000000100010111100010000
0000000000100010110111000101
0000000000100010110010110100
0000000000100010101110010100
0000000000100010101010111101
0000000000100010100111101100
0000000000100010100100111111
0000000000100010100010000100
0000000000100010100000000001
0000000000100010011110100001
0000000000100010011100111110
0000000000100010011011111010
0000000000100010011011011101
