0000000000000000000000000000
0000000000000000001100011000
0000000000000000011001000011
0000000000000000100101100010
0000000000000000110001110101
0000000000000000111110101001
0000000000000001001011000011
0000000000000001010111101101
0000000000000001100100011110
0000000000000001110001001111
0000000000000001111101111011
0000000000000010001010111101
0000000000000010010111101010
0000000000000010100100100000
0000000000000010110001101000
0000000000000010111110110001
0000000000000011001011101011
0000000000000011011000111101
0000000000000011100110101000
0000000000000011110100010000
0000000000000100000010000001
0000000000000100001111101001
0000000000000100011101011111
0000000000000100101011110000
0000000000000100111010000010
0000000000000101001000010010
0000000000000101010110100001
0000000000000101100101100110
0000000000000101110100101000
0000000000000110000011100010
0000000000000110010011001000
0000000000000110100010110010
0000000000000110110010011010
0000000000000111000010011101
0000000000000111010010110010
0000000000000111100011001100
0000000000000111110011111100
0000000000001000000101011100
0000000000001000010111000111
0000000000001000101000101000
0000000000001000111010101101
0000000000001001001101001101
0000000000001001100000001001
0000000000001001110011011001
0000000000001010000111010011
0000000000001010011011011010
0000000000001010110000000011
0000000000001011000101010000
0000000000001011011011000000
0000000000001011110001000011
0000000000001100001000000100
0000000000001100011111010010
0000000000001100110111000101
0000000000001101010000001100
0000000000001101101001011000
0000000000001110000011010001
0000000000001110011110011100
0000000000001110111010001101
0000000000001111010110111101
0000000000001111110100010010
0000000000010000010011000010
0000000000010000110010010001
0000000000010001010011001011
0000000000010001110100100111
0000000000010010010111111101
0000000000010010111100011010
0000000000010011100010001110
0000000000010100001001101010
0000000000010100110010011100
0000000000010101011101010110
0000000000010110001001101000
0000000000010110111000001101
0000000000010111101001010001
0000000000011000011100001010
0000000000011001010001110111
0000000000011010001001111101
0000000000011011000101000011
0000000000011100000011000010
0000000000011101000100110000
0000000000011110001010011011
0000000000011111010011111111
0000000000100000100001110110
0000000000100001110100100100
0000000000100011001100111101
0000000000100100101011010011
0000000000100110010000011110
0000000000100111111100110010
0000000000101001110001010011
0000000000101011101110111100
0000000000101101110111011110
0000000000110000001011011011
0000000000110010101100101111
0000000000110101011101101001
0000000000111000100000101111
0000000000111011110111100001
0000000000111111100110101001
0000000001000011110010011110
0000000001001000100000000011
0000000001001101110110001000
0000000001010011111110001101
0000000001011011000011101010
0000000001100011010110100110
0000000001101101001011111100
0000000001111001000011000000
0000000010000111101000011110
0000000010011001111111100010
0000000010110001110100111111
0000000011010010000010001011
0000000011111111111100010100
0000000101000110101011100111
0000000111000001111001110000
0000001011001110011110010110
0000011011011111110100111100
1111000001000100001111001011
1111110001001110101111010001
1111110111100110100110111100
1111111010000111101011001001
1111111011011101111011000011
1111111100010011101010011110
1111111100111000010111010011
1111111101010011000001110000
1111111101100111010001010111
1111111101110111001010111000
1111111110000011111111001101
1111111110001110100010110010
1111111110010111011000010101
1111111110011110111001101000
1111111110100101010111101011
1111111110101010111111110010
1111111110101111111011101011
1111111110110100010011101100
1111111110111000001100111110
1111111110111011101100001111
1111111110111110110110100000
1111111111000001101101010001
1111111111000100010011110011
1111111111000110101100100011
1111111111001000111000011000
1111111111001010111001010111
1111111111001100110000110101
1111111111001110011111011010
1111111111010000000110010000
1111111111010001100110000000
1111111111010010111111101110
1111111111010100010011111000
1111111111010101100010101111
1111111111010110101101010100
1111111111010111110011011101
1111111111011000110101011001
1111111111011001110011110000
1111111111011010101111011000
1111111111011011100111101010
1111111111011100011100011011
1111111111011101001111100001
1111111111011110000000001100
1111111111011110101110000101
1111111111011111011010001010
1111111111100000000100010010
1111111111100000101100101010
1111111111100001010011010111
1111111111100001111000001101
1111111111100010011100000001
1111111111100010111101111111
1111111111100011011111000010
1111111111100011111110001111
1111111111100100011100101010
1111111111100100111010000000
1111111111100101010110001011
1111111111100101110001100001
1111111111100110001011110000
1111111111100110100101001010
1111111111100110111101100011
1111111111100111010101101111
1111111111100111101100110111
1111111111101000000011010110
1111111111101000011000110001
1111111111101000101101111011
1111111111101001000010000011
1111111111101001010101110001
1111111111101001101000110110
1111111111101001111011010010
1111111111101010001101101011
1111111111101010011111010101
1111111111101010110000011100
1111111111101011000001000010
1111111111101011010001101001
1111111111101011100001000110
1111111111101011110000101001
1111111111101011111111110011
1111111111101100001110001111
1111111111101100011100111110
1111111111101100101010100101
1111111111101100111000001111
1111111111101101000101100001
1111111111101101010010101101
1111111111101101011110111110
1111111111101101101011011000
1111111111101101110111111011
1111111111101110000011110001
1111111111101110001111000111
1111111111101110011010100110
1111111111101110100101001110
1111111111101110110000101000
1111111111101110111011000110
1111111111101111000101011110
1111111111101111001111111101
1111111111101111011001111101
1111111111101111100011100100
1111111111101111101101011010
1111111111101111110110011101
1111111111110000000000000010
1111111111110000001001001111
1111111111110000010010001101
1111111111110000011010101100
1111111111110000100011100010
1111111111110000101011111000
1111111111110000110100011011
1111111111110000111100011001
1111111111110001000100010110
1111111111110001001100001001
1111111111110001010011110011
1111111111110001011011010011
1111111111110001100010110101
1111111111110001101001111101
1111111111110001110001011101
1111111111110001111000100001
1111111111110001111111001100
1111111111110010000110001101
1111111111110010001101000001
1111111111110010010011100011
1111111111110010011010010111
1111111111110010100000100001
1111111111110010100111001111
1111111111110010101101100010
1111111111110010110011101011
1111111111110010111001111011
1111111111110010111111100110
1111111111110011000101011111
1111111111110011001011001101
1111111111110011010001000110
1111111111110011010110101010
1111111111110011011100001110
1111111111110011100001110010
1111111111110011100110111100
1111111111110011101100101010
1111111111110011110001111010
1111111111110011110110111001
1111111111110011111100000110
1111111111110100000001001100
1111111111110100000101110011
1111111111110100001011000011
1111111111110100001111110001
1111111111110100010100101010
1111111111110100011001010111
1111111111110100011110000101
1111111111110100100010101101
1111111111110100100111001111
1111111111110100101011101001
1111111111110100110000011101
1111111111110100110100101000
1111111111110100111001001001
1111111111110100111101011110
1111111111110101000001101100
1111111111110101000101010110
1111111111110101001001110101
1111111111110101001101111001
1111111111110101010010000010
1111111111110101010101111010
1111111111110101011001110101
1111111111110101011101100101
1111111111110101100001010011
1111111111110101100101001100
1111111111110101101001010111
1111111111110101101100111000
1111111111110101110000111111
1111111111110101110100001001
1111111111110101110111111010
1111111111110101111011011010
1111111111110101111110111011
1111111111110110000010101101
1111111111110110000110000100
1111111111110110001001011001
1111111111110110001100110000
1111111111110110010000001000
1111111111110110010011010011
1111111111110110010110101100
1111111111110110011001110100
1111111111110110011101010101
1111111111110110011111111010
1111111111110110100011110000
1111111111110110100110100101
1111111111110110101001111011
1111111111110110101100100111
1111111111110110101111110011
1111111111110110110010101110
1111111111110110110101110010
1111111111110110111000101000
1111111111110110111011110010
1111111111110110111110101001
1111111111110111000001101101
1111111111110111000100001101
1111111111110111000111011010
1111111111110111001001111010
1111111111110111001100100110
1111111111110111001111100010
1111111111110111010010010010
1111111111110111010101000000
1111111111110111010111011111
1111111111110111011001111111
1111111111110111011100110111
1111111111110111011111100100
1111111111110111100010001000
1111111111110111100100100100
1111111111110111100111000100
1111111111110111101001011110
1111111111110111101100001100
1111111111110111101110011000
1111111111110111110001000110
1111111111110111110011000101
1111111111110111110101111010
1111111111110111111000010101
1111111111110111111010101000
1111111111110111111100101111
1111111111110111111111000001
1111111111111000000001101101
1111111111111000000011110101
1111111111111000000101110101
1111111111111000001000001100
1111111111111000001010111110
1111111111111000001100110001
1111111111111000001110111010
1111111111111000010001001001
1111111111111000010011011111
1111111111111000010101100101
1111111111111000010111111111
1111111111111000011001111000
1111111111111000011100000011
1111111111111000011110000100
1111111111111000100011011010
1111111111111000100001100101
1111111111111000100100000001
1111111111111000100101111000
1111111111111000100111110110
1111111111111000101010010000
1111111111111000101100001111
1111111111111000101110010000
1111111111111000101111101111
1111111111111000110001110111
1111111111111000110011111111
1111111111111000110101110101
1111111111111000110111101101
1111111111111000111001100011
1111111111111000111011100011
1111111111111000111101010111
1111111111111000111111001001
1111111111111001000001001011
1111111111111001000010110111
1111111111111001000100101001
1111111111111001000110011100
1111111111111001001000001011
1111111111111001001001110101
1111111111111001001011110101
1111111111111001001101011000
1111111111111001001111010101
1111111111111001010000110001
1111111111111001010010111000
1111111111111001010100001100
1111111111111001010101110011
1111111111111001010111110000
1111111111111001011001100011
1111111111111001011011000001
1111111111111001011100111101
1111111111111001011110001101
1111111111111001100000000000
1111111111111001100001110000
1111111111111001100011001111
1111111111111001100100110100
1111111111111001100110001110
1111111111111001101000001010
1111111111111001101001110001
1111111111111001101010110101
1111111111111001101100110011
1111111111111001101110100001
1111111111111001101111101100
1111111111111001110001011000
1111111111111001110010111001
1111111111111001110100010100
1111111111111001110101101110
1111111111111001110111011011
1111111111111001111000110111
1111111111111001111010001001
1111111111111001111011101000
1111111111111001111101000111
1111111111111001111110011110
1111111111111001111111111001
1111111111111010000001011111
1111111111111010000011000010
1111111111111010000100010010
1111111111111010000101110010
1111111111111010000111001011
1111111111111010001000010011
1111111111111010001001111011
1111111111111010001011011001
1111111111111010001100100010
1111111111111010001101110111
1111111111111010001111011100
1111111111111010010000100011
1111111111111010010010001000
1111111111111010010011011010
1111111111111010010100011110
1111111111111010010110000011
1111111111111010010111010000
1111111111111010011000110000
1111111111111010011010000001
1111111111111010011011010111
1111111111111010011100010000
1111111111111010011101011110
1111111111111010011110101011
1111111111111010100000011001
1111111111111010100001010101
1111111111111010100010110001
1111111111111010100100000000
1111111111111010100101001101
1111111111111010100110010111
1111111111111010100111101000
1111111111111010101000101100
1111111111111010101001111100
1111111111111010101011011101
1111111111111010101100001111
1111111111111010101101101110
1111111111111010101110111000
1111111111111010101111110111
1111111111111010110001011010
1111111111111010110010001100
1111111111111010110011010110
1111111111111010110100101100
1111111111111010110101111111
1111111111111010110111001001
1111111111111010110111111000
1111111111111010111001001110
1111111111111010111010011100
1111111111111010111011100010
1111111111111010111100101011
1111111111111010111101100100
1111111111111010111110110011
1111111111111010111111110111
1111111111111011000001001001
1111111111111011000010001000
1111111111111011000011010000
1111111111111011000100001111
1111111111111011000101100100
1111111111111011000110101101
1111111111111011000111100000
1111111111111011001000011110
1111111111111011001001100100
1111111111111011001010011100
1111111111111011001011110010
1111111111111011001100110100
1111111111111011001110000000
1111111111111011001110110111
1111111111111011001111101101
1111111111111011010000111111
1111111111111011010001111011
1111111111111011010010110100
1111111111111011010011111010
1111111111111011010100111010
1111111111111011010110000000
1111111111111011010110110111
1111111111111011011000001010
1111111111111011011000111011
1111111111111011011001101101
1111111111111011011010111001
1111111111111011011011110101
1111111111111011011100111000
1111111111111011011101110100
1111111111111011011110101000
1111111111111011011111110111
1111111111111011100000110010
1111111111111011100001100010
1111111111111011100010110010
1111111111111011100011011110
1111111111111011100100000111
1111111111111011100101100001
1111111111111011100110011101
1111111111111011100111001100
1111111111111011101000000100
1111111111111011101001000101
1111111111111011101001111110
1111111111111011101010111011
1111111111111011101100000100
1111111111111011101100110111
1111111111111011101101110011
1111111111111011101110110000
1111111111111011101111011101
1111111111111011110000011100
1111111111111011110001010101
1111111111111011110010001100
1111111111111011110011000111
1111111111111011110100000101
1111111111111011110101000011
1111111111111011110101111011
1111111111111011110110101110
1111111111111011110111010111
1111111111111011111000100110
1111111111111011111001010010
1111111111111011111010001100
1111111111111011111010110011
1111111111111011111011110101
1111111111111011111100101101
1111111111111011111101011111
1111111111111011111110010011
1111111111111011111111000000
1111111111111100000000001011
1111111111111100000000111001
1111111111111100000001011001
1111111111111100000010100100
1111111111111100000011010100
1111111111111100000100000011
1111111111111100000100110101
1111111111111100000101111100
1111111111111100000110100110
1111111111111100000111100000
1111111111111100001000011010
1111111111111100001001000011
1111111111111100001001110011
1111111111111100001010100111
1111111111111100001011100011
1111111111111100001100010100
1111111111111100001100110010
1111111111111100001101110100
1111111111111100001110101001
1111111111111100001111011110
1111111111111100010000000100
1111111111111100010000110010
1111111111111100010001101011
1111111111111100010010001110
1111111111111100010011000000
1111111111111100010100000010
1111111111111100010100110011
1111111111111100010101100001
1111111111111100010110010010
1111111111111100010110110110
1111111111111100010111110000
1111111111111100011000100010
1111111111111100011001100000
1111111111111100011010000111
1111111111111100011010111100
1111111111111100011011011111
1111111111111100011100010001
1111111111111100011100100111
1111111111111100011101101010
1111111111111100011110010101
1111111111111100011111001000
1111111111111100011111111100
1111111111111100100000011001
1111111111111100100001100100
1111111111111100100001111010
1111111111111100100010101100
1111111111111100100011100001
1111111111111100100100001010
1111111111111100100100111101
1111111111111100100101110011
1111111111111100100110011010
1111111111111100100111001001
1111111111111100100111101001
1111111111111100101000011101
1111111111111100101001001100
1111111111111100101001101111
1111111111111100101010101110
1111111111111100101011011010
1111111111111100101011110110
1111111111111100101100101001
1111111111111100101101001011
1111111111111100101101111110
1111111111111100101110011010
1111111111111100101111001011
1111111111111100110000000111
1111111111111100110000110000
1111111111111100110001011110
1111111111111100110010011000
1111111111111100110010110000
1111111111111100110011011011
1111111111111100110011111100
1111111111111100110011111111
1111111111111100110101100110
1111111111111100110101101111
1111111111111100110110101110
1111111111111100110111100000
1111111111111100111000000100
1111111111111100111000100110
1111111111111100111001010001
1111111111111100111001111011
1111111111111100111010101000
1111111111111100111011010100
1111111111111100111100001101
1111111111111100111100101101
1111111111111100111101010010
1111111111111100111101101110
1111111111111100111110101000
1111111111111100111111001001
1111111111111100111111100010
1111111111111101000000011111
1111111111111101000000110110
1111111111111101000001110010
1111111111111101000010100100
1111111111111101000010110001
1111111111111101000011011111
1111111111111101000100001000
1111111111111101000100100101
1111111111111101000101100001
1111111111111101000110001000
1111111111111101000110100100
1111111111111101000111010110
1111111111111101000111111101
1111111111111101001000011111
1111111111111101001001000010
1111111111111101001001101001
1111111111111101001010010000
1111111111111101001011000111
1111111111111101001011011101
1111111111111101001100001010
1111111111111101001100011001
1111111111111101001101001010
1111111111111101001110000010
1111111111111101001110011011
1111111111111101001111011001
1111111111111101001111110001
1111111111111101010000011100
1111111111111101010000111011
1111111111111101010001011010
1111111111111101010010010011
1111111111111101010010100010
1111111111111101010011010111
1111111111111101010011111001
1111111111111101010100010110
1111111111111101010100111010
1111111111111101010101101100
1111111111111101010110000011
1111111111111101010110011110
1111111111111101010111011011
1111111111111101010111111001
1111111111111101011000011101
1111111111111101011001001011
1111111111111101011001101000
1111111111111101011010000110
1111111111111101011010110111
1111111111111101011011010010
1111111111111101011011111100
1111111111111101011100001011
1111111111111101011100110111
1111111111111101011101101010
1111111111111101011110001001
1111111111111101011110101101
1111111111111101011111000010
1111111111111101100000000101
1111111111111101100000001101
1111111111111101100000110111
1111111111111101100001010101
1111111111111101100010001100
1111111111111101100010100100
1111111111111101100011001010
1111111111111101100011010001
1111111111111101100100010000
1111111111111101100100110101
1111111111111101100101010100
1111111111111101100101110101
1111111111111101100110010111
1111111111111101100110101001
1111111111111101100111100011
1111111111111101100111111000
1111111111111101101000011101
1111111111111101101001000110
1111111111111101101001100101
1111111111111101101010001010
1111111111111101101010110000
1111111111111101101011100000
1111111111111101101011101011
1111111111111101101100000110
1111111111111101101100101111
1111111111111101101101010100
1111111111111101101101111111
1111111111111101101110011111
1111111111111101101111000100
1111111111111101101111010111
1111111111111101110000001011
1111111111111101110000011110
1111111111111101110001001110
1111111111111101110001010010
1111111111111101110010000111
1111111111111101110010001101
1111111111111101110011001001
1111111111111101110011100100
1111111111111101110100000000
1111111111111101110100101010
1111111111111101110101010000
1111111111111101110101100010
1111111111111101110110001101
1111111111111101110110100100
1111111111111101110111000101
1111111111111101110111101100
1111111111111101110111111010
1111111111111101111000100101
1111111111111101111001011101
1111111111111101111001101001
1111111111111101111010001111
1111111111111101111010100011
1111111111111101111011001100
1111111111111101111011110010
1111111111111101111100000101
1111111111111101111100111110
1111111111111101111101001110
1111111111111101111101111000
1111111111111101111110000010
1111111111111101111110101010
1111111111111101111111001100
1111111111111101111111100000
1111111111111110000000010101
1111111111111110000000100000
1111111111111110000001001110
1111111111111110000001011111
1111111111111110000010000011
1111111111111110000010110010
1111111111111110000010111111
1111111111111110000011101101
1111111111111110000100000011
1111111111111110000100001111
1111111111111110000101000011
1111111111111110000101010001
1111111111111110000110000001
1111111111111110000110100000
1111111111111110000110101111
1111111111111110000111100001
1111111111111110000111111001
1111111111111110001000001010
1111111111111110001000111100
1111111111111110001001010010
1111111111111110001001111101
1111111111111110001010011001
1111111111111110001011000000
1111111111111110001011010000
1111111111111110001011010111
1111111111111110001100001011
1111111111111110001100011100
1111111111111110001101010110
1111111111111110001101100110
1111111111111110001101111010
1111111111111110001110011010
1111111111111110001110111111
1111111111111110001111001001
1111111111111110010000000001
1111111111111110010000100101
1111111111111110010000101011
1111111111111110010001011011
1111111111111110010001110101
1111111111111110010010011000
1111111111111110010010110010
1111111111111110010010111111
1111111111111110010011011110
1111111111111110010100000010
1111111111111110010100011101
1111111111111110010100110000
1111111111111110010101010110
1111111111111110010101111110
1111111111111110010110010101
1111111111111110010110100110
1111111111111110010111010011
1111111111111110010111101111
1111111111111110011000001010
1111111111111110011000011000
1111111111111110011001001101
1111111111111110011001011111
1111111111111110011010001000
1111111111111110011010101111
1111111111111110011010111001
1111111111111110011011101001
1111111111111110011011101111
1111111111111110011100010000
1111111111111110011100011000
1111111111111110011101000101
1111111111111110011101011110
1111111111111110011110000110
1111111111111110011110100000
1111111111111110011110110001
1111111111111110011111001110
1111111111111110100000000001
1111111111111110100000001110
1111111111111110100000110010
1111111111111110100001001001
1111111111111110100001010100
1111111111111110100011001111
1111111111111110100010101001
1111111111111110100011000001
1111111111111110100011010000
1111111111111110100011101110
1111111111111110100011110110
1111111111111110100100100101
1111111111111110100100110111
1111111111111110100101100011
1111111111111110100110000110
1111111111111110100110100001
1111111111111110100110111111
1111111111111110100111000110
1111111111111110100111101110
1111111111111110100111111011
1111111111111110101000110011
1111111111111110101000111100
1111111111111110101001100000
1111111111111110101001111100
1111111111111110101010000001
1111111111111110101011001000
1111111111111110101011011111
1111111111111110101011110101
1111111111111110101100000011
1111111111111110101100010100
1111111111111110101100101110
1111111111111110101101000111
1111111111111110101101110111
1111111111111110101110001101
1111111111111110101110100110
1111111111111110101111000111
1111111111111110101111011001
1111111111111110101111110100
1111111111111110110000100011
1111111111111110110000111101
1111111111111110110001000100
1111111111111110110001110110
1111111111111110110001110010
1111111111111110110010100001
1111111111111110110010011100
1111111111111110110011000111
1111111111111110110100000000
1111111111111110110100000100
1111111111111110110100000111
1111111111111110110100111001
1111111111111110110101010100
1111111111111110110101101010
1111111111111110110110001011
1111111111111110110110010010
1111111111111110110110111011
1111111111111110110111010011
1111111111111110110111111010
1111111111111110111000000110
1111111111111110111000110000
1111111111111110111001001010
1111111111111110111001110110
1111111111111110111001111000
1111111111111110111010001100
1111111111111110111010011111
1111111111111110111011010110
1111111111111110111011011111
1111111111111110111100001101
1111111111111110111100100101
1111111111111110111100111011
1111111111111110111101001100
1111111111111110111101110010
1111111111111110111101111100
1111111111111110111110010101
1111111111111110111110111100
1111111111111110111111010010
1111111111111110111111100011
1111111111111111000000000010
1111111111111111000000010011
1111111111111111000000110001
1111111111111111000001010111
1111111111111111000001110010
1111111111111111000010000001
1111111111111111000010101010
1111111111111111000010110001
1111111111111111000011010000
1111111111111111000011111000
1111111111111111000100000101
1111111111111111000100100001
1111111111111111000100111111
1111111111111111000101010100
1111111111111111000101110111
1111111111111111000110010011
1111111111111111000110010111
1111111111111111000111000011
1111111111111111000111011000
1111111111111111000111111011
1111111111111111001000000111
1111111111111111001000101010
1111111111111111001000111100
1111111111111111001001010111
1111111111111111001001110100
1111111111111111001010010100
1111111111111111001010011101
1111111111111111001011000101
1111111111111111001011011011
1111111111111111001011011010
1111111111111111001100100101
1111111111111111001100100101
1111111111111111001101010000
1111111111111111001101001100
1111111111111111001101101100
1111111111111111001110010011
1111111111111111001110101011
1111111111111111001111000100
1111111111111111001111010101
1111111111111111001111101100
1111111111111111010000001111
1111111111111111010000100100
1111111111111111010001000101
1111111111111111010001100011
1111111111111111010001100001
1111111111111111010010010101
1111111111111111010010010000
1111111111111111010010111011
1111111111111111010011010010
1111111111111111010011110010
1111111111111111010011101110
1111111111111111010100001111
1111111111111111010100110110
1111111111111111010101001100
1111111111111111010101011111
1111111111111111010110001111
1111111111111111010110101001
1111111111111111010111001001
1111111111111111010111000101
1111111111111111010111110001
1111111111111111010111110110
1111111111111111011000011001
1111111111111111011000101011
1111111111111111011001100001
1111111111111111011001100000
1111111111111111011001110001
1111111111111111011010010100
1111111111111111011010100110
1111111111111111011011001100
1111111111111111011011100011
1111111111111111011011110101
1111111111111111011100011000
1111111111111111011100110001
1111111111111111011100111111
1111111111111111011101011000
1111111111111111011101111011
1111111111111111011110100001
1111111111111111011110011011
1111111111111111011111010011
1111111111111111011111011101
1111111111111111011111101101
1111111111111111011111111111
1111111111111111100000101100
1111111111111111100000100101
1111111111111111100001011001
1111111111111111100001101010
1111111111111111100010001100
1111111111111111100010001111
1111111111111111100011000001
1111111111111111100011001100
1111111111111111100011101110
1111111111111111100100000111
1111111111111111100100011100
1111111111111111100100111110
1111111111111111100101010010
1111111111111111100101100110
1111111111111111100110000100
1111111111111111100110110100
1111111111111111100110110101
1111111111111111100111001111
1111111111111111100111100011
1111111111111111101000001001
1111111111111111101000101000
1111111111111111101000101111
1111111111111111101001010001
1111111111111111101001100110
1111111111111111101001110101
1111111111111111101010011000
1111111111111111101010100001
1111111111111111101011000111
1111111111111111101011011001
1111111111111111101011110111
1111111111111111101100010000
1111111111111111101100011101
1111111111111111101100101110
1111111111111111101101100010
1111111111111111101101101000
1111111111111111101101111101
1111111111111111101110100011
1111111111111111101110111001
1111111111111111101111010010
1111111111111111101111100101
1111111111111111101111111001
1111111111111111110000100100
1111111111111111110000101111
1111111111111111110001001011
1111111111111111110001100101
1111111111111111110001110100
1111111111111111110010010110
1111111111111111110010011111
1111111111111111110010111011
1111111111111111110011010100
1111111111111111110011110000
1111111111111111110100010010
1111111111111111110100011010
1111111111111111110101010001
1111111111111111110101010000
1111111111111111110101101100
1111111111111111110110000111
1111111111111111110110011110
1111111111111111110110110010
1111111111111111110111000011
1111111111111111110111100111
1111111111111111110111110111
1111111111111111111000011001
1111111111111111111000101111
1111111111111111111001010001
1111111111111111111001100110
1111111111111111111010000011
1111111111111111111010100000
1111111111111111111010110111
1111111111111111111011011101
1111111111111111111011011110
1111111111111111111100000010
1111111111111111111100111101
1111111111111111111100011000
1111111111111111111100111101
1111111111111111111101100000
1111111111111111111101101100
1111111111111111111110000000
1111111111111111111110010101
1111111111111111111110111100
1111111111111111111111011111
1111111111111111111111101110
0000000000000000000000000000
0000000000000000000000010010
0000000000000000000000100001
0000000000000000000001000100
0000000000000000000001101011
0000000000000000000010000000
0000000000000000000010010100
0000000000000000000010100000
0000000000000000000011000011
0000000000000000000011101000
0000000000000000000011000011
0000000000000000000011111110
0000000000000000000100100010
0000000000000000000100100011
0000000000000000000101001001
0000000000000000000101100000
0000000000000000000101111101
0000000000000000000110011010
0000000000000000000110101111
0000000000000000000111010001
0000000000000000000111100111
0000000000000000001000001001
0000000000000000001000011001
0000000000000000001000111101
0000000000000000001001001110
0000000000000000001001100010
0000000000000000001001111001
0000000000000000001010010100
0000000000000000001010110000
0000000000000000001010101111
0000000000000000001011100110
0000000000000000001011101110
0000000000000000001100010000
0000000000000000001100101100
0000000000000000001101000101
0000000000000000001101100001
0000000000000000001101101010
0000000000000000001110001100
0000000000000000001110011011
0000000000000000001110110101
0000000000000000001111010001
0000000000000000001111011100
0000000000000000010000000111
0000000000000000010000011011
0000000000000000010000101110
0000000000000000010001000111
0000000000000000010001011101
0000000000000000010010000011
0000000000000000010010011000
0000000000000000010010011110
0000000000000000010011010010
0000000000000000010011100011
0000000000000000010011110000
0000000000000000010100001001
0000000000000000010100100111
0000000000000000010100111001
0000000000000000010101011111
0000000000000000010101101000
0000000000000000010110001011
0000000000000000010110011010
0000000000000000010110101111
0000000000000000010111010001
0000000000000000010111011000
0000000000000000010111110111
0000000000000000011000011101
0000000000000000011000110001
0000000000000000011001001011
0000000000000000011001001100
0000000000000000011001111100
0000000000000000011010011010
0000000000000000011010101110
0000000000000000011011000010
0000000000000000011011100100
0000000000000000011011111001
0000000000000000011100010010
0000000000000000011100110100
0000000000000000011100111111
0000000000000000011101110001
0000000000000000011101110100
0000000000000000011110010110
0000000000000000011110100111
0000000000000000011111011011
0000000000000000011111010100
0000000000000000100000000001
0000000000000000100000010011
0000000000000000100000100011
0000000000000000100000101101
0000000000000000100001100101
0000000000000000100001011111
0000000000000000100010000101
0000000000000000100010101000
0000000000000000100011000001
0000000000000000100011001111
0000000000000000100011101000
0000000000000000100100001011
0000000000000000100100011101
0000000000000000100100110100
0000000000000000100101011010
0000000000000000100101101100
0000000000000000100110001111
0000000000000000100110100000
0000000000000000100110011111
0000000000000000100111010101
0000000000000000100111100111
0000000000000000101000001010
0000000000000000101000001111
0000000000000000101000111011
0000000000000000101000110111
0000000000000000101001010111
0000000000000000101001110001
0000000000000000101010100001
0000000000000000101010110100
0000000000000000101011001010
0000000000000000101011110001
0000000000000000101100010010
0000000000000000101100001110
0000000000000000101100101110
0000000000000000101101000101
0000000000000000101101110000
0000000000000000101101101011
0000000000000000101110011111
0000000000000000101110011101
0000000000000000101110111011
0000000000000000101111011100
0000000000000000101111110001
0000000000000000110000010100
0000000000000000110000101011
0000000000000000110000111100
0000000000000000110001010101
0000000000000000110001101101
0000000000000000110010010100
0000000000000000110010110100
0000000000000000110010110000
0000000000000000110011011011
0000000000000000110011011011
0000000000000000110100100110
0000000000000000110100100101
0000000000000000110100111011
0000000000000000110101100011
0000000000000000110101101100
0000000000000000110110001100
0000000000000000110110101001
0000000000000000110111000100
0000000000000000110111010110
0000000000000000110111111001
0000000000000000111000000101
0000000000000000111000101000
0000000000000000111000111101
0000000000000000111001101001
0000000000000000111001101101
0000000000000000111010001001
0000000000000000111010101100
0000000000000000111011000001
0000000000000000111011011111
0000000000000000111011111011
0000000000000000111100001000
0000000000000000111100110000
0000000000000000111101001111
0000000000000000111101010110
0000000000000000111101111111
0000000000000000111110001110
0000000000000000111110101001
0000000000000000111111001111
0000000000000000111111101101
0000000000000000111111111110
0000000000000001000000011101
0000000000000001000000101110
0000000000000001000001000100
0000000000000001000001101011
0000000000000001000010000100
0000000000000001000010001110
0000000000000001000010110100
0000000000000001000011000101
0000000000000001000011011011
0000000000000001000011110011
0000000000000001000100100001
0000000000000001000100101010
0000000000000001000101100001
0000000000000001000101110100
0000000000000001000110001000
0000000000000001000110001010
0000000000000001000110110110
0000000000000001000111010000
0000000000000001000111111010
0000000000000001001000000110
0000000000000001001000101101
0000000000000001001001000101
0000000000000001001001101110
0000000000000001001001110101
0000000000000001001010010110
0000000000000001001010101100
0000000000000001001011000111
0000000000000001001011111001
0000000000000001001011111100
0000000000000001001100000000
0000000000000001001100111001
0000000000000001001101100100
0000000000000001001101011111
0000000000000001001110001110
0000000000000001001110001010
0000000000000001001110111100
0000000000000001001111000011
0000000000000001001111011101
0000000000000001010000001100
0000000000000001010000100111
0000000000000001010000111001
0000000000000001010001011010
0000000000000001010001110011
0000000000000001010010001001
0000000000000001010010111001
0000000000000001010011010010
0000000000000001010011101100
0000000000000001010011111101
0000000000000001010100001011
0000000000000001010100100001
0000000000000001010100111000
0000000000000001010101111111
0000000000000001010110000100
0000000000000001010110100000
0000000000000001010111000100
0000000000000001010111001101
0000000000000001011000000101
0000000000000001011000010010
0000000000000001011000111010
0000000000000001011001000001
0000000000000001011001011111
0000000000000001011001111010
0000000000000001011010011101
0000000000000001011011001001
0000000000000001011011011011
0000000000000001011100001010
0000000000000001011100010010
0000000000000001011100110000
0000000000000001011100111111
0000000000000001011101010111
0000000000000001011100110001
0000000000000001011110101100
0000000000000001011110110111
0000000000000001011111001110
0000000000000001011111110010
0000000000000001011111111111
0000000000000001100000110010
0000000000000001100001001111
0000000000000001100001100000
0000000000000001100001111010
0000000000000001100010100010
0000000000000001100010111011
0000000000000001100011101000
0000000000000001100011110000
0000000000000001100100010001
0000000000000001100100010111
0000000000000001100101000111
0000000000000001100101010001
0000000000000001100101111000
0000000000000001100110100001
0000000000000001100110110011
0000000000000001100111101000
0000000000000001100111110110
0000000000000001101000010001
0000000000000001101000101101
0000000000000001101001011010
0000000000000001101001101011
0000000000000001101010000010
0000000000000001101010101010
0000000000000001101011010000
0000000000000001101011100011
0000000000000001101011111110
0000000000000001101100100010
0000000000000001101101000001
0000000000000001101101001110
0000000000000001101101101000
0000000000000001101110001011
0000000000000001101110100101
0000000000000001101111010101
0000000000000001101111011011
0000000000000001101111111111
0000000000000001110000110111
0000000000000001110001000001
0000000000000001110001100110
0000000000000001110010000110
0000000000000001110010011010
0000000000000001110010101010
0000000000000001110011100100
0000000000000001110011110101
0000000000000001110100101001
0000000000000001110100110000
0000000000000001110101000000
0000000000000001110101100111
0000000000000001110110000011
0000000000000001110110101110
0000000000000001110111000100
0000000000000001110111110110
0000000000000001111000000111
0000000000000001111000011111
0000000000000001111001010001
0000000000000001111001100000
0000000000000001111001111111
0000000000000001111010101111
0000000000000001111010111101
0000000000000001111011110001
0000000000000001111011111101
0000000000000001111100010011
0000000000000001111101000001
0000000000000001111101001110
0000000000000001111101111101
0000000000000001111110100001
0000000000000001111110110010
0000000000000001111111100000
0000000000000001111111101011
0000000000000010000000100000
0000000000000010000000110100
0000000000000010000001010110
0000000000000010000001111110
0000000000000010000010001000
0000000000000010000010110010
0000000000000010000011000010
0000000000000010000011111011
0000000000000010000100001110
0000000000000010000100110100
0000000000000010000101011101
0000000000000010000101110001
0000000000000010000110010111
0000000000000010000110100011
0000000000000010000111011011
0000000000000010001000000110
0000000000000010001000010100
0000000000000010001000111011
0000000000000010001001011100
0000000000000010001001110011
0000000000000010001010011110
0000000000000010001010110000
0000000000000010001011010110
0000000000000010001100000000
0000000000000010001100011100
0000000000000010001100110111
0000000000000010001101110011
0000000000000010001101111001
0000000000000010001110101110
0000000000000010001110110010
0000000000000010001111100010
0000000000000010001111110101
0000000000000010010000101001
0000000000000010010000111100
0000000000000010010001100001
0000000000000010010010000001
0000000000000010010010101100
0000000000000010010011010001
0000000000000010010011111010
0000000000000010010100010101
0000000000000010010100100000
0000000000000010010101010000
0000000000000010010101110110
0000000000000010010110011011
0000000000000010010110111010
0000000000000010010111100011
0000000000000010011000001000
0000000000000010011000011101
0000000000000010011001010111
0000000000000010011001101001
0000000000000010011010001011
0000000000000010011010101100
0000000000000010011011001011
0000000000000010011011110000
0000000000000010011100101111
0000000000000010011100110110
0000000000000010011101011100
0000000000000010011101110100
0000000000000010011110101011
0000000000000010011111001001
0000000000000010011111110011
0000000000000010011111111011
0000000000000010100000111110
0000000000000010100001010011
0000000000000010100001110111
0000000000000010100010010110
0000000000000010100011001001
0000000000000010100011110101
0000000000000010100100000100
0000000000000010100100101110
0000000000000010100101001001
0000000000000010100101111010
0000000000000010100110011000
0000000000000010100110110101
0000000000000010100111100011
0000000000000010101000000111
0000000000000010101000100101
0000000000000010101001100010
0000000000000010101001111101
0000000000000010101010010100
0000000000000010101011000110
0000000000000010101011101010
0000000000000010101100000111
0000000000000010101100101001
0000000000000010101101011110
0000000000000010101101101101
0000000000000010101110100110
0000000000000010101111000101
0000000000000010101111100100
0000000000000010110000001111
0000000000000010110000100111
0000000000000010110001100101
0000000000000010110001111110
0000000000000010110010110110
0000000000000010110011100111
0000000000000010110011110110
0000000000000010110100100011
0000000000000010110100111001
0000000000000010110101110000
0000000000000010110110010111
0000000000000010110110111110
0000000000000010110111100001
0000000000000010111000000011
0000000000000010111000101010
0000000000000010111001011100
0000000000000010111001111000
0000000000000010111010011111
0000000000000010111011011011
0000000000000010111011111000
0000000000000010111100100001
0000000000000010111101001111
0000000000000010111101011100
0000000000000010111110001110
0000000000000010111111001010
0000000000000010111111100001
0000000000000011000000011110
0000000000000011000000110111
0000000000000011000001011000
0000000000000011000010010010
0000000000000011000010101110
0000000000000011000011010011
0000000000000011000011110011
0000000000000011000100101100
0000000000000011000101011000
0000000000000011000110000101
0000000000000011000110101111
0000000000000011000111011010
0000000000000011000111111100
0000000000000011001000100000
0000000000000011001001010010
0000000000000011001010010001
0000000000000011001010011010
0000000000000011001100000001
0000000000000011001100000100
0000000000000011001100100101
0000000000000011001101010000
0000000000000011001101101000
0000000000000011001110100010
0000000000000011001111010000
0000000000000011001111111001
0000000000000011010000110101
0000000000000011010001100110
0000000000000011010010000010
0000000000000011010010110101
0000000000000011010011010111
0000000000000011010100001010
0000000000000011010100100110
0000000000000011010101010010
0000000000000011010110010001
0000000000000011010110110100
0000000000000011010111100011
0000000000000011011000010111
0000000000000011011000110111
0000000000000011011001100110
0000000000000011011010001101
0000000000000011011011000011
0000000000000011011011110110
0000000000000011011100011111
0000000000000011011101010100
0000000000000011011110000110
0000000000000011011110011100
0000000000000011011111100111
0000000000000011100000000100
0000000000000011100000111000
0000000000000011100001101011
0000000000000011100010010110
0000000000000011100011011001
0000000000000011100011101111
0000000000000011100100100001
0000000000000011100101000100
0000000000000011100101111001
0000000000000011100110100000
0000000000000011100111011110
0000000000000011101000010000
0000000000000011101001001010
0000000000000011101001101110
0000000000000011101010011111
0000000000000011101011001101
0000000000000011101011111110
0000000000000011101101000000
0000000000000011101101110010
0000000000000011101110010101
0000000000000011101111001110
0000000000000011101111111100
0000000000000011110000100010
0000000000000011110001010111
0000000000000011110010001100
0000000000000011110011001110
0000000000000011110011101100
0000000000000011110100011101
0000000000000011110101011001
0000000000000011110110001101
0000000000000011110110111101
0000000000000011110111100110
0000000000000011111000100000
0000000000000011111001011010
0000000000000011111010000100
0000000000000011111011001011
0000000000000011111011111101
0000000000000011111100101100
0000000000000011111101011100
0000000000000011111110100111
0000000000000011111111000111
0000000000000011111111110101
0000000000000100000001000000
0000000000000100000001101101
0000000000000100000010100001
0000000000000100000011010011
0000000000000100000100001011
0000000000000100000101001101
0000000000000100000101110100
0000000000000100000110101110
0000000000000100000111011010
0000000000000100001000101001
0000000000000100001001010010
0000000000000100001010000101
0000000000000100001010111101
0000000000000100001011111011
0000000000000100001100111001
0000000000000100001101110100
0000000000000100001110101011
0000000000000100001111100100
0000000000000100010000100011
0000000000000100010001010000
0000000000000100010010001101
0000000000000100010011001001
0000000000000100010011111100
0000000000000100010101000101
0000000000000100010110000010
0000000000000100010110111011
0000000000000100010111111100
0000000000000100011000110100
0000000000000100011001100011
0000000000000100011010011111
0000000000000100011011111001
0000000000000100011100100010
0000000000000100011101001110
0000000000000100011110011110
0000000000000100011111001110
0000000000000100100000001001
0000000000000100100001011000
0000000000000100100010001100
0000000000000100100011001000
0000000000000100100100001011
0000000000000100100101000111
0000000000000100100110010011
0000000000000100100111000101
0000000000000100100111110110
0000000000000100101001001001
0000000000000100101010000000
0000000000000100101011000110
0000000000000100101100000110
0000000000000100101101001100
0000000000000100101110000101
0000000000000100101111000001
0000000000000100110000010011
0000000000000100110001001001
0000000000000100110010000000
0000000000000100110011001100
0000000000000100110100001110
0000000000000100110101100100
0000000000000100110110011100
0000000000000100110111100010
0000000000000100111000100000
0000000000000100111001010011
0000000000000100111010011100
0000000000000100111011110001
0000000000000100111100110000
0000000000000100111101111000
0000000000000100111110110111
0000000000000101000000001001
0000000000000101000001001101
0000000000000101000010011100
0000000000000101000011010101
0000000000000101000100011110
0000000000000101000101100100
0000000000000101000110110010
0000000000000101001000001000
0000000000000101001000110111
0000000000000101001010000001
0000000000000101001011010100
0000000000000101001100101010
0000000000000101001101110100
0000000000000101001110100110
0000000000000101010000001001
0000000000000101010001001000
0000000000000101010010010010
0000000000000101010011110001
0000000000000101010100100011
0000000000000101010110000100
0000000000000101010111010100
0000000000000101011000011000
0000000000000101011001101001
0000000000000101011010110011
0000000000000101011100000000
0000000000000101011101001111
0000000000000101011110101011
0000000000000101011111100111
0000000000000101100001010101
0000000000000101100010100010
0000000000000101100011110000
0000000000000101100100101001
0000000000000101100101111111
0000000000000101100111010000
0000000000000101101000110000
0000000000000101101001111101
0000000000000101101011100010
0000000000000101101100100110
0000000000000101101101111000
0000000000000101101111011101
0000000000000101110000100100
0000000000000101110010001001
0000000000000101110011011110
0000000000000101110100100111
0000000000000101110110000101
0000000000000101110111101101
0000000000000101111000110101
0000000000000101111010001110
0000000000000101111011101110
0000000000000101111100111110
0000000000000101111110100001
0000000000000110000000000111
0000000000000110000001100010
0000000000000110000010111001
0000000000000110000100011000
0000000000000110000101110111
0000000000000110000111001001
0000000000000110001000100101
0000000000000110001010010010
0000000000000110001011101100
0000000000000110001101000111
0000000000000110001110101000
0000000000000110010000010100
0000000000000110010001011111
0000000000000110010011001101
0000000000000110010101001011
0000000000000110010110001111
0000000000000110010111110110
0000000000000110011001110010
0000000000000110011011001100
0000000000000110011100110001
0000000000000110011110010000
0000000000000110100000000000
0000000000000110100001110011
0000000000000110100011000011
0000000000000110100100111111
0000000000000110100110011101
0000000000000110101000010000
0000000000000110101010001101
0000000000000110101011110100
0000000000000110101101001000
0000000000000110101111001111
0000000000000110110000101011
0000000000000110110010101000
0000000000000110110100001011
0000000000000110110110001011
0000000000000110110111110101
0000000000000110111001100100
0000000000000110111011010111
0000000000000110111101001001
0000000000000110111110110101
0000000000000111000000110111
0000000000000111000010101001
0000000000000111000100011101
0000000000000111000110011101
0000000000000111001000010011
0000000000000111001010001011
0000000000000111001100000001
0000000000000111001110001001
0000000000000111010000010001
0000000000000111010001110000
0000000000000111010011110001
0000000000000111010101110000
0000000000000111011000001010
0000000000000111011010001000
0000000000000111011011111111
0000000000000111011110011011
0000000000000111011100100110
0000000000000111100001111100
0000000000000111100011111101
0000000000000111100110001000
0000000000000111101000000001
0000000000000111101010011011
0000000000000111101100100001
0000000000000111101110110111
0000000000000111110001000110
0000000000000111110011001111
0000000000000111110101000010
0000000000000111110111110100
0000000000000111111010001011
0000000000000111111100001011
0000000000000111111110010011
0000000000001000000000111111
0000000000001000000011010001
0000000000001000000101011000
0000000000001000000111101011
0000000000001000001010000110
0000000000001000001100111011
0000000000001000001110111010
0000000000001000010001101000
0000000000001000010011110100
0000000000001000010110100010
0000000000001000011000111100
0000000000001000011011011100
0000000000001000011101111000
0000000000001000100000011100
0000000000001000100011001001
0000000000001000100110000001
0000000000001000101000100001
0000000000001000101011000000
0000000000001000101101101110
0000000000001000110000011110
0000000000001000110011011010
0000000000001000110110000110
0000000000001000111000100110
0000000000001000111011110011
0000000000001000111110010011
0000000000001001000001010111
0000000000001001000100001110
0000000000001001000111011000
0000000000001001001010001110
0000000000001001001101010010
0000000000001001010000001101
0000000000001001010011011001
0000000000001001010110000101
0000000000001001011001011011
0000000000001001011100010000
0000000000001001100000000110
0000000000001001100010101011
0000000000001001100110001100
0000000000001001101001010100
0000000000001001101100101101
0000000000001001101111111000
0000000000001001110011010000
0000000000001001110110100111
0000000000001001111001111100
0000000000001001111101010011
0000000000001010000001000101
0000000000001010000100100110
0000000000001010001000000110
0000000000001010001011110111
0000000000001010001111000001
0000000000001010010011001000
0000000000001010010110101001
0000000000001010011010110100
0000000000001010011110101101
0000000000001010100010011011
0000000000001010100110001011
0000000000001010101010000110
0000000000001010101101111110
0000000000001010110010000111
0000000000001010110110001011
0000000000001010111010101010
0000000000001010111110010100
0000000000001011000010100010
0000000000001011000110110111
0000000000001011001011011000
0000000000001011001111100011
0000000000001011010100010111
0000000000001011011000110001
0000000000001011011101010011
0000000000001011100001111011
0000000000001011100110101001
0000000000001011101011010110
0000000000001011110000001111
0000000000001011110100111101
0000000000001011111010001101
0000000000001011111110110100
0000000000001100000011111010
0000000000001100001001000111
0000000000001100001110000110
0000000000001100010011010110
0000000000001100011001000100
0000000000001100011110001110
0000000000001100100011110010
0000000000001100101001010110
0000000000001100101110111010
0000000000001100110100110011
0000000000001100111010100001
0000000000001101000000011010
0000000000001101000110000101
0000000000001101001100010101
0000000000001101010010011110
0000000000001101011000110001
0000000000001101011111011111
0000000000001101100101101001
0000000000001101101100011101
0000000000001101110010111111
0000000000001101111001110011
0000000000001110000000110100
0000000000001110000111011111
0000000000001110001110100011
0000000000001110010110000011
0000000000001110011101001011
0000000000001110100100101101
0000000000001110101100001101
0000000000001110110011110111
0000000000001110111011101010
0000000000001111000011100111
0000000000001111001011100101
0000000000001111010100001000
0000000000001111011100011110
0000000000001111100101010100
0000000000001111101101110011
0000000000001111110110110001
0000000000001111111111111110
0000000000010000001001100011
0000000000010000010010100110
0000000000010000011100011100
0000000000010000100110000011
0000000000010000110000000011
0000000000010000111010100010
0000000000010001000100111010
0000000000010001001111011000
0000000000010001011010110010
0000000000010001100101011010
0000000000010001110000111001
0000000000010001111100001111
0000000000010010001000000101
0000000000010010010100101000
0000000000010010100001000010
0000000000010010101101010011
0000000000010010111010011111
0000000000010011000111110001
0000000000010011010101011011
0000000000010011100011000010
0000000000010011110001110001
0000000000010100000000001101
0000000000010100001111010111
0000000000010100011110111010
0000000000010100101110010111
0000000000010100111110111110
0000000000010101001111100100
0000000000010101100000101011
0000000000010101110010010101
0000000000010110000100101110
0000000000010110010111001010
0000000000010110101010001111
0000000000010110111101111101
0000000000010111010010000101
0000000000010111100111001111
0000000000010111111100101010
0000000000011000010011001001
0000000000011000101010010001
0000000000011001000010011101
0000000000011001011010110110
0000000000011001110100010000
0000000000011010001110011111
0000000000011010101001110101
0000000000011011000110000000
0000000000011011100011010110
0000000000011100000001110001
0000000000011100100000111110
0000000000011101000010000001
0000000000011101100011111111
0000000000011110000111110011
0000000000011110101100101001
0000000000011111010011010110
0000000000011111111011101110
0000000000100000100101110110
0000000000100001010001111011
0000000000100001111111110100
0000000000100010110000011111
0000000000100011100011100101
0000000000100100011000010110
0000000000100101010000101000
0000000000100110001100010000
0000000000100111001010100111
0000000000101000001100100011
0000000000101001010010101100
0000000000101010011101010001
0000000000101011101100001000
0000000000101101000000010010
0000000000101110011010000000
0000000000101111111001110000
0000000000110001100000100110
0000000000110011001111001011
0000000000110101000110101001
0000000000110111000111101000
0000000000111001010011011101
0000000000111011101100001101
0000000000111110010010101111
0000000001000001001001100000
0000000001000100010011110001
0000000001000111110011000010
0000000001001011101100010100
0000000001010000000100010101
0000000001010101000000001110
0000000001011010101000010101
0000000001100001000110011000
0000000001101000100111101011
0000000001110001011101001110
0000000001111100000000110011
0000000010001000110101001000
0000000010011000101110101001
0000000010101100111110010000
0000000011000111101000101101
0000000011101100010101100010
0000000100100010000100111101
0000000101111000010100110111
0000001000011001011001000100
0000001110110001010000101111
0000111110111011110000110101
1111100100100000001011000100
1111110100110001100001101010
1111111000111110000110010000
1111111010111001010100011001
1111111100000000000011101100
1111111100101101111101110101
1111111101001110001011000001
1111111101100110000000011110
1111111101111000010111100010
1111111110000110111101000000
1111111110010010110100000100
1111111110011100101001011010
1111111110100100111100010110
1111111110101100000001110011
1111111110110010001001111000
1111111110110111011111111101
1111111110111100001101100010
1111111111000000011001010111
1111111111000100001000011111
1111111111000111011111010001
1111111111001010100010010111
1111111111001101010011010001
1111111111001111110100100101
1111111111010010001000100010
1111111111010100010001000100
1111111111010110001110101101
1111111111011000000011001110
1111111111011001101111100010
1111111111011011010100101101
1111111111011100110011000011
1111111111011110001011011100
1111111111011111011110001010
1111111111100000101100000001
1111111111100001110101100101
1111111111100010111011010000
1111111111100011111100111110
1111111111100100111010111101
1111111111100101110110000011
1111111111100110101110001001
1111111111100111100011110110
1111111111101000010110101111
1111111111101001000111110011
1111111111101001110110011000
1111111111101010100010101010
1111111111101011001101100100
1111111111101011110110010110
1111111111101100011101110010
1111111111101101000011100110
1111111111101101101000000011
1111111111101110001011011001
1111111111101110101100110101
1111111111101111001101101111
1111111111101111101100111110
1111111111110000001011101110
1111111111110000101001000011
1111111111110001000101110011
1111111111110001100001100100
1111111111110001111100101111
1111111111110010010110101000
1111111111110010101111110100
1111111111110011001000111011
1111111111110011100000101110
1111111111110011110111111100
1111111111110100001110111101
1111111111110100100101000000
1111111111110100111010110000
1111111111110101001111111101
1111111111110101100100100110
1111111111110101111000101101
1111111111110110001100100111
1111111111110110011111110111
1111111111110110110010110011
1111111111110111000101010011
1111111111110111010111011000
1111111111110111101000111001
1111111111110111111010100100
1111111111111000001100000100
1111111111111000011100110100
1111111111111000101101001110
1111111111111000111101100011
1111111111111001001101100110
1111111111111001011101001110
1111111111111001101100111000
1111111111111001111100011110
1111111111111010001011011000
1111111111111010011010011010
1111111111111010101001011111
1111111111111010110111101110
1111111111111011000101111110
1111111111111011010100010000
1111111111111011100010100001
1111111111111011110000010111
1111111111111011111101111111
1111111111111100001011110000
1111111111111100011001011000
1111111111111100100111000011
1111111111111100110100010101
1111111111111101000001001111
1111111111111101001110011000
1111111111111101011011100000
1111111111111101101000010110
1111111111111101110101000011
1111111111111110000010000101
1111111111111110001110110001
1111111111111110011011100010
1111111111111110101000010011
1111111111111110110100111101
1111111111111111000001010111
1111111111111111001110001011
1111111111111111011010011110
1111111111111111100110111101
1111111111111111110011101000
