0000000000000000000000000000
0000000000000000000010111000
0000000000000000000101110100
0000000000000000001000101101
0000000000000000001011100100
0000000000000000001110100001
0000000000000000010001011000
0000000000000000010100010011
0000000000000000010111001110
0000000000000000011010001000
0000000000000000011101000001
0000000000000000011111111110
0000000000000000100010110101
0000000000000000100101101100
0000000000000000101000100111
0000000000000000101011100000
0000000000000000101110010101
0000000000000000110001001110
0000000000000000110100001011
0000000000000000110111000110
0000000000000000111010000000
0000000000000000111100110110
0000000000000000111111101110
0000000000000001000010101010
0000000000000001000101100011
0000000000000001001000011010
0000000000000001001011001101
0000000000000001001110001011
0000000000000001010001000100
0000000000000001010011111001
0000000000000001010110110100
0000000000000001011001101100
0000000000000001011100100011
0000000000000001011111011010
0000000000000001100010010010
0000000000000001100101000111
0000000000000001100111111011
0000000000000001101010111000
0000000000000001101101110001
0000000000000001110000100100
0000000000000001110011011001
0000000000000001110110010000
0000000000000001111001000110
0000000000000001111011111011
0000000000000001111110110011
0000000000000010000001101000
0000000000000010000100011111
0000000000000010000111010100
0000000000000010001010001011
0000000000000010001100111110
0000000000000010001111110110
0000000000000010010010101010
0000000000000010010101011100
0000000000000010011000010101
0000000000000010011011000111
0000000000000010011101111000
0000000000000010100000101111
0000000000000010100011100100
0000000000000010100110011001
0000000000000010101001001010
0000000000000010101011111110
0000000000000010101110101110
0000000000000010110001100011
0000000000000010110100010010
0000000000000010110111000110
0000000000000010111001111001
0000000000000010111100101010
0000000000000010111111011100
0000000000000011000010001011
0000000000000011000100111110
0000000000000011000111101100
0000000000000011001010011101
0000000000000011001101001111
0000000000000011001111111111
0000000000000011010010101110
0000000000000011010101011111
0000000000000011011000001111
0000000000000011011010111011
0000000000000011011101101010
0000000000000011100000011010
0000000000000011100011001010
0000000000000011100101110110
0000000000000011101000100010
0000000000000011101011010000
0000000000000011101101111110
0000000000000011110000101100
0000000000000011110011011000
0000000000000011110110000100
0000000000000011111000110000
0000000000000011111011011101
0000000000000011111110001000
0000000000000100000000110010
0000000000000100000011011101
0000000000000100000110001011
0000000000000100001000110010
0000000000000100001011011100
0000000000000100001110000110
0000000000000100010000110000
0000000000000100010011011001
0000000000000100010110000010
0000000000000100011000101010
0000000000000100011011010011
0000000000000100011101111010
0000000000000100100000100010
0000000000000100100011001010
0000000000000100100101110001
0000000000000100101000010111
0000000000000100101010111110
0000000000000100101101100100
0000000000000100110000001010
0000000000000100110010110000
0000000000000100110101010101
0000000000000100110111111010
1111111111101011110010000000
1111111111101011110100100100
1111111111101011110111001000
1111111111101011111001101100
1111111111101011111100001111
1111111111101011111110110010
1111111111101100000001010101
1111111111101100000011110111
1111111111101100000110011001
1111111111101100001000111011
1111111111101100001011011100
1111111111101100001101111101
1111111111101100010000011111
1111111111101100010010111111
1111111111101100010101011111
1111111111101100010111111111
1111111111101100011010011111
1111111111101100011100111110
1111111111101100011111011101
1111111111101100100001111101
1111111111101100100100010111
1111111111101100100110110111
1111111111101100101001010100
1111111111101100101011110001
1111111111101100101110001111
1111111111101100110000101001
1111111111101100110011000111
1111111111101100110101100010
1111111111101100110111111110
1111111111101100111010011011
1111111111101100111100110110
1111111111101100111111010000
1111111111101101000001101100
1111111111101101000100000100
1111111111101101000110011011
1111111111101101001000111000
1111111111101101001011010001
1111111111101101001101100110
1111111111101101001111111110
1111111111101101010010011010
1111111111101101010100110001
1111111111101101010111000100
1111111111101101011001011101
1111111111101101011011110110
1111111111101101011110001101
1111111111101101100000011111
1111111111101101100010110110
1111111111101101100101001100
1111111111101101100111011101
1111111111101101101001110101
1111111111101101101100000110
1111111111101101101110011101
1111111111101101110000110100
1111111111101101110011001000
1111111111101101110101011000
1111111111101101110111101100
1111111111101101111010000000
1111111111101101111100010011
1111111111101101111110100111
1111111111101110000000110010
1111111111101110000011000001
1111111111101110000101010100
1111111111101110000111101000
1111111111101110001001110100
1111111111101110001100001000
1111111111101110001110010000
1111111111101110010000100111
1111111111101110010010111010
1111111111101110010101000011
1111111111101110010111001111
1111111111101110011001011100
1111111111101110011011101111
1111111111101110011101111000
1111111111101110100000000110
1111111111101110100010010001
1111111111101110100100010111
1111111111101110100110101000
1111111111101110101000110010
1111111111101110101011000010
1111111111101110101101001101
1111111111101110101111010100
1111111111101110110001011101
1111111111101110110011110000
1111111111101110110101111100
1111111111101110110111111110
1111111111101110111010000011
1111111111101110111100010010
1111111111101110111110010011
1111111111101111000000100010
1111111111101111000010101100
1111111111101111000100101111
1111111111101111000110110111
1111111111101111001000111110
1111111111101111001011001011
1111111111101111001101001100
1111111111101111001111010010
1111111111101111010001011000
1111111111101111010011011110
1111111111101111010101100100
1111111111101111010111100011
1111111111101111011001101111
1111111111101111011011111000
1111111111101111011101110111
1111111111101111011111110100
1111111111101111100001111011
1111111111101111100100000001
1111111111101111100110000111
1111111111101111101000000100
1111111111101111101010001001
1111111111101111101100001010
1111111111101111101110001000
1111111111101111110000010100
1111111111101111110010010100
1111111111101111110100010110
1111111111101111110110010111
1111111111101111111000010101
1111111111101111111010011100
1111111111101111111100010001
1111111111101111111110001101
1111111111110000000000010011
1111111111110000000010010001
1111111111110000000100010110
1111111111110000000110000111
1111111111110000001000010001
1111111111110000001010010001
1111111111110000001100001000
1111111111110000001110001001
1111111111110000001111111100
1111111111110000010010000100
1111111111110000010011110111
1111111111110000010101110011
1111111111110000010111111111
1111111111110000011001110111
1111111111110000011011100011
1111111111110000011101101100
1111111111110000011111100001
1111111111110000100001011011
1111111111110000100011010111
1111111111110000100101011101
1111111111110000100111011000
1111111111110000101001001010
1111111111110000101010110100
1111111111110000101101000000
1111111111110000101110110100
1111111111110000110000100111
1111111111110000110010100000
1111111111110000110100100000
1111111111110000110110001010
1111111111110000111000001100
1111111111110000111001111010
1111111111110000111100000000
1111111111110000111101110000
1111111111110000111111111000
1111111111110001000001100110
1111111111110001000011011001
1111111111110001000101010111
1111111111110001000111001000
1111111111110001001000101101
1111111111110001001010101110
1111111111110001001100011011
1111111111110001001110011010
1111111111110001010000001001
1111111111110001010001110101
1111111111110001010011110111
1111111111110001010101101110
1111111111110001010111010100
1111111111110001011001001011
1111111111110001011011010001
1111111111110001011100111100
1111111111110001011110011010
1111111111110001100000011011
1111111111110001100010010010
1111111111110001100011111000
1111111111110001100110000110
1111111111110001100111100111
1111111111110001101001001110
1111111111110001101011000101
1111111111110001101101000000
1111111111110001101110100111
1111111111110001110000100001
1111111111110001110001111100
1111111111110001110100000010
1111111111110001110101110000
1111111111110001110111010001
1111111111110001111000111101
1111111111110001111010111000
1111111111110001111100011111
1111111111110001111110001111
1111111111110010000000000101
1111111111110010000010000011
1111111111110010000011101011
1111111111110010000101001110
1111111111110010000110110110
1111111111110010001000100000
1111111111110010001010010011
1111111111110010001100010010
1111111111110010001101101100
1111111111110010001111100100
1111111111110010010001010010
1111111111110010010010110010
1111111111110010010100101101
1111111111110010010110011100
1111111111110010011000000001
1111111111110010011001101000
1111111111110010011011000100
1111111111110010011100111001
1111111111110010011111000101
1111111111110010100000011100
1111111111110010100010000001
1111111111110010100011100011
1111111111110010100101010110
1111111111110010100111000100
1111111111110010101000010111
1111111111110010101010011010
1111111111110010101100000111
1111111111110010101101100011
1111111111110010101111010010
1111111111110010110000110010
1111111111110010110010110100
1111111111110010110100000001
1111111111110010110101111001
1111111111110010110111010010
1111111111110010111001001100
1111111111110010111010101010
1111111111110010111100010110
1111111111110010111100110100
1111111111110010111111101000
1111111111110011000001000010
1111111111110011000010110110
1111111111110011000100100011
1111111111110011000101111101
1111111111110011000111100011
1111111111110011001001010001
1111111111110011001010111010
1111111111110011001100001101
1111111111110011001101110011
1111111111110011001111101011
1111111111110011010001001000
1111111111110011010011000000
1111111111110011010100010110
1111111111110011010110001111
1111111111110011010111100100
1111111111110011011000111010
1111111111110011011010101000
1111111111110011011100101110
1111111111110011011101010000
1111111111110011011111001111
1111111111110011100000111110
1111111111110011100010101011
1111111111110011100100000010
1111111111110011100101101001
1111111111110011100111010010
1111111111110011101000111010
1111111111110011101010010111
1111111111110011101011110000
1111111111110011101101100000
1111111111110011101111010011
1111111111110011110000100011
1111111111110011110010000111
1111111111110011110011101100
1111111111110011110100111011
1111111111110011110110101010
1111111111110011111000000110
1111111111110011111001110011
1111111111110011111011011011
1111111111110011111100111101
1111111111110011111110010010
1111111111110011111111100010
1111111111110100000001000001
1111111111110100000010100101
1111111111110100000100011000
1111111111110100000101101101
1111111111110100000111101010
1111111111110100001001001100
1111111111110100001010010000
1111111111110100001011110111
1111111111110100001101000110
1111111111110100001111000010
1111111111110100010000010100
1111111111110100010001010101
1111111111110100010011000111
1111111111110100010100101110
1111111111110100010110010010
1111111111110100010111111111
1111111111110100011001010000
1111111111110100011010100110
1111111111110100011100001000
1111111111110100011101101010
1111111111110100011110111110
1111111111110100100000010110
1111111111110100100010000101
1111111111110100100011010011
1111111111110100100100111011
1111111111110100100110010010
1111111111110100100111111011
1111111111110100101001000010
1111111111110100101010110010
1111111111110100101100110100
1111111111110100101101101010
1111111111110100101111011111
1111111111110100110000011100
1111111111110100110010001000
1111111111110100110011101011
1111111111110100110100110110
1111111111110100110110010000
1111111111110100110111100101
1111111111110100111001001111
1111111111110100111010111001
1111111111110100111100001010
1111111111110100111101100010
1111111111110100111111010000
1111111111110101000000011000
1111111111110101000001101000
1111111111110101000011011111
1111111111110101000100110010
1111111111110101000110001101
1111111111110101000111101110
1111111111110101001001010001
1111111111110101001010001101
1111111111110101001011101010
1111111111110101001100100111
1111111111110101001110100010
1111111111110101010000000001
1111111111110101010001001010
1111111111110101010010110111
1111111111110101010011111101
1111111111110101010101100011
1111111111110101010111010000
1111111111110101011000110011
1111111111110101011010010000
1111111111110101011011100010
1111111111110101011100101010
1111111111110101011101111100
1111111111110101011111011000
1111111111110101100001010111
1111111111110101100010001110
1111111111110101100011010011
1111111111110101100101000011
1111111111110101100110100010
1111111111110101100111100111
1111111111110101101000110101
1111111111110101101010010000
1111111111110101101011101011
1111111111110101101101001000
1111111111110101101110011011
1111111111110101110000000000
1111111111110101110001101001
1111111111110101110010101000
1111111111110101110100000100
1111111111110101110101000100
1111111111110101110110100110
1111111111110101110111111101
1111111111110101111001010101
1111111111110101111010111010
1111111111110101111100001010
1111111111110101111101101011
1111111111110101111111001011
1111111111110110000000000110
1111111111110110000001100110
1111111111110110000011011101
1111111111110110000100001110
1111111111110110000101101111
1111111111110110000110110101
1111111111110110001000011111
1111111111110110001001100010
1111111111110110001010101111
1111111111110110001100110101
1111111111110110001101110000
1111111111110110001110111100
1111111111110110010000101110
1111111111110110010010011001
1111111111110110010010111011
1111111111110110010100010001
1111111111110110010101100010
1111111111110110010111010110
1111111111110110011000101011
1111111111110110011010000101
1111111111110110011011000001
1111111111110110011100100000
1111111111110110011101110110
1111111111110110011111000011
1111111111110110100000101100
1111111111110110100001100110
1111111111110110100010101100
1111111111110110100100011011
1111111111110110100101101000
1111111111110110100111000110
1111111111110110101000101110
1111111111110110101010000101
1111111111110110101010100100
1111111111110110101100001000
1111111111110110101101110010
1111111111110110101111010100
1111111111110110101111111011
1111111111110110110001011010
1111111111110110110010110011
1111111111110110110011110110
1111111111110110110101001111
1111111111110110110110011111
1111111111110110111000001000
1111111111110110111000111010
1111111111110110111010010111
1111111111110110111100010001
1111111111110110111101000010
1111111111110110111110010011
1111111111110110111111111010
1111111111110111000001001110
1111111111110111000001101011
1111111111110111000011011010
1111111111110111000101000010
1111111111110111000110011010
1111111111110111000111010011
1111111111110111001001010011
1111111111110111001001101100
1111111111110111001011011100
1111111111110111001100001001
1111111111110111001110001100
1111111111110111001111100111
1111111111110111010000010000
1111111111110111010001011100
1111111111110111010010011011
1111111111110111010100001100
1111111111110111010100111100
1111111111110111010111000100
1111111111110111011000010011
1111111111110111011001011100
1111111111110111011010110111
1111111111110111011100000100
1111111111110111011100110011
1111111111110111011110110100
1111111111110111011111111000
1111111111110111100001010001
1111111111110111100001101111
1111111111110111100011100010
1111111111110111100101001100
1111111111110111100110100011
1111111111110111100110111001
1111111111110111101000000100
1111111111110111101001001010
1111111111110111101010111001
1111111111110111101100001101
1111111111110111101100110100
1111111111110111101110110000
1111111111110111101111101011
1111111111110111110000110010
1111111111110111110010001101
1111111111110111110011101000
1111111111110111110100101011
1111111111110111110110010010
1111111111110111110110111001
1111111111110111110110011100
1111111111110111111011101001
1111111111110111111011110011
1111111111110111111101001010
1111111111110111111101110011
1111111111110111111111001010
1111111111111000000000010001
1111111111111000000001011101
1111111111111000000010110001
1111111111111000000100000100
1111111111111000000101100000
1111111111111000000101101111
1111111111111000000111110011
1111111111111000001001000110
1111111111111000001010100100
1111111111111000001011110110
1111111111111000001100110000
1111111111111000001101111100
1111111111111000001111000001
1111111111111000001111111110
1111111111111000010000111001
1111111111111000010011000100
1111111111111000010011011101
1111111111111000010101011110
1111111111111000010110100110
1111111111111000010111100110
1111111111111000011000111001
1111111111111000011010010011
1111111111111000011010111100
1111111111111000011100001000
1111111111111000011101011101
1111111111111000011111010101
1111111111111000100000100011
1111111111111000100001010011
1111111111111000100010101100
1111111111111000100011110111
1111111111111000100101010011
1111111111111000100101100101
1111111111111000100111101101
1111111111111000101000101111
1111111111111000101001011100
1111111111111000101011000111
1111111111111000101011110001
1111111111111000101101100110
1111111111111000101110101100
1111111111111000101111010010
1111111111111000110000101100
1111111111111000110010100111
1111111111111000110011010000
1111111111111000110100100111
1111111111111000110101100110
1111111111111000110111001011
1111111111111000110111110010
1111111111111000111001011111
1111111111111000111010011001
1111111111111000111100000000
1111111111111000111101000011
1111111111111000111110010000
1111111111111000111110111010
1111111111111001000000000110
1111111111111001000001111111
1111111111111001000010111000
1111111111111001000100100101
1111111111111001000101010110
1111111111111001000110100010
1111111111111001000111111100
1111111111111001001001010111
1111111111111001001011000000
1111111111111001001010110101
1111111111111001001100100010
1111111111111001001101111000
1111111111111001001110011101
1111111111111001010000000000
1111111111111001010001010111
1111111111111001010010011010
1111111111111001010011011011
1111111111111001010101001101
1111111111111001010110001110
1111111111111001010111001101
1111111111111001011000101100
1111111111111001011001101010
1111111111111001011010100100
1111111111111001011100100011
1111111111111001011100111111
1111111111111001011110011011
1111111111111001011110101110
1111111111111001100000100010
1111111111111001100001110101
1111111111111001100010110100
1111111111111001100100000110
1111111111111001100101000100
1111111111111001100110101100
1111111111111001100111010110
1111111111111001101000011000
1111111111111001101010000000
1111111111111001101011100111
1111111111111001101100001110
1111111111111001101101110001
1111111111111001101101111000
1111111111111001101111101000
1111111111111001110001011001
1111111111111001110001110010
1111111111111001110011011100
1111111111111001110100100010
1111111111111001110101011011
1111111111111001110111000101
1111111111111001111000000100
1111111111111001111001001011
1111111111111001111010001010
1111111111111001111011110110
1111111111111001111100010000
1111111111111001111110000110
1111111111111001111111011011
1111111111111001111111111101
1111111111111010000000011001
1111111111111010000010011111
1111111111111010000100000011
1111111111111010000101001001
1111111111111010000110001101
1111111111111010000111011101
1111111111111010000111101001
1111111111111010001001110111
1111111111111010001010100010
1111111111111010001100000010
1111111111111010001100001111
1111111111111010001110011101
1111111111111010001110011001
1111111111111010010000011000
1111111111111010010001100011
1111111111111010010010100011
1111111111111010010011111111
1111111111111010010101011010
1111111111111010010110001011
1111111111111010010111001001
1111111111111010011000101101
1111111111111010011001100000
1111111111111010011010101111
1111111111111010011011011110
1111111111111010011100100101
1111111111111010011110100110
1111111111111010011111001011
1111111111111010100000101111
1111111111111010100001100111
1111111111111010100010111111
1111111111111010100100010010
1111111111111010100100101001
1111111111111010100110100001
1111111111111010100111100000
1111111111111010101001001011
1111111111111010101001101000
1111111111111010101010101101
1111111111111010101100001000
1111111111111010101100110000
1111111111111010101110011010
1111111111111010101111000111
1111111111111010110000100110
1111111111111010110001010000
1111111111111010110010100101
1111111111111010110100010100
1111111111111010110100100001
1111111111111010110110011101
1111111111111010110111011100
1111111111111010110111100100
1111111111111010111001101111
1111111111111010111001111101
1111111111111010111011100101
1111111111111010111100111110
1111111111111010111101010010
1111111111111010111111100001
1111111111111011000000011010
1111111111111011000001001000
1111111111111011000010111001
1111111111111011000100000010
1111111111111011000100111110
1111111111111011000110010010
1111111111111011000111101110
1111111111111011000111111101
1111111111111011001000000011
1111111111111011001010011000
1111111111111011001011000011
1111111111111011001101010001
1111111111111011001110010100
1111111111111011001110100011
1111111111111011001111110111
1111111111111011010001100000
1111111111111011010001111110
1111111111111011010011101110
1111111111111011010100111110
1111111111111011010101100110
1111111111111011010111000111
1111111111111011011000011001
1111111111111011011001011100
1111111111111011011010100111
1111111111111011011010110010
1111111111111011011100001110
1111111111111011011101101101
1111111111111011011110101101
1111111111111011011111011100
1111111111111011100000110010
1111111111111011100010011100
1111111111111011100011010010
1111111111111011100100000011
1111111111111011100101010111
1111111111111011100111000000
1111111111111011100111011100
1111111111111011100111111111
1111111111111011101010001010
1111111111111011101011011100
1111111111111011101101000010
1111111111111011101101111101
1111111111111011101110100110
1111111111111011110000000100
1111111111111011110000101010
1111111111111011110001110101
1111111111111011110010010011
1111111111111011110100000110
1111111111111011110100111110
1111111111111011110110010100
1111111111111011110111010100
1111111111111011111000001100
1111111111111011111001010011
1111111111111011111011001110
1111111111111011111011111011
1111111111111011111101011100
1111111111111011111101111000
1111111111111011111110100100
1111111111111100000011110110
1111111111111100000010001000
1111111111111100000010101010
1111111111111100000011101111
1111111111111100000100110111
1111111111111100000100111011
1111111111111100000110101101
1111111111111100000111100000
1111111111111100001001010010
1111111111111100001010101100
1111111111111100001011101100
1111111111111100001100100110
1111111111111100001101011001
1111111111111100001110111111
1111111111111100001111001000
1111111111111100010001010001
1111111111111100010001110101
1111111111111100010011011010
1111111111111100010100011010
1111111111111100010101011101
1111111111111100010110111011
1111111111111100011000010100
1111111111111100011000111101
1111111111111100011001011101
1111111111111100011010100000
1111111111111100011011011000
1111111111111100011100100111
1111111111111100011110011010
1111111111111100011111100101
1111111111111100100000100111
1111111111111100100001110101
1111111111111100100010100111
1111111111111100100011101110
1111111111111100100101100011
1111111111111100100110100001
1111111111111100100110110110
1111111111111100101001000111
1111111111111100101000111101
1111111111111100101010011011
1111111111111100101010010101
1111111111111100101100001001
1111111111111100101110001100
1111111111111100101110101110
1111111111111100101110111010
1111111111111100110000110010
1111111111111100110010001011
1111111111111100110011000011
1111111111111100110100010100
1111111111111100110100100010
1111111111111100110110100001
1111111111111100110111011000
1111111111111100111000110001
1111111111111100111001001011
1111111111111100111011001110
1111111111111100111100000011
1111111111111100111101111111
1111111111111100111101110111
1111111111111100111110110000
1111111111111100111111110011
1111111111111101000001110101
1111111111111101000010011011
1111111111111101000100000011
1111111111111101000101000110
1111111111111101000101111100
1111111111111101000111000010
1111111111111101001000100101
1111111111111101001000110101
1111111111111101001001101110
1111111111111101001011010110
1111111111111101001100011101
1111111111111101001101010001
1111111111111101001110011111
1111111111111101001110111111
1111111111111101010000011000
1111111111111101010010000110
1111111111111101010010111011
1111111111111101010011110011
1111111111111101010101100001
1111111111111101010101110110
1111111111111101010111000010
1111111111111101011000100111
1111111111111101011001010001
1111111111111101011010011111
1111111111111101011011101110
1111111111111101011100010110
1111111111111101011110000110
1111111111111101011111000111
1111111111111101011111011100
1111111111111101100001001001
1111111111111101100001111101
1111111111111101100011100010
1111111111111101100100000100
1111111111111101100101101111
1111111111111101100110011101
1111111111111101100111010100
1111111111111101101000101110
1111111111111101101010001000
1111111111111101101010100011
1111111111111101101100010000
1111111111111101101101001010
1111111111111101101100111110
1111111111111101110000010101
1111111111111101110000011010
1111111111111101110010001111
1111111111111101110001111110
1111111111111101110011010101
1111111111111101110101000001
1111111111111101110110000100
1111111111111101110111000011
1111111111111101110111110100
1111111111111101111000110000
1111111111111101111010010011
1111111111111101111011010110
1111111111111101111100100111
1111111111111101111101110111
1111111111111101111110000000
1111111111111110000000001000
1111111111111101111111110111
1111111111111110000001110011
1111111111111110000010100010
1111111111111110000011111010
1111111111111110000100000011
1111111111111110000101011001
1111111111111110000111000011
1111111111111110000111111010
1111111111111110001000110011
1111111111111110001010110101
1111111111111110001100000001
1111111111111110001101010010
1111111111111110001101001111
1111111111111110001111000000
1111111111111110001111010001
1111111111111110010000111000
1111111111111110010001100011
1111111111111110010011111100
1111111111111110010011110110
1111111111111110010100100111
1111111111111110010110000010
1111111111111110010110110101
1111111111111110011000100000
1111111111111110011001100001
1111111111111110011010010011
1111111111111110011011110011
1111111111111110011100111101
1111111111111110011101100011
1111111111111110011110100000
1111111111111110100000000110
1111111111111110100001110001
1111111111111110100001100110
1111111111111110100100000001
1111111111111110100100010110
1111111111111110100101001011
1111111111111110100101110110
1111111111111110100111111010
1111111111111110100111100101
1111111111111110101001110011
1111111111111110101010100000
1111111111111110101100000001
1111111111111110101100001101
1111111111111110101110011010
1111111111111110101110110011
1111111111111110110000010101
1111111111111110110001010100
1111111111111110110010010010
1111111111111110110011110000
1111111111111110110100110000
1111111111111110110101011110
1111111111111110110110111100
1111111111111110111000111100
1111111111111110111001000000
1111111111111110111010001001
1111111111111110111011001000
1111111111111110111100101110
1111111111111110111101111110
1111111111111110111110011000
1111111111111110111111110101
1111111111111111000000101101
1111111111111111000001011011
1111111111111111000010111110
1111111111111111000011010111
1111111111111111000101000000
1111111111111111000101110011
1111111111111111000111001001
1111111111111111001000010010
1111111111111111001000110111
1111111111111111001001100010
1111111111111111001011101101
1111111111111111001100001010
1111111111111111001101000001
1111111111111111001110110000
1111111111111111001111101101
1111111111111111010000101111
1111111111111111010001101000
1111111111111111010010011101
1111111111111111010100010110
1111111111111111010100110111
1111111111111111010110000110
1111111111111111010111001100
1111111111111111010111111011
1111111111111111011001011110
1111111111111111011001110110
1111111111111111011011000000
1111111111111111011100000101
1111111111111111011101011000
1111111111111111011110110100
1111111111111111011111001110
1111111111111111100001101100
1111111111111111100001101001
1111111111111111100010110101
1111111111111111100100000011
1111111111111111100101000100
1111111111111111100101111100
1111111111111111100110101010
1111111111111111101000010001
1111111111111111101000111111
1111111111111111101010011101
1111111111111111101011011101
1111111111111111101100111011
1111111111111111101101110111
1111111111111111101111001001
1111111111111111110000011011
1111111111111111110001011011
1111111111111111110011001001
1111111111111111110011001011
1111111111111111110100110001
1111111111111111110111010100
1111111111111111110101110010
1111111111111111110111011000
1111111111111111111000111010
1111111111111111111001011100
1111111111111111111010010111
1111111111111111111011001111
1111111111111111111100111111
1111111111111111111110100011
1111111111111111111111001100
0000000000000000000000000000
0000000000000000000000110100
0000000000000000000001011101
0000000000000000000011000001
0000000000000000000100110001
0000000000000000000101101001
0000000000000000000110100100
0000000000000000000111000110
0000000000000000001000101000
0000000000000000001010001110
0000000000000000001000101100
0000000000000000001011001111
0000000000000000001100110101
0000000000000000001100110111
0000000000000000001110100101
0000000000000000001111100101
0000000000000000010000110111
0000000000000000010010001001
0000000000000000010011000101
0000000000000000010100100011
0000000000000000010101100011
0000000000000000010111000001
0000000000000000010111101111
0000000000000000011001010110
0000000000000000011010000100
0000000000000000011010111100
0000000000000000011011111101
0000000000000000011101001011
0000000000000000011110010111
0000000000000000011110010100
0000000000000000100000110010
0000000000000000100001001100
0000000000000000100010101000
0000000000000000100011111011
0000000000000000100101000000
0000000000000000100110001010
0000000000000000100110100010
0000000000000000101000000101
0000000000000000101000110100
0000000000000000101001111010
0000000000000000101011001001
0000000000000000101011101010
0000000000000000101101100011
0000000000000000101110011000
0000000000000000101111010001
0000000000000000110000010011
0000000000000000110001010000
0000000000000000110010111111
0000000000000000110011110110
0000000000000000110100010011
0000000000000000110110011110
0000000000000000110111001001
0000000000000000110111101110
0000000000000000111000110111
0000000000000000111010001101
0000000000000000111011000000
0000000000000000111100101001
0000000000000000111101000010
0000000000000000111110100101
0000000000000000111111010011
0000000000000001000000001011
0000000000000001000001101000
0000000000000001000010000010
0000000000000001000011010010
0000000000000001000100111000
0000000000000001000101110111
0000000000000001000111000000
0000000000000001000111000100
0000000000000001001001000100
0000000000000001001010100010
0000000000000001001011010000
0000000000000001001100010000
0000000000000001001101101110
0000000000000001001110101100
0000000000000001001111101011
0000000000000001010001001101
0000000000000001010001100110
0000000000000001010011110011
0000000000000001010011111111
0000000000000001010101100000
0000000000000001010110001101
0000000000000001011000011011
0000000000000001011000000110
0000000000000001011010001010
0000000000000001011010110101
0000000000000001011011101010
0000000000000001011011111111
0000000000000001011110011010
0000000000000001011110001111
0000000000000001011111111010
0000000000000001100001100000
0000000000000001100010011101
0000000000000001100011000011
0000000000000001100100001101
0000000000000001100101101101
0000000000000001100110011111
0000000000000001100111100000
0000000000000001101001001011
0000000000000001101001111110
0000000000000001101011011001
0000000000000001101100001010
0000000000000001101100000100
0000000000000001101110011101
0000000000000001101111001000
0000000000000001110000101111
0000000000000001110001000000
0000000000000001110010110001
0000000000000001110010101110
0000000000000001110011111111
0000000000000001110101001011
0000000000000001110111001101
0000000000000001111000000110
0000000000000001111000111101
0000000000000001111010100111
0000000000000001111011111101
0000000000000001111100000110
0000000000000001111101011110
0000000000000001111110001101
0000000000000010000000001001
0000000000000001111111111000
0000000000000010000010000000
0000000000000010000010001001
0000000000000010000011011001
0000000000000010000100101010
0000000000000010000101101101
0000000000000010000111010000
0000000000000010001000001100
0000000000000010001000111101
0000000000000010001001111100
0000000000000010001010111111
0000000000000010001100101011
0000000000000010001110000010
0000000000000010001101110001
0000000000000010001111100110
0000000000000010001111101011
0000000000000010010011000010
0000000000000010010010110110
0000000000000010010011110000
0000000000000010010101011101
0000000000000010010101111000
0000000000000010010111010010
0000000000000010011000101100
0000000000000010011001100011
0000000000000010011010010001
0000000000000010011011111100
0000000000000010011100011110
0000000000000010011110000011
0000000000000010011110110111
0000000000000010100000100100
0000000000000010100000111001
0000000000000010100001111010
0000000000000010100011101010
0000000000000010100100010010
0000000000000010100101100001
0000000000000010100110101111
0000000000000010100111011001
0000000000000010101000111110
0000000000000010101010001010
0000000000000010101010011111
0000000000000010101100001101
0000000000000010101101000101
0000000000000010101101111010
0000000000000010101111101000
0000000000000010110001000001
0000000000000010110001100001
0000000000000010110010101111
0000000000000010110011100011
0000000000000010110100101010
0000000000000010110110010010
0000000000000010110111001011
0000000000000010110111011011
0000000000000010111000111110
0000000000000010111010000100
0000000000000010111010111010
0000000000000010111011111101
0000000000000010111101100101
0000000000000010111110001011
0000000000000011000000001101
0000000000000011000001010000
0000000000000011000010001001
0000000000000011000010000001
0000000000000011000011111101
0000000000000011000100110010
0000000000000011000110110101
0000000000000011000111001111
0000000000000011001000101000
0000000000000011001001011111
0000000000000011001011011110
0000000000000011001011101100
0000000000000011001100111101
0000000000000011001101110101
0000000000000011001111001110
0000000000000011010001000110
0000000000000011010001010010
0000000000000011010001110100
0000000000000011010011110111
0000000000000011010101101011
0000000000000011010101100101
0000000000000011010111000011
0000000000000011010110111001
0000000000000011011001001010
0000000000000011011001011111
0000000000000011011010011101
0000000000000011011100010010
0000000000000011011101011001
0000000000000011011110001011
0000000000000011011111011001
0000000000000011100000011011
0000000000000011100001100110
0000000000000011100011011001
0000000000000011100100101000
0000000000000011100101100000
0000000000000011100110100011
0000000000000011100111000011
0000000000000011100111101100
0000000000000011101001000101
0000000000000011101010100011
0000000000000011101011100110
0000000000000011101100100110
0000000000000011101110001011
0000000000000011101110101111
0000000000000011110000111000
0000000000000011110001000001
0000000000000011110010100111
0000000000000011110011011010
0000000000000011110100010100
0000000000000011110101010100
0000000000000011110110101110
0000000000000011111000100000
0000000000000011111001010011
0000000000000011111011000101
0000000000000011111011001001
0000000000000011111100010001
0000000000000011111101010110
0000000000000011111101111000
0000000000000011111100001010
0000000000000100000001011100
0000000000000100000010001000
0000000000000100000010100100
0000000000000100000100000101
0000000000000100000100110010
0000000000000100000110101101
0000000000000100000111110100
0000000000000100001000101100
0000000000000100001001101100
0000000000000100001011000010
0000000000000100001011111010
0000000000000100001101101101
0000000000000100001110001011
0000000000000100001111010110
0000000000000100001111111100
0000000000000100010001011010
0000000000000100010010000011
0000000000000100010010111110
0000000000000100010100100100
0000000000000100010101110110
0000000000000100011000000001
0000000000000100011000100100
0000000000000100011001000000
0000000000000100011010101001
0000000000000100011011111101
0000000000000100011100101110
0000000000000100011101100100
0000000000000100011111001110
0000000000000100100000100100
0000000000000100100001010011
0000000000000100100010010011
0000000000000100100011110010
0000000000000100100101001110
0000000000000100100101011001
0000000000000100100110100100
0000000000000100100111100111
0000000000000100101000111001
0000000000000100101010011010
0000000000000100101011000010
0000000000000100101100010010
0000000000000100101110000010
0000000000000100101110100000
0000000000000100110000001001
0000000000000100110001011101
0000000000000100110001101100
0000000000000100110010101111
0000000000000100110100111101
0000000000000100110101101000
0000000000000100110111111101
0000000000000100111000000011
0000000000000100111000010010
0000000000000100111001101110
0000000000000100111011000010
0000000000000100111011111110
0000000000000100111101000111
0000000000000100111110111000
0000000000000100111111100110
0000000000000101000000011111
0000000000000101000010101110
0000000000000101000011000010
0000000000000101000100011011
0000000000000101000110000011
0000000000000101000110010001
0000000000000101001000011100
0000000000000101001000100100
0000000000000101001001100011
0000000000000101001011011111
0000000000000101001011101100
0000000000000101001101011011
0000000000000101001110110000
0000000000000101001111011010
0000000000000101010000111001
0000000000000101010001100110
0000000000000101010011010000
0000000000000101010011111000
0000000000000101010101010011
0000000000000101010110011000
0000000000000101010110110101
0000000000000101011000100000
0000000000000101011001011111
0000000000000101011011010111
0000000000000101011011101110
0000000000000101011101000001
0000000000000101011110011001
0000000000000101011111010001
0000000000000101100000110101
0000000000000101100001011010
0000000000000101100011011011
0000000000000101100100100010
0000000000000101100101010001
0000000000000101100110100000
0000000000000101100111010011
0000000000000101101000110111
0000000000000101101001110101
0000000000000101101010100110
0000000000000101101100000001
0000000000000101101101011101
0000000000000101101110011101
0000000000000101101111101000
0000000000000101110001100111
0000000000000101110001100011
0000000000000101110011110001
0000000000000101110011111110
0000000000000101110101011110
0000000000000101110110001001
0000000000000101111000010111
0000000000000101111000100011
0000000000000101111001110011
0000000000000101111010110111
0000000000000101111011111101
0000000000000101111101100001
0000000000000101111111100111
0000000000000110000000000011
0000000000000110000000100101
0000000000000110000001111010
0000000000000110000011110000
0000000000000110000100001010
0000000000000110000101110110
0000000000000110000110110101
0000000000000110000111111100
0000000000000110001000111011
0000000000000110001010100101
0000000000000110001011011110
0000000000000110001100100100
0000000000000110001110001110
0000000000000110001110100111
0000000000000110010000011000
0000000000000110010010001000
0000000000000110010010001111
0000000000000110010011110010
0000000000000110010100011001
0000000000000110010110000000
0000000000000110010111101000
0000000000000110011000101010
0000000000000110011001010100
0000000000000110011010111100
0000000000000110011011111010
0000000000000110011101001100
0000000000000110011110001011
0000000000000110011111011110
0000000000000110100001010010
0000000000000110100001100101
0000000000000110100011000001
0000000000000110100011011101
0000000000000110100101011100
0000000000000110100110010110
0000000000000110100111010100
0000000000000110101000110011
0000000000000110101001110010
0000000000000110101010110011
0000000000000110101100100101
0000000000000110101101100110
0000000000000110101110101001
0000000000000110110000000000
0000000000000110110001100011
0000000000000110110010001000
0000000000000110110011011110
0000000000000110110101001011
0000000000000110110101000000
0000000000000110110110101001
0000000000000110111000000100
0000000000000110111001011110
0000000000000110111010101010
0000000000000110111011011011
0000000000000110111101001000
0000000000000110111110000001
0000000000000110111111111010
0000000000000111000001000110
0000000000000111000001110000
0000000000000111000010111101
0000000000000111000100000000
0000000000000111000101100111
0000000000000111000110100001
0000000000000111001000001110
0000000000000111001000110101
0000000000000111001010011010
0000000000000111001011011001
0000000000000111001100110000
0000000000000111001101011001
0000000000000111001111010100
0000000000000111010000101110
0000000000000111010001010100
0000000000000111010010011010
0000000000000111010100001111
0000000000000111010100111001
0000000000000111010110100100
0000000000000111010111010001
0000000000000111011000010011
0000000000000111011010011011
0000000000000111011010101101
0000000000000111011100001001
0000000000000111011101010100
0000000000000111011110101101
0000000000000111011111011101
0000000000000111100000101011
0000000000000111100010100011
0000000000000111100011111000
0000000000000111100101000100
0000000000000111100101101101
0000000000000111100111000111
0000000000000111101000011010
0000000000000111101001011010
0000000000000111101010100010
0000000000000111101100100011
0000000000000111101100111100
0000000000000111101111000111
0000000000000111110000000010
0000000000000111110000111111
0000000000000111110010000100
0000000000000111110011010000
0000000000000111110100001010
0000000000000111110101011100
0000000000000111110110111010
0000000000000111111000001101
0000000000000111111010010001
0000000000000111111010100000
0000000000000111111011111100
0000000000000111111101001111
0000000000000111111110100011
0000000000000111111111101111
0000000000001000000000110110
0000000000001000000010001101
0000000000001000000010110110
0000000000001000000100001101
0000000000001000000100010111
0000000000001000001001100100
0000000000001000001001000111
0000000000001000001001101110
0000000000001000001011010101
0000000000001000001100011000
0000000000001000001101110011
0000000000001000001111001110
0000000000001000010000010101
0000000000001000010001010000
0000000000001000010011001100
0000000000001000010011110011
0000000000001000010101000111
0000000000001000010110110110
0000000000001000010111111100
0000000000001000011001000111
0000000000001000011001011101
0000000000001000011010110100
0000000000001000011100011110
0000000000001000011110010001
0000000000001000011110101111
0000000000001000100000001000
0000000000001000100001001100
0000000000001000100011001101
0000000000001000100011111100
0000000000001000100101001001
0000000000001000100110100100
0000000000001000100111101101
0000000000001000101000111100
0000000000001000101011000100
0000000000001000101011110100
0000000000001000101101100101
0000000000001000101110100100
0000000000001000101111110000
0000000000001000110000011001
0000000000001000110001110100
0000000000001000110011110111
0000000000001000110100100100
0000000000001000110110010100
0000000000001000110110101101
0000000000001000111000101101
0000000000001000111001100110
0000000000001000111010111110
0000000000001000111100100110
0000000000001000111110010101
0000000000001000111110110010
0000000000001001000000000110
0000000000001001000001101101
0000000000001001000010111110
0000000000001001000011101111
0000000000001001000101101001
0000000000001001000111000110
0000000000001001000111111000
0000000000001001001001100001
0000000000001001001010110001
0000000000001001001100001010
0000000000001001001101001101
0000000000001001001110100110
0000000000001001010000000101
0000000000001001010000101100
0000000000001001010010001110
0000000000001001010011111000
0000000000001001010101011100
0000000000001001010101111011
0000000000001001010111010010
0000000000001001011000111010
0000000000001001011010011000
0000000000001001011011100101
0000000000001001011101010100
0000000000001001011110011010
0000000000001001011111010100
0000000000001001100000111101
0000000000001001100010001010
0000000000001001100011100000
0000000000001001100100111111
0000000000001001100101111011
0000000000001001100111010101
0000000000001001101000101010
0000000000001001101010011110
0000000000001001101011101111
0000000000001001101101000101
0000000000001001101101100111
0000000000001001101111010010
0000000000001001110001000100
0000000000001001110010010000
0000000000001001110011001011
0000000000001001110101010001
0000000000001001110110011110
0000000000001001110111100001
0000000000001001111001001011
0000000000001001111010010001
0000000000001001111011110010
0000000000001001111100100011
0000000000001001111110011010
0000000000001001111111111010
0000000000001010000000110101
0000000000001010000010010101
0000000000001010000011110110
0000000000001010000101000110
0000000000001010000110101011
0000000000001010001000000011
0000000000001010001001011010
0000000000001010001010111100
0000000000001010001011111100
0000000000001010001101011000
0000000000001010001110010111
0000000000001010010000000000
0000000000001010010001100101
0000000000001010010010111000
0000000000001010010100010101
0000000000001010010101110000
0000000000001010010111001011
0000000000001010011000011001
0000000000001010011001011110
0000000000001010011010111101
0000000000001010011100101101
0000000000001010011101110010
0000000000001010011110101001
0000000000001010100000101000
0000000000001010100010000100
0000000000001010100011010110
0000000000001010100100011110
0000000000001010100101110000
0000000000001010100111001101
0000000000001010101000110000
0000000000001010101010011101
0000000000001010101100000011
0000000000001010101101001001
0000000000001010101110110110
0000000000001010101111111111
0000000000001010110001011110
0000000000001010110011011001
0000000000001010110100010110
0000000000001010110101110011
0000000000001010110110101111
0000000000001010111000010010
0000000000001010111001110011
0000000000001010111011001110
0000000000001010111100100001
0000000000001010111110011000
0000000000001010111111101000
0000000000001011000000110000
0000000000001011000010011110
0000000000001011000011110110
0000000000001011000101000111
0000000000001011000110110001
0000000000001011001000011011
0000000000001011001001110000
0000000000001011001011001010
0000000000001011001100010101
0000000000001011001101111000
0000000000001011001111100100
0000000000001011010000100001
0000000000001011010010010110
0000000000001011010011001100
0000000000001011010101001110
0000000000001011010110111110
0000000000001011011000000101
0000000000001011011001101110
0000000000001011011011000101
0000000000001011011100101101
0000000000001011011101111011
0000000000001011011111101010
0000000000001011100001000010
0000000000001011100010010110
0000000000001011100011111000
0000000000001011100101011010
0000000000001011100110110000
0000000000001011101000000001
0000000000001011101001101110
0000000000001011101011010010
0000000000001011101100111001
0000000000001011101110101011
0000000000001011101111101100
0000000000001011110000111110
0000000000001011110010111010
0000000000001011110100001001
0000000000001011110101110000
0000000000001011110110110100
0000000000001011111000010110
0000000000001011111010010011
0000000000001011111011101000
0000000000001011111101011011
0000000000001011111110111111
0000000000001100000000011110
0000000000001100000001101110
0000000000001100000011000011
0000000000001100000100100101
0000000000001100000110001101
0000000000001100000111111010
0000000000001100001001010110
0000000000001100001011000101
0000000000001100001100010100
0000000000001100001101111001
0000000000001100001111011101
0000000000001100010000101101
0000000000001100010010100000
0000000000001100010100010000
0000000000001100010101101001
0000000000001100010111000110
0000000000001100011000101110
0000000000001100011010010111
0000000000001100011011111110
0000000000001100011101010101
0000000000001100011111000010
0000000000001100100000110001
0000000000001100100010110000
0000000000001100100011010010
0000000000001100100101011000
0000000000001100100111000110
0000000000001100101000011100
0000000000001100101001110001
0000000000001100101011101010
0000000000001100101101000000
0000000000001100101110111000
0000000000001100110000010101
0000000000001100110010001101
0000000000001100110011110011
0000000000001100110101000110
0000000000001100110110101111
0000000000001100111000011101
0000000000001100111010000011
0000000000001100111011011101
0000000000001100111101001010
0000000000001100111110111110
0000000000001101000000011000
0000000000001101000011001100
0000000000001101000011101010
0000000000001101000101010110
0000000000001101000110110100
0000000000001101001000101110
0000000000001101001010000111
0000000000001101001011111111
0000000000001101001101001100
0000000000001101001111001110
0000000000001101010000101110
0000000000001101010010011101
0000000000001101010011111001
0000000000001101010101100110
0000000000001101010111101001
0000000000001101011000111100
0000000000001101011010101010
0000000000001101011100011101
0000000000001101011101111111
0000000000001101011111100100
0000000000001101100000111011
0000000000001101100011000111
0000000000001101100100111100
0000000000001101100110011000
0000000000001101100111111111
0000000000001101101001100100
0000000000001101101011010011
0000000000001101101101001110
0000000000001101101110101110
0000000000001101110000011100
0000000000001101110010010100
0000000000001101110011101110
0000000000001101110101101101
0000000000001101110111100000
0000000000001101111001001010
0000000000001101111010110010
0000000000001101111100010101
0000000000001101111101111101
0000000000001101111111111011
0000000000001110000001110001
0000000000001110000011100001
0000000000001110000101001000
0000000000001110000111000011
0000000000001110001000101111
0000000000001110001010010000
0000000000001110001011111110
0000000000001110001110000100
0000000000001110001111011111
0000000000001110010001011001
0000000000001110010011000000
0000000000001110010100111011
0000000000001110010110110010
0000000000001110011000011001
0000000000001110011001111010
0000000000001110011100001000
0000000000001110011101101110
0000000000001110011111100101
0000000000001110100001100110
0000000000001110100011000100
0000000000001110100100101111
0000000000001110100110110101
0000000000001110101000101100
0000000000001110101010010010
0000000000001110101100001001
0000000000001110101110001011
0000000000001110101111110111
0000000000001110110001100110
0000000000001110110011100101
0000000000001110110101010010
0000000000001110110111010011
0000000000001110111000111000
0000000000001110111010101001
0000000000001110111100100111
0000000000001110111110011010
0000000000001111000000001000
0000000000001111000010010000
0000000000001111000100000000
0000000000001111000110000110
0000000000001111000111110100
0000000000001111001001110110
0000000000001111001011100000
0000000000001111001101100000
0000000000001111001111011001
0000000000001111010001001100
0000000000001111010011000000
0000000000001111010101001100
0000000000001111010110110110
0000000000001111011000101000
0000000000001111011010100011
0000000000001111011100101001
0000000000001111011110100101
0000000000001111100000011111
0000000000001111100010010100
0000000000001111100100011101
0000000000001111100110001001
0000000000001111101000000001
0000000000001111101010001101
0000000000001111101100001001
0000000000001111101101111100
0000000000001111110000000100
0000000000001111110001110111
0000000000001111110011111000
0000000000001111110101101111
0000000000001111110111101111
0000000000001111111001111001
0000000000001111111011101010
0000000000001111111101101111
0000000000001111111111101101
0000000000010000000001110011
0000000000010000000011101111
0000000000010000000101100100
0000000000010000000111101011
0000000000010000001001101001
0000000000010000001011101010
0000000000010000001101101100
0000000000010000001111101100
0000000000010000010001111000
0000000000010000010011110110
0000000000010000010101110111
0000000000010000010111111100
0000000000010000011001111001
0000000000010000011011111111
0000000000010000011110000101
0000000000010000100000001100
0000000000010000100010001001
0000000000010000100100001000
0000000000010000100110010001
0000000000010000101000011101
0000000000010000101010011100
0000000000010000101100100010
0000000000010000101110101000
0000000000010000110000101110
0000000000010000110010110100
0000000000010000110100110101
0000000000010000110111000010
0000000000010000111001001001
0000000000010000111011010001
0000000000010000111101010100
0000000000010000111111011110
0000000000010001000001101101
0000000000010001000011101110
0000000000010001000101111101
0000000000010001001000000010
0000000000010001001010000100
0000000000010001001100010000
0000000000010001001110100011
0000000000010001010000101100
0000000000010001010010110011
0000000000010001010100111110
0000000000010001010111001110
0000000000010001011001011000
0000000000010001011011101001
0000000000010001011101101111
0000000000010001011111111010
0000000000010001100010001000
0000000000010001100100010001
0000000000010001100110100100
0000000000010001101000110001
0000000000010001101010111101
0000000000010001101101000110
0000000000010001101111011001
0000000000010001110001110000
0000000000010001110011111000
0000000000010001110110001100
0000000000010001111000011000
0000000000010001111010101100
0000000000010001111100111111
0000000000010001111111001110
0000000000010010000001011001
0000000000010010000011101101
0000000000010010000110000000
0000000000010010001000010100
0000000000010010001010101000
0000000000010010001100111000
0000000000010010001111001100
0000000000010010010001100011
0000000000010010010011111010
0000000000010010010110001011
0000000000010010011000100011
0000000000010010011010110100
0000000000010010011101001010
0000000000010010011111100001
0000000000010010100001110011
0000000000010010100100001010
0000000000010010100110100011
0000000000010010101000111100
0000000000010010101011001111
0000000000010010101101100110
0000000000010010110000000010
0000000000010010110010011010
0000000000010010110100101111
0000000000010010110111001000
0000000000010010111001100101
0000000000010010111011111100
0000000000010010111110010100
0000000000010011000000110000
0000000000010011000011001010
0000000000010011000101100101
0000000000010011001000000010
0000000000010011001010011110
0000000000010011001100111001
0000000000010011001111010111
0000000000010011010001110001
0000000000010011010100001111
0000000000010011010110101100
0000000000010011011001001001
0000000000010011011011101001
0000000000010011011110000011
0000000000010011100000100011
0000000000010011100011000010
0000000000010011100101100001
0000000000010011101000000001
0000000000010011101010100001
0000000000010011101101000001
0000000000010011101111100001
0000000000010011110010000011
0000000000010011110100100100
0000000000010011110111000101
0000000000010011111001100111
0000000000010011111100001001
0000000000010011111110101011
0000000000010100000001001110
0000000000010100000011110001
0000000000010100000110010100
0000000000010100001000111000
0000000000010100001011011100
0000000000010100001110000000
1111111111111011001000000110
1111111111111011001010101011
1111111111111011001101010000
1111111111111011001111110110
1111111111111011010010011100
1111111111111011010101000010
1111111111111011010111101001
1111111111111011011010001111
1111111111111011011100110110
1111111111111011011111011110
1111111111111011100010000110
1111111111111011100100101101
1111111111111011100111010110
1111111111111011101001111110
1111111111111011101100100111
1111111111111011101111010000
1111111111111011110001111010
1111111111111011110100100100
1111111111111011110111001110
1111111111111011111001110101
1111111111111011111100100011
1111111111111011111111001110
1111111111111100000001111000
1111111111111100000100100011
1111111111111100000111010000
1111111111111100001001111100
1111111111111100001100101000
1111111111111100001111010100
1111111111111100010010000010
1111111111111100010100110000
1111111111111100010111011110
1111111111111100011010001010
1111111111111100011100110110
1111111111111100011111100110
1111111111111100100010010110
1111111111111100100101000101
1111111111111100100111110001
1111111111111100101010100001
1111111111111100101101010010
1111111111111100110000000001
1111111111111100110010110001
1111111111111100110101100011
1111111111111100111000010100
1111111111111100111011000010
1111111111111100111101110101
1111111111111101000000100100
1111111111111101000011010110
1111111111111101000110000111
1111111111111101001000111010
1111111111111101001011101110
1111111111111101001110011101
1111111111111101010001010010
1111111111111101010100000010
1111111111111101010110110110
1111111111111101011001100111
1111111111111101011100011100
1111111111111101011111010001
1111111111111101100010001000
1111111111111101100100111001
1111111111111101100111101011
1111111111111101101010100100
1111111111111101101101010110
1111111111111101110000001010
1111111111111101110011000010
1111111111111101110101110101
1111111111111101111000101100
1111111111111101111011100001
1111111111111101111110011000
1111111111111110000001001101
1111111111111110000100000101
1111111111111110000110111010
1111111111111110001001110000
1111111111111110001100100111
1111111111111110001111011100
1111111111111110010010001111
1111111111111110010101001000
1111111111111110011000000101
1111111111111110011010111001
1111111111111110011101101110
1111111111111110100000100110
1111111111111110100011011101
1111111111111110100110010100
1111111111111110101001001100
1111111111111110101100000111
1111111111111110101110111100
1111111111111110110001110101
1111111111111110110100110011
1111111111111110110111100110
1111111111111110111010011101
1111111111111110111101010110
1111111111111111000000010010
1111111111111111000011001010
1111111111111111000110000000
1111111111111111001000111010
1111111111111111001011110101
1111111111111111001110110010
1111111111111111010001101011
1111111111111111010100100000
1111111111111111010111011001
1111111111111111011010010100
1111111111111111011101001011
1111111111111111100000000010
1111111111111111100010111111
1111111111111111100101111000
1111111111111111101000110010
1111111111111111101011101101
1111111111111111101110101000
1111111111111111110001011111
1111111111111111110100011100
1111111111111111110111010011
1111111111111111111010001100
1111111111111111111101001000
