0.00000000
0.33889676
0.63768411
0.86099973
0.98241356
0.98755594
0.87581825
0.66042497
0.36686850
0.02989209
-0.31062213
-0.61437333
-0.84541169
-0.97639316
-0.99181571
-0.88985403
-0.68257558
-0.39451235
-0.05975746
0.28206989
0.59051347
0.82906809
0.96950012
0.99518905
0.90309451
0.70411614
0.42180362
0.08956943
-0.25326555
-0.56612584
-0.81198351
-0.96174061
-0.99767296
-0.91552786
-0.72502741
-0.44871791
-0.11930135
0.22423487
0.54123224
0.79417323
0.95312155
0.99926521
0.92714297
0.74529070
0.47523115
0.14892664
-0.19500377
-0.51585493
-0.77565317
-0.94365065
-0.99996437
-0.93792945
-0.76488790
-0.50131967
-0.17841883
0.16559839
0.49001657
0.75643989
0.93333638
0.99976984
0.94787768
0.78380149
0.52696014
0.20775156
-0.13604501
-0.46374027
-0.73655054
-0.92218795
-0.99868177
-0.95697875
-0.80201456
-0.55212965
-0.23689862
0.10637005
0.43704951
0.71600291
0.91021532
0.99670115
0.96522454
0.81951084
0.57680570
0.26583395
-0.07660001
-0.40996814
-0.69481537
-0.89742921
-0.99382973
-0.97260767
-0.83627470
-0.60096623
-0.29453169
0.04676152
0.38252037
0.67300684
0.88384102
0.99007010
0.97912154
0.85229115
0.62458966
0.32296620
-0.01688123
-0.35473072
-0.65059682
-0.86946292
-0.98542560
-0.98476034
-0.86754587
-0.64765488
-0.35111207
-0.01301414
0.32662404
0.62760534
0.85430775
0.97990039
0.98951902
0.88202524
0.67014125
0.37894413
0.04289789
-0.29822544
-0.60405294
-0.83838905
-0.97349941
-0.99339333
-0.89571631
-0.69202870
-0.40643752
-0.07274329
0.26956031
0.57996068
0.82172105
0.96622837
0.99637981
0.90860684
0.71329766
0.43356766
0.10252368
-0.24065426
-0.55535009
-0.80431864
-0.95809378
-0.99847579
-0.92068532
-0.73392912
-0.46031030
-0.13221244
0.21153313
0.53024316
0.78619739
0.94910291
0.99967939
0.93194095
0.75390463
0.48664155
0.16178304
-0.18222295
-0.50466233
-0.76737349
-0.93926379
-0.99998954
-0.94236367
-0.77320636
-0.51253786
-0.19120905
0.15274991
0.47863047
0.74786375
0.92858522
0.99940597
0.95194416
0.79181704
0.53797611
0.22046416
-0.12314034
-0.45217084
-0.72768562
-0.91707673
-0.99792919
-0.96067387
-0.80972005
-0.56293354
-0.24952224
0.09342073
0.42530709
0.70685714
0.90474862
0.99556052
0.96854498
0.82689938
0.58738786
0.27835731
-0.06361762
-0.39806322
-0.68539691
-0.89161190
-0.99230208
-0.97555047
-0.84333967
-0.61131721
-0.30694361
0.03375765
0.37046359
0.66332411
0.87767832
0.98815679
0.98168408
0.85902625
0.63470021
0.33525558
-0.00386751
-0.34253287
-0.64065848
-0.86296032
-0.98312835
-0.98694032
-0.87394508
-0.65751594
-0.36326791
-0.02602608
0.31429600
0.61742026
0.84747107
0.97722125
0.99131449
0.88808284
0.67974404
0.39095558
0.05589642
-0.28577825
-0.59363024
-0.83122439
-0.97044077
-0.99480270
-0.90142688
-0.70136462
-0.41829384
-0.08571680
0.25700508
0.56930967
0.81423483
0.96279297
0.99740180
0.91396529
0.72235836
0.44525826
0.11546057
-0.22800221
-0.54448028
-0.79651755
-0.95428468
-0.99910950
-0.92568685
-0.74270651
-0.47182473
-0.14510114
0.19879558
0.51916427
0.77808839
0.94492352
0.99992425
0.93658109
0.76239087
0.49796951
0.17461204
-0.16941127
-0.49338427
-0.75896383
-0.93471785
-0.99984533
-0.94663827
-0.78139386
-0.52366924
-0.20396688
0.13987555
0.46716331
0.73916095
0.92367678
0.99887282
0.95584941
0.79969848
0.54890095
0.23313943
-0.11021482
-0.44052482
-0.71869746
-0.91181019
-0.99700758
-0.96420627
-0.81728839
-0.57364209
-0.26210361
0.08045559
0.41349263
0.69759164
0.89912868
0.99425127
0.97170138
0.83414785
0.59787054
0.29083354
-0.05062445
-0.38609088
-0.67586236
-0.88564359
-0.99060637
-0.97832805
-0.85026181
-0.62156465
-0.31930354
0.02074806
0.35834407
0.65352903
0.87136696
0.98607612
0.98408035
0.86561585
0.64470324
0.34748816
0.00914686
-0.33027699
-0.63061162
-0.85631156
-0.98066458
-0.98895314
-0.88019627
-0.66726565
-0.37536223
-0.03903362
0.30191473
0.60713061
0.84049085
0.97437659
0.99294207
0.89399001
0.68923169
0.40290082
0.06888548
-0.27328264
-0.58310699
-0.82391895
-0.96721775
-0.99604357
-0.90698477
-0.71058174
-0.43007932
-0.09867578
0.24440631
0.55856222
0.80661070
0.95919449
0.99825486
0.91916892
0.73129671
0.45687344
0.12837790
-0.21531154
-0.53351825
-0.78858154
-0.95031395
-0.99957399
-0.93053158
-0.75135810
-0.48325924
-0.15796527
0.18602434
0.50799745
0.76984760
0.94058408
0.99999975
0.94106259
0.77074798
0.50921314
0.18741147
-0.15657089
-0.48202263
-0.75042561
-0.93001358
-0.99953178
-0.95075253
-0.78944900
-0.53471193
-0.21669016
0.12697750
0.45561701
0.73033295
0.91861189
0.99817049
0.95959275
0.80744447
0.55973283
0.24577520
-0.09727063
-0.42880419
-0.70958756
-0.90638921
-0.99591710
-0.96757535
-0.82471830
-0.58425347
-0.27464058
0.06747682
0.40160814
0.68820798
0.89335645
0.99277362
0.97469319
0.84125504
0.60825195
0.30326050
-0.03762270
-0.37405315
-0.66621333
-0.87952526
-0.98874286
-0.98093992
-0.85703993
-0.63170681
-0.33160938
0.00773496
0.34616385
0.64362326
0.86490801
0.98382843
0.98630994
0.87205884
0.65459709
0.35966190
0.02215969
-0.31796518
-0.62045796
-0.84951776
-0.97803471
-0.99079845
-0.88629837
-0.67690233
-0.38739297
-0.05203454
0.28948233
0.59673813
0.83336827
0.97136689
0.99440146
0.89974577
0.69860260
0.41477781
0.08186288
-0.26074076
-0.57248498
-0.81647396
-0.96383092
-0.99711573
-0.91238904
-0.71967850
-0.44179195
-0.11161806
0.23176615
0.54772017
0.79884995
0.95543354
0.99893885
0.92421688
0.74011120
0.46841125
0.14127348
-0.20258441
-0.52246585
-0.78051196
-0.94618226
-0.99986917
-0.93521871
-0.75988244
-0.49461191
-0.17080264
0.17322161
0.49674458
0.76147641
0.93608533
0.99990588
0.94538470
0.77897454
0.52037051
0.20017915
-0.14370399
-0.47057935
-0.74176030
-0.92515179
-0.99904893
-0.95470576
-0.79737044
-0.54566404
-0.22937675
0.11405794
0.44399355
0.72138125
0.91339142
0.99729909
0.96317357
0.81505370
0.57046990
0.25836934
-0.08430996
-0.41701093
-0.70035747
-0.90081470
-0.99465794
-0.97078056
-0.83200852
-0.59476590
-0.28713103
0.05448662
0.38965562
0.67870776
0.88743290
0.99112782
0.97751992
0.84821974
0.61853034
0.31563609
-0.02461459
-0.36195206
-0.65645147
-0.87325797
-0.98671189
-0.98338564
-0.86367288
-0.64174197
-0.34385906
-0.00527945
0.33392500
0.63360848
0.85830257
0.98141410
0.98837247
0.87835412
0.66438006
0.37177471
0.03516876
-0.30559951
-0.61019920
-0.84258008
-0.97523919
-0.99247595
-0.89225035
-0.68642436
-0.39935809
-0.06502664
0.27700089
0.58624458
0.82610454
0.96819267
0.99569243
0.90534914
0.70785519
0.42658455
0.09482641
-0.24815470
-0.56176600
-0.80889068
-0.96028084
-0.99801901
-0.91763878
-0.72865337
-0.45342975
-0.12454143
0.21908673
0.53678535
0.79095389
0.95151077
0.99945363
0.92910829
0.74880033
0.47986971
0.15414514
-0.18982296
-0.51132496
-0.77231019
-0.94189030
-0.99999500
-0.93974743
-0.76827807
-0.50588079
-0.18361108
0.16038953
0.48540758
0.75297625
0.93142803
0.99964264
0.94954668
0.78706916
0.53143975
0.21291292
-0.13081275
-0.45905637
-0.73296935
-0.92013331
-0.99839686
-0.95849729
-0.80515682
-0.55652374
-0.24202448
0.10111907
0.43229489
0.71230737
0.90801623
0.99625878
0.96659125
0.82252488
0.58111034
0.27091973
-0.07133501
-0.40514704
-0.69100877
-0.89508763
-0.99323030
-0.97382134
-0.83915782
-0.60517759
-0.29957285
0.04148719
0.37763711
0.66909259
0.88135905
0.98931414
0.98018108
0.85504078
0.62870396
0.32795823
-0.01160230
-0.34978966
-0.64657842
-0.86684277
-0.98451379
-0.98566480
-0.87015956
-0.65166844
-0.35605050
-0.01829296
0.32162960
0.62348637
0.85155175
0.97883355
0.99026759
0.88450064
0.67405050
0.38382455
0.04817188
-0.29318208
-0.59983710
-0.83549968
-0.97227849
-0.99398535
-0.89805121
-0.69583013
-0.41125557
-0.07800774
0.26447253
0.57565173
0.81870089
0.96485446
0.99681475
0.91079915
0.71698788
0.43831904
0.10777388
-0.23552662
-0.55095187
-0.80117040
-0.95656811
-0.99875325
-0.92273309
-0.73750483
-0.46499076
-0.13744370
0.20637021
0.52575961
0.78292387
0.94742684
0.99979913
0.93384234
0.75736264
0.49124690
0.16699068
-0.17702936
-0.50009747
-0.76397761
-0.93743882
-0.99995146
-0.94411699
-0.77654357
-0.51706400
-0.19638842
0.14753029
0.47398836
0.74434856
0.92661297
0.99921009
0.95354784
0.79503047
0.54241897
0.22561064
-0.11789936
-0.44745563
-0.72405425
-0.91495898
-0.99757569
-0.96212647
-0.81280683
-0.56728917
-0.25463122
0.08816307
0.42052300
0.70311284
0.90248725
0.99504973
0.96984521
0.82985675
0.59165236
0.28342423
-0.05834798
-0.39321453
-0.68154302
-0.88920894
-0.99163444
-0.97669717
-0.84616500
-0.61548677
-0.31196393
0.02848074
0.36555463
0.65936408
0.87513591
0.98733290
0.98267622
0.86171699
0.63877110
0.34022481
0.00141195
-0.33756802
-0.63659585
-0.86028074
-0.98214895
-0.98777701
-0.87649884
-0.66148453
-0.36818163
-0.03130338
0.30927971
0.61325867
0.84465671
0.97608721
0.99199499
0.89049734
0.68360677
0.39580939
0.06116683
-0.28071499
-0.58937339
-0.82827777
-0.96915310
-0.99532639
-0.90369996
-0.70511805
-0.42308340
-0.09097562
0.25189938
0.56496138
0.81115857
0.96135283
0.99776823
0.91609491
0.72599913
0.44997928
0.12070310
-0.22285865
-0.54004443
-0.79331441
-0.95269336
-0.99931833
-0.92767111
-0.74623136
-0.47647300
-0.15032270
0.19361873
0.51464483
0.77476123
0.94318244
0.99997530
0.93841822
0.76579666
0.50254088
0.17980795
-0.16420577
-0.48878527
-0.75551563
-0.93282855
-0.99973855
-0.94832663
-0.78467754
-0.52815962
-0.20913250
0.13464605
0.46248886
0.73559479
0.92164097
0.99860830
0.95738749
0.80285713
0.55330633
0.23827014
-0.10496600
-0.43577911
-0.71501652
-0.90962968
-0.99658556
-0.96559269
-0.82031917
-0.57795852
-0.26719483
0.07519213
0.40867989
0.69379921
0.89680542
0.99367213
0.97293491
0.83704806
0.60209417
0.29588072
-0.04535106
-0.38121542
-0.67196184
-0.88317965
-0.98987063
-0.97940758
-0.85302885
-0.62569171
-0.32430217
0.01546946
0.35341024
0.64952390
0.86876455
0.98518443
0.98500492
0.86824725
0.64873004
0.35243378
0.01442596
-0.32528920
-0.62650546
-0.85357301
-0.97961775
-0.98972192
-0.88268968
-0.67118858
-0.38025040
-0.04430850
0.29687745
0.60292709
0.83761859
0.97317554
0.99355437
0.89634321
0.69304726
0.40772718
0.07415143
-0.26820036
-0.57880987
-0.82091557
-0.96586357
-0.99649885
-0.90919564
-0.71428653
-0.43483956
-0.10392809
0.23928357
0.55417533
0.80347886
0.95768837
0.99855272
0.92123550
0.73488742
0.46156331
0.13361187
-0.21015292
-0.52904552
-0.78532406
-0.94865725
-0.99971414
-0.93245201
-0.75483151
-0.48787454
-0.16317623
0.18083446
0.50344287
0.76646738
0.93877828
0.99998209
0.94283515
0.77410098
0.51374975
0.19259476
-0.15135437
-0.47739028
-0.74692568
-0.92806029
-0.99935631
-0.95237565
-0.79267861
-0.53916579
-0.22184115
0.12173902
0.45091103
0.72671643
0.91651286
0.99783737
0.96106498
0.81054780
0.56409996
0.25088928
-0.09201486
-0.42402878
-0.70585768
-0.90414631
-0.99542663
-0.96889536
-0.82769256
-0.58852998
-0.27971319
0.06220846
0.39676756
0.68436808
0.89097168
0.99212624
0.97585981
0.84409759
0.61243400
0.30828710
-0.03234647
-0.36915174
-0.66226684
-0.87700077
-0.98793915
-0.98195210
-0.85974822
-0.63579067
-0.33658548
0.00245557
0.34120599
0.63957370
0.86224604
0.98286910
0.98716678
0.87463045
0.65857911
0.36458304
0.02743753
-0.31295529
-0.61630896
-0.84672070
-0.97692062
-0.99149920
-0.88873100
-0.68077895
-0.39225477
-0.05730611
0.28442489
0.59249340
0.83043861
0.97009904
0.99494547
0.90203726
0.70237036
0.41957592
0.08712347
-0.25564030
-0.56814830
-0.81341433
-0.96241044
-0.99750253
-0.91453733
-0.72333403
-0.44652208
-0.11686296
0.22662722
0.54329543
0.79566306
0.95386170
0.99916808
0.92622005
0.74365123
0.47306917
0.14649801
-0.19741161
-0.51795699
-0.77720069
-0.94446046
-0.99994063
-0.93707497
-0.76330381
-0.49919345
-0.17600213
0.16801956
0.49215564
0.75804370
0.93421512
0.99981951
0.94709239
0.78227419
0.52487159
0.20534895
-0.13847734
-0.46591443
-0.73820922
-0.92313484
-0.99880480
-0.95626337
-0.80054542
-0.55008064
-0.23451224
0.10881136
0.43925682
0.71771498
0.91122952
0.99689743
0.96457969
0.81810118
0.57479805
0.26346593
-0.07904813
-0.41220663
-0.69657929
-0.89850979
-0.99409910
-0.97203393
-0.83492577
-0.59900175
-0.29218416
0.04921426
0.38478803
0.67482103
0.88498704
0.99041230
0.97861943
0.85100415
0.62267010
0.32064126
-0.01933639
-0.35702553
-0.65245967
-0.87067334
-0.98584034
-0.98433030
-0.86632197
-0.64578194
-0.34881178
-0.01055875
0.32894394
0.62951518
0.85558149
0.98038729
0.98916145
0.88086551
0.66831663
0.37667056
0.04044445
-0.30056837
-0.60600807
-0.83972498
-0.97405803
-0.99310854
-0.89462180
-0.69025402
-0.40419269
-0.07029401
0.27192417
0.58195935
0.82311797
0.96685823
0.99616805
0.90757853
0.71157450
0.43135359
0.10008075
-0.24303694
-0.55739050
-0.80577531
-0.95879430
-0.99833725
-0.91972412
-0.73225902
-0.45812896
-0.12977803
0.21393250
0.53232350
0.78771250
0.94987347
0.99961420
0.93104773
0.75228909
0.48449489
0.15935934
-0.18463685
-0.50678074
-0.76894568
-0.94010370
-0.99999776
-0.94153922
-0.77164682
-0.51042781
-0.18879821
0.15517620
0.48078506
0.74949163
0.92949373
0.99948758
0.95118922
0.79031490
0.53590454
0.21806835
-0.12557685
-0.45435967
-0.72936773
-0.91805303
-0.99808413
-0.95998911
-0.80827664
-0.56090231
-0.24714360
0.09586527
0.42752821
0.70859197
0.90579183
0.99578865
0.96793102
0.82551600
0.58539879
0.27599796
-0.06606802
-0.40031465
-0.68718291
-0.89272110
-0.99260319
-0.97500786
-0.84201756
-0.60937207
-0.30460565
0.03621171
0.37274332
0.66515969
0.87885251
0.98853061
0.98121330
0.85776658
0.63280073
0.33294111
-0.00632305
-0.34483885
-0.64254199
-0.86419845
-0.98357455
-0.98654179
-0.87274898
-0.65566384
-0.36097900
-0.02357127
0.31662619
0.61935003
0.84877203
0.97773943
0.99098857
0.88695138
0.67794095
0.38869428
0.05344452
-0.28813054
-0.59560454
-0.83258703
-0.97103046
-0.99454967
-0.90036107
-0.69961217
-0.41606216
-0.08327001
0.25937739
0.57132673
0.81565791
0.96345366
0.99722190
0.91296608
0.72065811
0.44305820
0.11302108
-0.23039241
-0.54653830
-0.79799982
-0.95501577
-0.99900288
-0.92475514
-0.74105998
-0.46965825
-0.14267113
0.20120153
0.52126141
0.77962852
0.94572436
0.99989101
0.93571771
0.76079953
0.49583856
0.17219367
-0.17183083
-0.49551866
-0.76056044
-0.93558771
-0.99988551
-0.94584399
-0.77985913
-0.52157572
-0.20156232
0.14230655
0.46933304
0.74081261
0.92461490
0.99898637
0.95512494
0.79822174
0.54684672
0.23075082
-0.11265509
-0.44272796
-0.72040270
-0.91281572
-0.99719440
-0.96355226
-0.81587095
-0.57162899
-0.25973310
0.08290295
0.41572719
0.69934894
0.90020073
0.99451120
0.97111841
0.83279099
0.59590037
0.28848324
-0.05307671
-0.38835488
-0.67767014
-0.88678120
-0.99093916
-0.97781665
-0.84896673
-0.61963918
-0.31697555
0.02320304
0.36063548
0.65538568
0.87256911
0.98648149
0.98364097
0.86438372
0.64282419
0.34518457
0.00669137
-0.33259377
-0.63251548
-0.85757718
-0.98114217
-0.98858617
-0.87902818
-0.66543468
-0.37308509
-0.03657980
0.30425480
0.60907998
0.84181880
0.97492596
0.99264784
0.89288701
0.68745045
0.40065216
0.06643554
-0.27564391
-0.58510012
-0.82530806
-0.96783843
-0.99582235
-0.90594784
-0.70885182
-0.42786116
-0.09623190
0.24678667
0.56059734
0.80805971
0.95988590
0.99810685
0.91819900
0.72961967
0.45468776
0.12594226
-0.21770887
-0.53559353
-0.79008916
-0.95107548
-0.99949930
-0.92962952
-0.74973542
-0.48110799
-0.15554006
0.18843649
0.51011104
0.77141249
0.94141506
0.99999847
0.94022920
0.76918111
0.50709824
0.18499884
-0.15899570
-0.48417264
-0.75204637
-0.93091326
-0.99960390
-0.94998856
-0.78793936
-0.53263528
-0.21429229
0.12941281
0.45780152
0.73200812
0.91957947
0.99831595
0.95889888
0.80599339
0.55769628
0.24339421
-0.09971425
-0.43102125
-0.71131565
-0.90742381
-0.99613577
-0.96695220
-0.82332708
-0.58225884
-0.27227861
0.06992658
0.40385576
0.68998745
0.89445716
0.99306530
0.97414132
0.83992493
0.60630102
0.30091965
-0.04007642
-0.37632933
-0.66804259
-0.88069110
-0.98910729
-0.98045981
-0.85577211
-0.62980133
-0.32929176
0.01019043
0.34846656
0.64550067
0.86613793
0.98426529
0.98590203
0.87085446
0.65273876
0.35736957
0.01970466
-0.32029235
-0.62238184
-0.85081066
-0.97854361
-0.99046312
-0.88515848
-0.67509281
-0.38512798
-0.04958214
0.29183188
0.59870677
0.83472299
0.97194737
0.99413899
0.89867142
0.69684351
0.41254218
0.07941531
-0.26311059
-0.57449661
-0.81788930
-0.96448246
-0.99692636
-0.91138117
-0.71797141
-0.43958769
-0.10917750
0.23415416
0.54977300
0.80032463
0.95615556
0.99882274
0.92327639
0.73845764
0.46624032
0.13884212
-0.20498845
-0.52455804
-0.78204469
-0.94697411
-0.99982644
-0.93434645
-0.75828388
-0.49247625
-0.16838264
0.17563953
0.49887426
0.76306580
0.93694631
0.99993655
0.94458144
0.77743241
0.51827204
0.19777268
-0.14613364
-0.47274462
-0.74340493
-0.92608113
-0.99915299
-0.95397223
-0.79588613
-0.54360462
-0.22698596
0.11649714
0.44619247
0.72307965
0.91438828
0.99747644
0.96251041
0.81362853
0.56845137
0.25599638
-0.08675653
-0.41924154
-0.70210813
-0.90187820
-0.99490842
-0.97018837
-0.83064376
-0.59279008
-0.28477800
0.05693837
0.39191592
0.68050911
0.88856209
0.99145120
0.97699923
0.84691661
0.61659898
0.31330510
-0.02706933
-0.36424004
-0.65830189
-0.87445183
-0.98710790
-0.98293692
-0.86243254
-0.63985681
-0.34155220
-0.00282390
0.33623861
0.63550632
0.85956004
0.98188237
0.98799611
0.87717769
0.66254278
0.36949403
0.03271461
-0.30793668
-0.61214278
-0.84390003
-0.97577930
-0.99217230
-0.89113887
-0.68463660
-0.39710564
-0.06257608
0.27935953
0.58823215
0.82748580
0.96880415
0.99546175
0.90430361
0.70611854
0.42436233
0.09238162
-0.25053271
-0.56379579
-0.81033202
-0.96096313
-0.99786152
-0.91666013
-0.72696940
-0.45123976
-0.12210460
0.22148198
0.53885554
0.79245401
0.95226327
0.99936946
0.92819741
0.74717054
0.47771390
0.15171845
-0.19223330
-0.51343370
-0.77386775
-0.94271234
-0.99998422
-0.93890512
-0.76670390
-0.50376109
-0.18119671
0.16281282
0.48755299
0.75458986
0.93231887
0.99970527
0.94877369
0.78555203
0.52935805
0.21051302
-0.13324683
-0.46123653
-0.73463757
-0.92109215
-0.99853284
-0.95779431
-0.80369809
-0.55448190
-0.23964119
0.10356174
0.43450785
0.71402870
0.90904222
0.99646799
0.96595892
0.82112585
0.57911019
0.26855518
-0.07378410
-0.40739083
-0.69278168
-0.89617984
-0.99351255
-0.97326021
-0.83781974
-0.60322091
-0.29722915
0.04394052
0.37990971
0.67091550
0.88251652
0.98966918
0.97969167
0.85376484
0.62679251
0.32563748
-0.01405767
-0.35208905
-0.64844969
-0.86806445
-0.98494130
-0.98524754
-0.86894690
-0.64980392
-0.35375478
-0.01583775
0.32395372
0.62540434
0.85283657
0.97933315
0.98992285
0.88335235
0.67223457
0.38155591
0.04571902
-0.29552886
-0.60180004
-0.83684647
-0.97284973
-0.99371344
-0.89696832
-0.69406443
-0.40901603
-0.07555942
0.26683987
0.57765789
0.82010846
0.96549684
0.99661590
0.90978263
0.71527398
0.43611060
0.10533229
-0.23791240
-0.55299947
-0.80263748
-0.95728104
-0.99862766
-0.92178383
-0.73584426
-0.46281540
-0.13501103
0.20877229
0.52784682
0.78444916
0.94820970
0.99974690
0.93296121
0.75575688
0.48910657
0.16456909
-0.17944560
-0.50222240
-0.76555974
-0.93829090
-0.99997264
-0.94330476
-0.77499406
-0.51496060
-0.19398008
0.14995854
0.47614913
0.74598612
0.92753351
0.99930466
0.95280525
0.79353860
0.54035440
0.22321770
-0.12033745
-0.44965031
-0.72574578
-0.91594716
-0.99774357
-0.96145417
-0.81137393
-0.56526526
-0.25225583
0.09060880
0.42274962
0.70485682
0.90354219
0.99529076
0.96924382
0.82848410
0.58967092
0.28106850
-0.06079918
-0.39547111
-0.68333789
-0.89032969
-0.99194841
-0.97616721
-0.84485382
-0.61354957
-0.30962997
0.03093522
0.36783914
0.66120825
0.87632147
0.98771953
0.98221816
0.86046847
0.63687987
0.33791471
-0.00104362
-0.33987843
-0.63848766
-0.86153005
-0.98260789
-0.98739128
-0.87531408
-0.65964096
-0.36589745
-0.02884892
0.31161395
0.61519643
0.84596864
0.97661805
0.99168192
0.88937740
0.68181251
0.39355317
0.05871568
-0.28307098
-0.59135537
-0.82965117
-0.96975538
-0.99508626
-0.90264584
-0.70337470
-0.42085716
-0.08852996
0.25427501
0.56698580
0.81259220
0.96202600
0.99760126
0.91510756
0.72430826
0.44778501
0.11826512
-0.22525178
-0.54210950
-0.79480700
-0.95343682
-0.99922466
-0.92675141
-0.74459448
-0.47431266
-0.14789458
0.19602725
0.51674869
0.77631144
0.94399552
0.99995502
0.93756699
0.76421522
0.50041640
0.17739186
-0.16662751
-0.49092604
-0.75712207
-0.93371053
-0.99979168
-0.94754463
-0.78315296
-0.52607290
-0.20673060
0.13707885
0.46466463
0.73725602
0.92259106
0.99873480
0.95667542
0.80139077
0.55125923
0.23588458
-0.10740768
-0.43798794
-0.71673107
-0.91064703
-0.99678530
-0.96495119
-0.81891234
-0.57595287
-0.26482774
0.07764052
0.41091980
0.69556554
0.89788912
0.99394495
0.97236455
0.83570202
0.60013177
0.29353421
-0.04780397
-0.38348441
-0.67377837
-0.88432873
-0.99021626
-0.97890887
-0.85174480
-0.62377431
-0.32197834
0.01792469
0.35570628
0.65138901
0.86997799
0.98560259
0.98457830
0.86702635
0.64685936
0.35013470
0.01197061
-0.32761024
-0.62841748
-0.85484972
-0.98010804
-0.98936778
-0.88153301
-0.66936628
-0.37797814
-0.04185521
0.29922141
0.60488432
0.83895743
0.97373754
0.99327302
0.89525180
0.69127497
0.40548377
0.07170240
-0.27056515
-0.58081054
-0.82231534
-0.96649677
-0.99629054
-0.90817048
-0.71256584
-0.43262700
-0.10148551
0.24166708
0.55621768
0.80493832
0.95839221
0.99841764
0.92027749
0.73321986
0.45938357
0.13117792
-0.21255302
-0.53112770
-0.78684189
-0.94943110
-0.99965242
-0.93156202
-0.75321858
-0.48572958
-0.16075308
0.18324899
0.50556303
0.76804224
0.93962145
0.99999377
0.94201397
0.77254412
0.51164147
0.19018458
-0.15378119
-0.47954652
-0.74855615
-0.92897202
-0.99944139
-0.95162401
-0.79117921
-0.53709609
-0.21944611
0.12417595
0.45310143
0.72840106
0.91749233
0.99799577
0.96038355
0.80910719
0.56207068
0.24851150
-0.09445973
-0.42625138
-0.70759496
-0.90519265
-0.99565821
-0.96828476
-0.82631205
-0.58654294
-0.27735479
0.06465908
0.39902037
0.68615646
0.89208397
0.99243079
0.97532058
0.84277840
0.61049098
0.30595020
-0.03480065
-0.37143275
-0.66410472
-0.87817800
-0.98831639
-0.98148472
-0.85849152
-0.63389340
-0.33427217
0.00491112
0.34351316
0.64145944
0.86348716
0.98331871
0.98677167
0.87343738
0.65672928
0.36229539
0.02498281
-0.31528656
-0.61824087
-0.84802460
-0.97744219
-0.99117671
-0.88760262
-0.67897823
-0.38999482
-0.05485440
0.28677818
0.59446975
0.83180413
0.97069210
0.99469589
0.90097458
0.70062034
0.41734569
0.08467697
-0.25801350
-0.57016734
-0.81484024
-0.96307447
-0.99732608
-0.91354130
-0.72163629
-0.44432356
-0.11442387
0.22901822
0.54535534
0.79714810
0.95459610
0.99906492
0.92529155
0.74200728
0.47090432
0.14406849
-0.19981825
-0.52005594
-0.77874352
-0.94526457
-0.99991086
-0.93621484
-0.76171511
-0.49706422
-0.17358436
0.17043971
0.49429175
0.75964295
0.93508823
0.99986314
0.94630140
0.78074217
0.52277988
0.20294509
-0.14090883
-0.46808579
-0.73986345
-0.92407616
-0.99892181
-0.95554221
-0.79907146
-0.54802831
-0.23212444
0.11125202
0.44146148
0.71942272
0.91223821
0.99708771
0.96392902
0.81668658
0.57278694
0.26109633
-0.08149578
-0.41444262
-0.69833900
-0.89958496
-0.99436247
-0.97145433
-0.83357180
-0.59703366
-0.28983487
0.05166670
0.38705337
0.67663116
0.88612772
0.99074853
0.97811142
0.84971203
0.62074678
0.31831438
-0.02179144
-0.35931818
-0.65431859
-0.87187852
-0.98624913
-0.98389434
-0.86509283
-0.64390512
-0.34650939
-0.00810329
0.33126187
0.63142123
0.85685008
0.98086828
0.98879791
0.87970048
0.66648798
0.37439472
0.03799077
-0.30290949
-0.60795954
-0.84105585
-0.97461079
-0.99281775
-0.89352190
-0.68847517
-0.40194543
-0.06784431
0.27428639
0.58395450
0.82450993
0.96748225
0.99595028
0.90654475
0.70984705
0.42913692
0.09763721
-0.24541815
-0.55942756
-0.80722712
-0.95948904
-0.99819269
-0.91875738
-0.73058451
-0.45594486
-0.12734284
0.21633057
0.53440064
0.78922286
0.95063830
0.99954298
0.93014889
0.75066902
0.48234532
0.15693467
-0.18704964
-0.50889610
-0.77051324
