0.000000
0.000013
0.000049
0.000109
0.000191
0.000294
0.000420
0.000580
0.000766
0.000967
0.001189
0.001439
0.001718
0.002019
0.002331
0.002709
0.003076
0.003461
0.003892
0.004368
0.004856
0.005347
0.005908
0.006474
0.007064
0.007689
0.008342
0.009031
0.009725
0.010478
0.011269
0.012058
0.012935
0.013808
0.014729
0.015629
0.016624
0.017679
0.018733
0.019835
0.020959
0.022163
0.023362
0.024638
0.025978
0.027312
0.028685
0.030180
0.031683
0.033265
0.034872
0.036540
0.038227
0.040032
0.041892
0.043793
0.045780
0.047859
0.050009
0.052248
0.054508
0.056909
0.059362
0.061949
0.064507
0.067367
0.070064
0.073114
0.076113
0.079247
0.082610
0.086142
0.089719
0.093381
0.097144
0.101250
0.105376
0.109776
0.114398
0.119204
0.124079
0.129366
0.134743
0.140483
0.146478
0.152697
0.159319
0.166192
0.173450
0.181056
0.189143
0.197757
0.206823
0.216369
0.226508
0.237381
0.248820
0.261105
0.273999
0.288087
0.302973
0.319062
0.336533
0.355312
0.375711
0.397708
0.421937
0.448315
0.477557
0.509785
0.545575
0.585747
0.630870
0.681977
0.740441
0.807785
0.886365
0.979138
1.090641
1.226514
1.396281
1.614127
1.904035
2.308361
2.911946
3.909891
5.875404
11.541551
198.436386
-13.391616
-6.555132
-4.373372
-3.299800
-2.661325
-2.237989
-1.936619
-1.711421
-1.536553
-1.396907
-1.282779
-1.188007
-1.107617
-1.038717
-0.979433
-0.927424
-0.881542
-0.840959
-0.804568
-0.772049
-0.742139
-0.715317
-0.690728
-0.668397
-0.647672
-0.628731
-0.611234
-0.594831
-0.579598
-0.565138
-0.552069
-0.539582
-0.527988
-0.517119
-0.506675
-0.497050
-0.487921
-0.479127
-0.470943
-0.463071
-0.455578
-0.448363
-0.441661
-0.435292
-0.429121
-0.423222
-0.417534
-0.412091
-0.406937
-0.401942
-0.397241
-0.392723
-0.388340
-0.384109
-0.380170
-0.376337
-0.372318
-0.368645
-0.365264
-0.361880
-0.358488
-0.355504
-0.352585
-0.349402
-0.346554
-0.343752
-0.341051
-0.338352
-0.335750
-0.333266
-0.330959
-0.328767
-0.326494
-0.324326
-0.322268
-0.320001
-0.317880
-0.316013
-0.314061
-0.312354
-0.310643
-0.308984
-0.306969
-0.305522
-0.303619
-0.302282
-0.300701
-0.299353
-0.297760
-0.296146
-0.294734
-0.293530
-0.291861
-0.290684
-0.289480
-0.288338
-0.287309
-0.285799
-0.284490
-0.283395
-0.282226
-0.281126
-0.280222
-0.279043
-0.278025
-0.276896
-0.276092
-0.275009
-0.274059
-0.272867
-0.272415
-0.270995
-0.270359
-0.269097
-0.268675
-0.267502
-0.266368
-0.266112
-0.265259
-0.264439
-0.263852
-0.262867
-0.262188
-0.261666
-0.260773
-0.260014
-0.259534
-0.258875
-0.257895
-0.257245
-0.256547
-0.256204
-0.255583
-0.254804
-0.254319
-0.253723
-0.253126
-0.252452
-0.251887
-0.251283
-0.250909
-0.250216
-0.249849
-0.248958
-0.248792
-0.247991
-0.247766
-0.247134
-0.246608
-0.246413
-0.245628
-0.245403
-0.244789
-0.244365
-0.244145
-0.243458
-0.242898
-0.242879
-0.241917
-0.242311
-0.241249
-0.241022
-0.240925
-0.240321
-0.239713
-0.239462
-0.238830
-0.238854
-0.238393
-0.238056
-0.237356
-0.237307
-0.237103
-0.236565
-0.236085
-0.235882
-0.235594
-0.235391
-0.234725
-0.234569
-0.234488
-0.233793
-0.233512
-0.233362
-0.233138
-0.232737
-0.232427
-0.232388
-0.231869
-0.231372
-0.231234
-0.230877
-0.230871
-0.230765
-0.230291
-0.230346
-0.229615
-0.229590
-0.228980
-0.228946
-0.228357
-0.228175
-0.228598
-0.228198
-0.227552
-0.227157
-0.227281
-0.227064
-0.226852
-0.226656
-0.226583
-0.225934
-0.226302
-0.225703
-0.225653
-0.225285
-0.225058
-0.224792
-0.224216
-0.224603
-0.223832
-0.223930
-0.223442
-0.223466
-0.223237
-0.223260
-0.222953
-0.222893
-0.222826
-0.222567
-0.222351
-0.221770
-0.222015
-0.221637
-0.221460
-0.221236
-0.220818
-0.221192
-0.220908
-0.220528
-0.220738
-0.220259
-0.220810
-0.219912
-0.220081
-0.220069
-0.220105
-0.219501
-0.219403
-0.219157
-0.219125
-0.218822
-0.218542
-0.218544
-0.218548
-0.222213
-0.218135
-0.217837
-0.218045
-0.217516
-0.217523
-0.217271
-0.217536
-0.217560
-0.217287
-0.216955
-0.216735
-0.216893
-0.216789
-0.216321
-0.216460
-0.216629
-0.216364
-0.216323
-0.215773
-0.215733
-0.215475
-0.215902
-0.215413
-0.215165
-0.215290
-0.215259
-0.215292
-0.215008
-0.214730
-0.214425
-0.214222
-0.214431
-0.213816
-0.214503
-0.213801
-0.213847
-0.214041
-0.214006
-0.213618
-0.213471
-0.213596
-0.213372
-0.213349
-0.213138
-0.213109
-0.212737
-0.213102
-0.212630
-0.212869
-0.212730
-0.212198
-0.212388
-0.212396
-0.212527
-0.212237
-0.212104
-0.211943
-0.212420
-0.211911
-0.211851
-0.211632
-0.211687
-0.212033
-0.211824
-0.211083
-0.211615
-0.211054
-0.211255
-0.210603
-0.210483
-0.210542
-0.211051
-0.210276
-0.210951
-0.210195
-0.210151
-0.210299
-0.210662
-0.210388
-0.209918
-0.210222
-0.210216
-0.209800
-0.210253
-0.210101
-0.209882
-0.209765
-0.209280
-0.209696
-0.209109
-0.209481
-0.208774
-0.209374
-0.209271
-0.209630
-0.209125
-0.208822
-0.209241
-0.208909
-0.208985
-0.209046
-0.208697
-0.208826
-0.208522
-0.208428
-0.209040
-0.208394
-0.207834
-0.208438
-0.208365
-0.207873
-0.207895
-0.208159
-0.208156
-0.208707
-0.208086
-0.207866
-0.207459
-0.207948
-0.207550
-0.207414
-0.207724
-0.207301
-0.207794
-0.207103
-0.207634
-0.207131
-0.207514
-0.207147
-0.207139
-0.207133
-0.206864
-0.207159
-0.206839
-0.206615
-0.206651
-0.206708
-0.206286
-0.206270
-0.207044
-0.206893
-0.206642
-0.206361
-0.206278
-0.206302
-0.206194
-0.206932
-0.206104
-0.206248
-0.206536
-0.205853
-0.205613
-0.206423
-0.205912
-0.205722
-0.206468
-0.206254
-0.205773
-0.205797
-0.205597
-0.205602
-0.205677
-0.204703
-0.205506
-0.205279
-0.205435
-0.205201
-0.205380
-0.205582
-0.205199
-0.205573
-0.205141
-0.204994
-0.205091
-0.205050
-0.204834
-0.204968
-0.205555
-0.204595
-0.204449
-0.205055
-0.204849
-0.204549
-0.204838
-0.204698
-0.204911
-0.204323
-0.204670
-0.204085
-0.204155
-0.204602
-0.204416
-0.204344
-0.204375
-0.204188
-0.204214
-0.204574
-0.203933
-0.204339
-0.204213
-0.203891
-0.204518
-0.204448
-0.203700
-0.203740
-0.204326
-0.204592
-0.204339
-0.204122
-0.204003
-0.204107
-0.203585
-0.203877
-0.203909
-0.203920
-0.204053
-0.203130
-0.203194
-0.203453
-0.203013
-0.203185
-0.203352
-0.203710
-0.203633
-0.203145
-0.203517
-0.203198
-0.203745
-0.203630
-0.203625
-0.202856
-0.203230
-0.203194
-0.203900
-0.203299
-0.203426
-0.203259
-0.203049
-0.202483
-0.203195
-0.202282
-0.203293
-0.202359
-0.202591
-0.202671
-0.203239
-0.202886
-0.202837
-0.202106
-0.203155
-0.203197
-0.202914
-0.202368
-0.202541
-0.202920
-0.206561
-0.202698
-0.202528
-0.202360
-0.202605
-0.202154
-0.201964
-0.202017
-0.202346
-0.201639
-0.202215
-0.202361
-0.202366
-0.202625
-0.201845
-0.202177
-0.201658
-0.201808
-0.202341
-0.201763
-0.202466
-0.202490
-0.202271
-0.202531
-0.202001
-0.202676
-0.201216
-0.202090
-0.201922
-0.202154
-0.201851
-0.201395
-0.202046
-0.201642
-0.201402
-0.201815
-0.201455
-0.201941
-0.202289
-0.201452
-0.201424
-0.201706
-0.201778
-0.201800
-0.201507
-0.201508
-0.201574
-0.201647
-0.201875
-0.201980
-0.201629
-0.201386
-0.201703
-0.201357
-0.201551
-0.201806
-0.200700
-0.201303
-0.201197
-0.201109
-0.201020
-0.201277
-0.201294
-0.202023
-0.201696
-0.200891
-0.201835
-0.201056
-0.201616
-0.200708
-0.200918
-0.201136
-0.200924
-0.200637
-0.201327
-0.201133
-0.201230
-0.200827
-0.201675
-0.201474
-0.201042
-0.201057
-0.200638
-0.200904
-0.201683
-0.201095
-0.201442
-0.200272
-0.200913
-0.201419
-0.201141
-0.201319
-0.201332
-0.200743
-0.200859
-0.200315
-0.200838
-0.200862
-0.200924
-0.200649
-0.200527
-0.200842
-0.200922
-0.201082
-0.200412
-0.200364
-0.200171
-0.200619
-0.200846
-0.200915
-0.200224
-0.200671
-0.200840
-0.200727
-0.201069
-0.200672
-0.200148
-0.201214
-0.200234
-0.199590
-0.200822
-0.200742
-0.200777
-0.200477
-0.200890
-0.200448
-0.200519
-0.200205
-0.200777
-0.200143
-0.200415
-0.200821
-0.200339
-0.200001
-0.200662
-0.200953
-0.200314
-0.201233
-0.200166
-0.200170
-0.199980
-0.199994
-0.200118
-0.200290
-0.200564
-0.199375
-0.200462
-0.199948
-0.200052
-0.199772
-0.200458
-0.200403
-0.199966
-0.199780
-0.199831
-0.199814
-0.200139
-0.200112
-0.200322
-0.199948
-0.199798
-0.200587
-0.199737
-0.200346
-0.199908
-0.199527
-0.200246
-0.200581
-0.199551
-0.199102
-0.200116
-0.199313
-0.200156
-0.199712
-0.199245
-0.200171
-0.200039
-0.199913
-0.199438
-0.199086
-0.200408
-0.200293
-0.199691
-0.200030
-0.199715
-0.199228
-0.199460
-0.199517
-0.199167
-0.199910
-0.199357
-0.199167
-0.199918
-0.199232
-0.200010
-0.199709
-0.199516
-0.199565
-0.199776
-0.199775
-0.199461
-0.199730
-0.199498
-0.199573
-0.199139
-0.199119
-0.199296
-0.199788
-0.200308
-0.199101
-0.199686
-0.199416
-0.198464
-0.199336
-0.199457
-0.199225
-0.199246
-0.199340
-0.199470
-0.200193
-0.199206
-0.199781
-0.199391
-0.198891
-0.199688
-0.200534
-0.199254
-0.199388
-0.199104
-0.199774
-0.199129
-0.199871
-0.198938
-0.198974
-0.198644
-0.198558
-0.198753
-0.199163
-0.199572
-0.199926
-0.198727
-0.199355
-0.199773
-0.199960
-0.199149
-0.198702
-0.198872
-0.199508
-0.199633
-0.199477
-0.199207
-0.199591
-0.199260
-0.199132
-0.198984
-0.198956
-0.203068
-0.199300
-0.199799
-0.199844
-0.199645
-0.199207
-0.198811
-0.199188
-0.199179
-0.199447
-0.199128
-0.199702
-0.198892
-0.199646
-0.199141
-0.199703
-0.198664
-0.198380
-0.199968
-0.199143
-0.199067
-0.199172
-0.199901
-0.198891
-0.199055
-0.199180
-0.199027
-0.199719
-0.199493
-0.198910
-0.199036
-0.199576
-0.199493
-0.199640
-0.199359
-0.198777
-0.199662
-0.199734
-0.198505
-0.198592
-0.199875
-0.198919
-0.198940
-0.199490
-0.199428
-0.199074
-0.198775
-0.199583
-0.199203
-0.199166
-0.198791
-0.199476
-0.199163
-0.198655
-0.198534
-0.199003
-0.199090
-0.199674
-0.198353
-0.198988
-0.198993
-0.198931
-0.199408
-0.198754
-0.199605
-0.199214
-0.199048
-0.198766
-0.199348
-0.199623
-0.199084
-0.199215
-0.199119
-0.198886
-0.199674
-0.198346
-0.198841
-0.199085
-0.198715
-0.198737
-0.199007
-0.199138
-0.199153
-0.198899
-0.198677
-0.198349
-0.198747
-0.199127
-0.199169
-0.199265
-0.198910
-0.199187
-0.198975
-0.199090
-0.198983
-0.198713
-0.199361
-0.198420
-0.199475
-0.198684
-0.198895
-0.199656
-0.198966
-0.199102
-0.199319
-0.199362
-0.199176
-0.199576
-0.199455
-0.199444
-0.199190
-0.198404
-0.198542
-0.198240
-0.198543
-0.198898
-0.199165
-0.198417
-0.198680
-0.199148
-0.198601
-0.199477
-0.199109
-0.198747
-0.198727
-0.198938
-0.199264
-0.198081
-0.199588
-0.198081
-0.199264
-0.198938
-0.198727
-0.198747
-0.199109
-0.199477
-0.198601
-0.199148
-0.198680
-0.198417
-0.199165
-0.198898
-0.198543
-0.198240
-0.198542
-0.198404
-0.199190
-0.199444
-0.199455
-0.199576
-0.199176
-0.199362
-0.199319
-0.199102
-0.198966
-0.199656
-0.198895
-0.198684
-0.199475
-0.198420
-0.199361
-0.198713
-0.198983
-0.199090
-0.198975
-0.199187
-0.198910
-0.199265
-0.199169
-0.199127
-0.198747
-0.198349
-0.198677
-0.198899
-0.199153
-0.199138
-0.199007
-0.198737
-0.198715
-0.199085
-0.198841
-0.198346
-0.199674
-0.198886
-0.199119
-0.199215
-0.199084
-0.199623
-0.199348
-0.198766
-0.199048
-0.199214
-0.199605
-0.198754
-0.199408
-0.198931
-0.198993
-0.198988
-0.198353
-0.199674
-0.199090
-0.199003
-0.198534
-0.198655
-0.199163
-0.199476
-0.198791
-0.199166
-0.199203
-0.199583
-0.198775
-0.199074
-0.199428
-0.199490
-0.198940
-0.198919
-0.199875
-0.198592
-0.198505
-0.199734
-0.199662
-0.198777
-0.199359
-0.199640
-0.199493
-0.199576
-0.199036
-0.198910
-0.199493
-0.199719
-0.199027
-0.199180
-0.199055
-0.198891
-0.199901
-0.199172
-0.199067
-0.199143
-0.199968
-0.198380
-0.198664
-0.199703
-0.199141
-0.199646
-0.198892
-0.199702
-0.199128
-0.199447
-0.199179
-0.199188
-0.198811
-0.199207
-0.199645
-0.199844
-0.199799
-0.199300
-0.203068
-0.198956
-0.198984
-0.199132
-0.199260
-0.199591
-0.199207
-0.199477
-0.199633
-0.199508
-0.198872
-0.198702
-0.199149
-0.199960
-0.199773
-0.199355
-0.198727
-0.199926
-0.199572
-0.199163
-0.198753
-0.198558
-0.198644
-0.198974
-0.198938
-0.199871
-0.199129
-0.199774
-0.199104
-0.199388
-0.199254
-0.200534
-0.199688
-0.198891
-0.199391
-0.199781
-0.199206
-0.200193
-0.199470
-0.199340
-0.199246
-0.199225
-0.199457
-0.199336
-0.198464
-0.199416
-0.199686
-0.199101
-0.200308
-0.199788
-0.199296
-0.199119
-0.199139
-0.199573
-0.199498
-0.199730
-0.199461
-0.199775
-0.199776
-0.199565
-0.199516
-0.199709
-0.200010
-0.199232
-0.199918
-0.199167
-0.199357
-0.199910
-0.199167
-0.199517
-0.199460
-0.199228
-0.199715
-0.200030
-0.199691
-0.200293
-0.200408
-0.199086
-0.199438
-0.199913
-0.200039
-0.200171
-0.199245
-0.199712
-0.200156
-0.199313
-0.200116
-0.199102
-0.199551
-0.200581
-0.200246
-0.199527
-0.199908
-0.200346
-0.199737
-0.200587
-0.199798
-0.199948
-0.200322
-0.200112
-0.200139
-0.199814
-0.199831
-0.199780
-0.199966
-0.200403
-0.200458
-0.199772
-0.200052
-0.199948
-0.200462
-0.199375
-0.200564
-0.200290
-0.200118
-0.199994
-0.199980
-0.200170
-0.200166
-0.201233
-0.200314
-0.200953
-0.200662
-0.200001
-0.200339
-0.200821
-0.200415
-0.200143
-0.200777
-0.200205
-0.200519
-0.200448
-0.200890
-0.200477
-0.200777
-0.200742
-0.200822
-0.199590
-0.200234
-0.201214
-0.200148
-0.200672
-0.201069
-0.200727
-0.200840
-0.200671
-0.200224
-0.200915
-0.200846
-0.200619
-0.200171
-0.200364
-0.200412
-0.201082
-0.200922
-0.200842
-0.200527
-0.200649
-0.200924
-0.200862
-0.200838
-0.200315
-0.200859
-0.200743
-0.201332
-0.201319
-0.201141
-0.201419
-0.200913
-0.200272
-0.201442
-0.201095
-0.201683
-0.200904
-0.200638
-0.201057
-0.201042
-0.201474
-0.201675
-0.200827
-0.201230
-0.201133
-0.201327
-0.200637
-0.200924
-0.201136
-0.200918
-0.200708
-0.201616
-0.201056
-0.201835
-0.200891
-0.201696
-0.202023
-0.201294
-0.201277
-0.201020
-0.201109
-0.201197
-0.201303
-0.200700
-0.201806
-0.201551
-0.201357
-0.201703
-0.201386
-0.201629
-0.201980
-0.201875
-0.201647
-0.201574
-0.201508
-0.201507
-0.201800
-0.201778
-0.201706
-0.201424
-0.201452
-0.202289
-0.201941
-0.201455
-0.201815
-0.201402
-0.201642
-0.202046
-0.201395
-0.201851
-0.202154
-0.201922
-0.202090
-0.201216
-0.202676
-0.202001
-0.202531
-0.202271
-0.202490
-0.202466
-0.201763
-0.202341
-0.201808
-0.201658
-0.202177
-0.201845
-0.202625
-0.202366
-0.202361
-0.202215
-0.201639
-0.202346
-0.202017
-0.201964
-0.202154
-0.202605
-0.202360
-0.202528
-0.202698
-0.206561
-0.202920
-0.202541
-0.202368
-0.202914
-0.203197
-0.203155
-0.202106
-0.202837
-0.202886
-0.203239
-0.202671
-0.202591
-0.202359
-0.203293
-0.202282
-0.203195
-0.202483
-0.203049
-0.203259
-0.203426
-0.203299
-0.203900
-0.203194
-0.203230
-0.202856
-0.203625
-0.203630
-0.203745
-0.203198
-0.203517
-0.203145
-0.203633
-0.203710
-0.203352
-0.203185
-0.203013
-0.203453
-0.203194
-0.203130
-0.204053
-0.203920
-0.203909
-0.203877
-0.203585
-0.204107
-0.204003
-0.204122
-0.204339
-0.204592
-0.204326
-0.203740
-0.203700
-0.204448
-0.204518
-0.203891
-0.204213
-0.204339
-0.203933
-0.204574
-0.204214
-0.204188
-0.204375
-0.204344
-0.204416
-0.204602
-0.204155
-0.204085
-0.204670
-0.204323
-0.204911
-0.204698
-0.204838
-0.204549
-0.204849
-0.205055
-0.204449
-0.204595
-0.205555
-0.204968
-0.204834
-0.205050
-0.205091
-0.204994
-0.205141
-0.205573
-0.205199
-0.205582
-0.205380
-0.205201
-0.205435
-0.205279
-0.205506
-0.204703
-0.205677
-0.205602
-0.205597
-0.205797
-0.205773
-0.206254
-0.206468
-0.205722
-0.205912
-0.206423
-0.205613
-0.205853
-0.206536
-0.206248
-0.206104
-0.206932
-0.206194
-0.206302
-0.206278
-0.206361
-0.206642
-0.206893
-0.207044
-0.206270
-0.206286
-0.206708
-0.206651
-0.206615
-0.206839
-0.207159
-0.206864
-0.207133
-0.207139
-0.207147
-0.207514
-0.207131
-0.207634
-0.207103
-0.207794
-0.207301
-0.207724
-0.207414
-0.207550
-0.207948
-0.207459
-0.207866
-0.208086
-0.208707
-0.208156
-0.208159
-0.207895
-0.207873
-0.208365
-0.208438
-0.207834
-0.208394
-0.209040
-0.208428
-0.208522
-0.208826
-0.208697
-0.209046
-0.208985
-0.208909
-0.209241
-0.208822
-0.209125
-0.209630
-0.209271
-0.209374
-0.208774
-0.209481
-0.209109
-0.209696
-0.209280
-0.209765
-0.209882
-0.210101
-0.210253
-0.209800
-0.210216
-0.210222
-0.209918
-0.210388
-0.210662
-0.210299
-0.210151
-0.210195
-0.210951
-0.210276
-0.211051
-0.210542
-0.210483
-0.210603
-0.211255
-0.211054
-0.211615
-0.211083
-0.211824
-0.212033
-0.211687
-0.211632
-0.211851
-0.211911
-0.212420
-0.211943
-0.212104
-0.212237
-0.212527
-0.212396
-0.212388
-0.212198
-0.212730
-0.212869
-0.212630
-0.213102
-0.212737
-0.213109
-0.213138
-0.213349
-0.213372
-0.213596
-0.213471
-0.213618
-0.214006
-0.214041
-0.213847
-0.213801
-0.214503
-0.213816
-0.214431
-0.214222
-0.214425
-0.214730
-0.215008
-0.215292
-0.215259
-0.215290
-0.215165
-0.215413
-0.215902
-0.215475
-0.215733
-0.215773
-0.216323
-0.216364
-0.216629
-0.216460
-0.216321
-0.216789
-0.216893
-0.216735
-0.216955
-0.217287
-0.217560
-0.217536
-0.217271
-0.217523
-0.217516
-0.218045
-0.217837
-0.218135
-0.222213
-0.218548
-0.218544
-0.218542
-0.218822
-0.219125
-0.219157
-0.219403
-0.219501
-0.220105
-0.220069
-0.220081
-0.219912
-0.220810
-0.220259
-0.220738
-0.220528
-0.220908
-0.221192
-0.220818
-0.221236
-0.221460
-0.221637
-0.222015
-0.221770
-0.222351
-0.222567
-0.222826
-0.222893
-0.222953
-0.223260
-0.223237
-0.223466
-0.223442
-0.223930
-0.223832
-0.224603
-0.224216
-0.224792
-0.225058
-0.225285
-0.225653
-0.225703
-0.226302
-0.225934
-0.226583
-0.226656
-0.226852
-0.227064
-0.227281
-0.227157
-0.227552
-0.228198
-0.228598
-0.228175
-0.228357
-0.228946
-0.228980
-0.229590
-0.229615
-0.230346
-0.230291
-0.230765
-0.230871
-0.230877
-0.231234
-0.231372
-0.231869
-0.232388
-0.232427
-0.232737
-0.233138
-0.233362
-0.233512
-0.233793
-0.234488
-0.234569
-0.234725
-0.235391
-0.235594
-0.235882
-0.236085
-0.236565
-0.237103
-0.237307
-0.237356
-0.238056
-0.238393
-0.238854
-0.238830
-0.239462
-0.239713
-0.240321
-0.240925
-0.241022
-0.241249
-0.242311
-0.241917
-0.242879
-0.242898
-0.243458
-0.244145
-0.244365
-0.244789
-0.245403
-0.245628
-0.246413
-0.246608
-0.247134
-0.247766
-0.247991
-0.248792
-0.248958
-0.249849
-0.250216
-0.250909
-0.251283
-0.251887
-0.252452
-0.253126
-0.253723
-0.254319
-0.254804
-0.255583
-0.256204
-0.256547
-0.257245
-0.257895
-0.258875
-0.259534
-0.260014
-0.260773
-0.261666
-0.262188
-0.262867
-0.263852
-0.264439
-0.265259
-0.266112
-0.266368
-0.267502
-0.268675
-0.269097
-0.270359
-0.270995
-0.272415
-0.272867
-0.274059
-0.275009
-0.276092
-0.276896
-0.278025
-0.279043
-0.280222
-0.281126
-0.282226
-0.283395
-0.284490
-0.285799
-0.287309
-0.288338
-0.289480
-0.290684
-0.291861
-0.293530
-0.294734
-0.296146
-0.297760
-0.299353
-0.300701
-0.302282
-0.303619
-0.305522
-0.306969
-0.308984
-0.310643
-0.312354
-0.314061
-0.316013
-0.317880
-0.320001
-0.322268
-0.324326
-0.326494
-0.328767
-0.330959
-0.333266
-0.335750
-0.338352
-0.341051
-0.343752
-0.346554
-0.349402
-0.352585
-0.355504
-0.358488
-0.361880
-0.365264
-0.368645
-0.372318
-0.376337
-0.380170
-0.384109
-0.388340
-0.392723
-0.397241
-0.401942
-0.406937
-0.412091
-0.417534
-0.423222
-0.429121
-0.435292
-0.441661
-0.448363
-0.455578
-0.463071
-0.470943
-0.479127
-0.487921
-0.497050
-0.506675
-0.517119
-0.527988
-0.539582
-0.552069
-0.565138
-0.579598
-0.594831
-0.611234
-0.628731
-0.647672
-0.668397
-0.690728
-0.715317
-0.742139
-0.772049
-0.804568
-0.840959
-0.881542
-0.927424
-0.979433
-1.038717
-1.107617
-1.188007
-1.282779
-1.396907
-1.536553
-1.711421
-1.936619
-2.237989
-2.661325
-3.299800
-4.373372
-6.555132
-13.391616
198.436386
11.541551
5.875404
3.909891
2.911946
2.308361
1.904035
1.614127
1.396281
1.226514
1.090641
0.979138
0.886365
0.807785
0.740441
0.681977
0.630870
0.585747
0.545575
0.509785
0.477557
0.448315
0.421937
0.397708
0.375711
0.355312
0.336533
0.319062
0.302973
0.288087
0.273999
0.261105
0.248820
0.237381
0.226508
0.216369
0.206823
0.197757
0.189143
0.181056
0.173450
0.166192
0.159319
0.152697
0.146478
0.140483
0.134743
0.129366
0.124079
0.119204
0.114398
0.109776
0.105376
0.101250
0.097144
0.093381
0.089719
0.086142
0.082610
0.079247
0.076113
0.073114
0.070064
0.067367
0.064507
0.061949
0.059362
0.056909
0.054508
0.052248
0.050009
0.047859
0.045780
0.043793
0.041892
0.040032
0.038227
0.036540
0.034872
0.033265
0.031683
0.030180
0.028685
0.027312
0.025978
0.024638
0.023362
0.022163
0.020959
0.019835
0.018733
0.017679
0.016624
0.015629
0.014729
0.013808
0.012935
0.012058
0.011269
0.010478
0.009725
0.009031
0.008342
0.007689
0.007064
0.006474
0.005908
0.005347
0.004856
0.004368
0.003892
0.003461
0.003076
0.002709
0.002331
0.002019
0.001718
0.001439
0.001189
0.000967
0.000766
0.000580
0.000420
0.000294
0.000191
0.000109
0.000049
0.000013
