0.000000
-1.569262
-1.567728
-1.566194
-1.564660
-1.563126
-1.561592
-1.560058
-1.558524
-1.556990
-1.555457
-1.553923
-1.552389
-1.550855
-1.549321
-1.547787
-1.546253
-1.544719
-1.543185
-1.541651
-1.540117
-1.538583
-1.537049
-1.535515
-1.533981
-1.532447
-1.530913
-1.529379
-1.527845
-1.526311
-1.524777
-1.523243
-1.521709
-1.520175
-1.518641
-1.517107
-1.515573
-1.514039
-1.512505
-1.510971
-1.509437
-1.507903
-1.506369
-1.504835
-1.503301
-1.501767
-1.500233
-1.498699
-1.497165
-1.495631
-1.494097
-1.492563
-1.491029
-1.489495
-1.487961
-1.486427
-1.484893
-1.483359
-1.481825
-1.480291
-1.478757
-1.477223
-1.475690
-1.474156
-1.472622
-1.471088
-1.469554
-1.468020
-1.466486
-1.464952
-1.463418
-1.461884
-1.460350
-1.458816
-1.457282
-1.455748
-1.454214
-1.452680
-1.451146
-1.449612
-1.448078
-1.446544
-1.445010
-1.443476
-1.441942
-1.440408
-1.438874
-1.437340
-1.435806
-1.434272
-1.432738
-1.431204
-1.429670
-1.428136
-1.426602
-1.425068
-1.423534
-1.422000
-1.420466
-1.418932
-1.417398
-1.415864
-1.414330
-1.412796
-1.411262
-1.409728
-1.408194
-1.406660
-1.405126
-1.403592
-1.402058
-1.400524
-1.398990
-1.397456
-1.395923
-1.394389
-1.392855
-1.391321
-1.389787
-1.388253
-1.386719
-1.385185
-1.383651
-1.382117
-1.380583
-1.379049
-1.377515
-1.375981
-1.374447
1.768680
1.770214
1.771748
1.773282
1.774816
1.776350
1.777884
1.779418
1.780952
1.782486
1.784020
1.785554
1.787088
1.788622
1.790156
1.791690
1.793224
1.794758
1.796292
1.797825
1.799359
1.800893
1.802427
1.803961
1.805495
1.807029
1.808563
1.810097
1.811631
1.813165
1.814699
1.816233
1.817767
1.819301
1.820835
1.822369
1.823903
1.825437
1.826971
1.828505
1.830039
1.831573
1.833107
1.834641
1.836175
1.837709
1.839243
1.840777
1.842311
1.843845
1.845379
1.846913
1.848447
1.849981
1.851515
1.853049
1.854583
1.856117
1.857651
1.859185
1.860719
1.862253
1.863787
1.865321
1.866855
1.868389
1.869923
1.871457
1.872991
1.874525
1.876059
1.877592
1.879126
1.880660
1.882194
1.883728
1.885262
1.886796
1.888330
1.889864
1.891398
1.892932
1.894466
1.896000
1.897534
1.899068
1.900602
1.902136
1.903670
1.905204
1.906738
1.908272
1.909806
1.911340
1.912874
1.914408
1.915942
1.917476
1.919010
1.920544
1.922078
1.923612
1.925146
1.926680
1.928214
1.929748
1.931282
1.932816
1.934350
1.935884
1.937418
1.938952
1.940486
1.942020
1.943554
1.945088
1.946622
1.948156
1.949690
1.951224
1.952758
1.954292
1.955826
1.957359
1.958893
1.960427
1.961961
1.963495
1.965029
1.966563
1.968097
1.969631
1.971165
1.972699
1.974233
1.975767
1.977301
1.978835
1.980369
1.981903
1.983437
1.984971
1.986505
1.988039
1.989573
1.991107
1.992641
1.994175
1.995709
1.997243
1.998777
2.000311
2.001845
2.003379
2.004913
2.006447
2.007981
2.009515
2.011049
2.012583
2.014117
2.015651
2.017185
2.018719
2.020253
2.021787
2.023321
2.024855
2.026389
2.027923
2.029457
2.030991
2.032525
2.034059
2.035593
2.037126
2.038660
2.040194
2.041728
2.043262
2.044796
2.046330
2.047864
2.049398
2.050932
2.052466
2.054000
2.055534
2.057068
2.058602
2.060136
2.061670
2.063204
2.064738
2.066272
2.067806
2.069340
2.070874
2.072408
2.073942
2.075476
2.077010
2.078544
2.080078
2.081612
2.083146
2.084680
2.086214
2.087748
2.089282
2.090816
2.092350
2.093884
2.095418
2.096952
2.098486
2.100020
2.101554
2.103088
2.104622
2.106156
2.107690
2.109224
2.110758
2.112292
2.113826
2.115360
2.116893
2.118427
2.119961
2.121495
2.123029
2.124563
2.126097
2.127631
2.129165
2.130699
2.132233
2.133767
2.135301
2.136835
2.138369
2.139903
2.141437
2.142971
2.144505
2.146039
2.147573
2.149107
2.150641
2.152175
2.153709
2.155243
2.156777
2.158311
2.159845
2.161379
2.162913
2.164447
2.165981
2.167515
2.169049
2.170583
2.172117
2.173651
2.175185
2.176719
2.178253
2.179787
2.181321
2.182855
2.184389
2.185923
2.187457
2.188991
2.190525
2.192059
2.193593
2.195127
2.196660
2.198194
2.199728
2.201262
2.202796
2.204330
2.205864
2.207398
2.208932
2.210466
2.212000
2.213534
2.215068
2.216602
2.218136
2.219670
2.221204
2.222738
2.224272
2.225806
2.227340
2.228874
2.230408
2.231942
2.233476
2.235010
2.236544
2.238078
2.239612
2.241146
2.242680
2.244214
2.245748
2.247282
2.248816
2.250350
2.251884
2.253418
2.254952
2.256486
2.258020
2.259554
2.261088
2.262622
2.264156
2.265690
2.267224
2.268758
2.270292
2.271826
2.273360
2.274894
2.276427
2.277961
2.279495
2.281029
2.282563
2.284097
2.285631
2.287165
2.288699
2.290233
2.291767
2.293301
2.294835
2.296369
2.297903
2.299437
2.300971
2.302505
2.304039
2.305573
2.307107
2.308641
2.310175
2.311709
2.313243
2.314777
2.316311
2.317845
2.319379
2.320913
2.322447
2.323981
2.325515
2.327049
2.328583
2.330117
2.331651
2.333185
2.334719
2.336253
2.337787
2.339321
2.340855
2.342389
2.343923
2.345457
2.346991
2.348525
2.350059
2.351593
2.353127
2.354661
2.356194
2.357728
2.359262
2.360796
2.362330
2.363864
2.365398
2.366932
2.368466
2.370000
2.371534
2.373068
2.374602
2.376136
2.377670
2.379204
2.380738
2.382272
2.383806
2.385340
2.386874
2.388408
2.389942
2.391476
2.393010
2.394544
2.396078
2.397612
2.399146
2.400680
2.402214
2.403748
2.405282
2.406816
2.408350
2.409884
2.411418
2.412952
2.414486
2.416020
2.417554
2.419088
2.420622
2.422156
2.423690
2.425224
2.426758
2.428292
2.429826
2.431360
2.432894
2.434428
2.435961
2.437495
2.439029
2.440563
2.442097
2.443631
2.445165
2.446699
2.448233
2.449767
2.451301
2.452835
2.454369
2.455903
2.457437
2.458971
2.460505
2.462039
2.463573
2.465107
2.466641
2.468175
2.469709
2.471243
2.472777
2.474311
2.475845
2.477379
2.478913
2.480447
2.481981
2.483515
2.485049
2.486583
2.488117
2.489651
2.491185
2.492719
2.494253
2.495787
2.497321
2.498855
2.500389
2.501923
2.503457
2.504991
2.506525
2.508059
2.509593
2.511127
2.512661
2.514195
2.515728
2.517262
2.518796
2.520330
2.521864
2.523398
2.524932
2.526466
2.528000
2.529534
2.531068
2.532602
2.534136
2.535670
2.537204
2.538738
2.540272
2.541806
2.543340
2.544874
2.546408
2.547942
2.549476
2.551010
2.552544
2.554078
2.555612
2.557146
2.558680
2.560214
2.561748
2.563282
2.564816
2.566350
2.567884
2.569418
2.570952
2.572486
2.574020
2.575554
2.577088
2.578622
2.580156
2.581690
2.583224
2.584758
2.586292
2.587826
2.589360
2.590894
2.592428
2.593962
2.595495
2.597029
2.598563
2.600097
2.601631
2.603165
2.604699
2.606233
2.607767
2.609301
2.610835
2.612369
2.613903
2.615437
2.616971
2.618505
2.620039
2.621573
2.623107
2.624641
2.626175
2.627709
2.629243
2.630777
2.632311
2.633845
2.635379
2.636913
2.638447
2.639981
2.641515
2.643049
2.644583
2.646117
2.647651
2.649185
2.650719
2.652253
2.653787
2.655321
2.656855
2.658389
2.659923
2.661457
2.662991
2.664525
2.666059
2.667593
2.669127
2.670661
2.672195
2.673729
2.675262
2.676796
2.678330
2.679864
2.681398
2.682932
2.684466
2.686000
2.687534
2.689068
2.690602
2.692136
2.693670
2.695204
2.696738
2.698272
2.699806
2.701340
2.702874
2.704408
2.705942
2.707476
2.709010
2.710544
2.712078
2.713612
2.715146
2.716680
2.718214
2.719748
2.721282
2.722816
2.724350
2.725884
2.727418
2.728952
2.730486
2.732020
2.733554
2.735088
2.736622
2.738156
2.739690
2.741224
2.742758
2.744292
2.745826
2.747360
2.748894
2.750428
2.751962
2.753496
2.755029
2.756563
2.758097
2.759631
2.761165
2.762699
2.764233
2.765767
2.767301
2.768835
2.770369
2.771903
2.773437
2.774971
2.776505
2.778039
2.779573
2.781107
2.782641
2.784175
2.785709
2.787243
2.788777
2.790311
2.791845
2.793379
2.794913
2.796447
2.797981
2.799515
2.801049
2.802583
2.804117
2.805651
2.807185
2.808719
2.810253
2.811787
2.813321
2.814855
2.816389
2.817923
2.819457
2.820991
2.822525
2.824059
2.825593
2.827127
2.828661
2.830195
2.831729
2.833263
2.834796
2.836330
2.837864
2.839398
2.840932
2.842466
2.844000
2.845534
2.847068
2.848602
2.850136
2.851670
2.853204
2.854738
2.856272
2.857806
2.859340
2.860874
2.862408
2.863942
2.865476
2.867010
2.868544
2.870078
2.871612
2.873146
2.874680
2.876214
2.877748
2.879282
2.880816
2.882350
2.883884
2.885418
2.886952
2.888486
2.890020
2.891554
2.893088
2.894622
2.896156
2.897690
2.899224
2.900758
2.902292
2.903826
2.905360
2.906894
2.908428
2.909962
2.911496
2.913030
2.914563
2.916097
2.917631
2.919165
2.920699
2.922233
2.923767
2.925301
2.926835
2.928369
2.929903
2.931437
2.932971
2.934505
2.936039
2.937573
2.939107
2.940641
2.942175
2.943709
2.945243
2.946777
2.948311
2.949845
2.951379
2.952913
2.954447
2.955981
2.957515
2.959049
2.960583
2.962117
2.963651
2.965185
2.966719
2.968253
2.969787
2.971321
2.972855
2.974389
2.975923
2.977457
2.978991
2.980525
2.982059
2.983593
2.985127
2.986661
2.988195
2.989729
2.991263
2.992797
2.994330
2.995864
2.997398
2.998932
3.000466
3.002000
3.003534
3.005068
3.006602
3.008136
3.009670
3.011204
3.012738
3.014272
3.015806
3.017340
3.018874
3.020408
3.021942
3.023476
3.025010
3.026544
3.028078
3.029612
3.031146
3.032680
3.034214
3.035748
3.037282
3.038816
3.040350
3.041884
3.043418
3.044952
3.046486
3.048020
3.049554
3.051088
3.052622
3.054156
3.055690
3.057224
3.058758
3.060292
3.061826
3.063360
3.064894
3.066428
3.067962
3.069496
3.071030
3.072564
3.074097
3.075631
3.077165
3.078699
3.080233
3.081767
3.083301
3.084835
3.086369
3.087903
3.089437
3.090971
3.092505
3.094039
3.095573
3.097107
3.098641
3.100175
3.101709
3.103243
3.104777
3.106311
3.107845
3.109379
3.110913
3.112447
3.113981
3.115515
3.117049
3.118583
3.120117
3.121651
3.123185
3.124719
3.126253
3.127787
3.129321
3.130855
3.132389
3.133923
3.135457
3.136991
3.138525
3.140059
3.141593
-3.140059
-3.138525
-3.136991
-3.135457
-3.133923
-3.132389
-3.130855
-3.129321
-3.127787
-3.126253
-3.124719
-3.123185
-3.121651
-3.120117
-3.118583
-3.117049
-3.115515
-3.113981
-3.112447
-3.110913
-3.109379
-3.107845
-3.106311
-3.104777
-3.103243
-3.101709
-3.100175
-3.098641
-3.097107
-3.095573
-3.094039
-3.092505
-3.090971
-3.089437
-3.087903
-3.086369
-3.084835
-3.083301
-3.081767
-3.080233
-3.078699
-3.077165
-3.075631
-3.074097
-3.072564
-3.071030
-3.069496
-3.067962
-3.066428
-3.064894
-3.063360
-3.061826
-3.060292
-3.058758
-3.057224
-3.055690
-3.054156
-3.052622
-3.051088
-3.049554
-3.048020
-3.046486
-3.044952
-3.043418
-3.041884
-3.040350
-3.038816
-3.037282
-3.035748
-3.034214
-3.032680
-3.031146
-3.029612
-3.028078
-3.026544
-3.025010
-3.023476
-3.021942
-3.020408
-3.018874
-3.017340
-3.015806
-3.014272
-3.012738
-3.011204
-3.009670
-3.008136
-3.006602
-3.005068
-3.003534
-3.002000
-3.000466
-2.998932
-2.997398
-2.995864
-2.994330
-2.992797
-2.991263
-2.989729
-2.988195
-2.986661
-2.985127
-2.983593
-2.982059
-2.980525
-2.978991
-2.977457
-2.975923
-2.974389
-2.972855
-2.971321
-2.969787
-2.968253
-2.966719
-2.965185
-2.963651
-2.962117
-2.960583
-2.959049
-2.957515
-2.955981
-2.954447
-2.952913
-2.951379
-2.949845
-2.948311
-2.946777
-2.945243
-2.943709
-2.942175
-2.940641
-2.939107
-2.937573
-2.936039
-2.934505
-2.932971
-2.931437
-2.929903
-2.928369
-2.926835
-2.925301
-2.923767
-2.922233
-2.920699
-2.919165
-2.917631
-2.916097
-2.914563
-2.913030
-2.911496
-2.909962
-2.908428
-2.906894
-2.905360
-2.903826
-2.902292
-2.900758
-2.899224
-2.897690
-2.896156
-2.894622
-2.893088
-2.891554
-2.890020
-2.888486
-2.886952
-2.885418
-2.883884
-2.882350
-2.880816
-2.879282
-2.877748
-2.876214
-2.874680
-2.873146
-2.871612
-2.870078
-2.868544
-2.867010
-2.865476
-2.863942
-2.862408
-2.860874
-2.859340
-2.857806
-2.856272
-2.854738
-2.853204
-2.851670
-2.850136
-2.848602
-2.847068
-2.845534
-2.844000
-2.842466
-2.840932
-2.839398
-2.837864
-2.836330
-2.834796
-2.833263
-2.831729
-2.830195
-2.828661
-2.827127
-2.825593
-2.824059
-2.822525
-2.820991
-2.819457
-2.817923
-2.816389
-2.814855
-2.813321
-2.811787
-2.810253
-2.808719
-2.807185
-2.805651
-2.804117
-2.802583
-2.801049
-2.799515
-2.797981
-2.796447
-2.794913
-2.793379
-2.791845
-2.790311
-2.788777
-2.787243
-2.785709
-2.784175
-2.782641
-2.781107
-2.779573
-2.778039
-2.776505
-2.774971
-2.773437
-2.771903
-2.770369
-2.768835
-2.767301
-2.765767
-2.764233
-2.762699
-2.761165
-2.759631
-2.758097
-2.756563
-2.755029
-2.753496
-2.751962
-2.750428
-2.748894
-2.747360
-2.745826
-2.744292
-2.742758
-2.741224
-2.739690
-2.738156
-2.736622
-2.735088
-2.733554
-2.732020
-2.730486
-2.728952
-2.727418
-2.725884
-2.724350
-2.722816
-2.721282
-2.719748
-2.718214
-2.716680
-2.715146
-2.713612
-2.712078
-2.710544
-2.709010
-2.707476
-2.705942
-2.704408
-2.702874
-2.701340
-2.699806
-2.698272
-2.696738
-2.695204
-2.693670
-2.692136
-2.690602
-2.689068
-2.687534
-2.686000
-2.684466
-2.682932
-2.681398
-2.679864
-2.678330
-2.676796
-2.675262
-2.673729
-2.672195
-2.670661
-2.669127
-2.667593
-2.666059
-2.664525
-2.662991
-2.661457
-2.659923
-2.658389
-2.656855
-2.655321
-2.653787
-2.652253
-2.650719
-2.649185
-2.647651
-2.646117
-2.644583
-2.643049
-2.641515
-2.639981
-2.638447
-2.636913
-2.635379
-2.633845
-2.632311
-2.630777
-2.629243
-2.627709
-2.626175
-2.624641
-2.623107
-2.621573
-2.620039
-2.618505
-2.616971
-2.615437
-2.613903
-2.612369
-2.610835
-2.609301
-2.607767
-2.606233
-2.604699
-2.603165
-2.601631
-2.600097
-2.598563
-2.597029
-2.595495
-2.593962
-2.592428
-2.590894
-2.589360
-2.587826
-2.586292
-2.584758
-2.583224
-2.581690
-2.580156
-2.578622
-2.577088
-2.575554
-2.574020
-2.572486
-2.570952
-2.569418
-2.567884
-2.566350
-2.564816
-2.563282
-2.561748
-2.560214
-2.558680
-2.557146
-2.555612
-2.554078
-2.552544
-2.551010
-2.549476
-2.547942
-2.546408
-2.544874
-2.543340
-2.541806
-2.540272
-2.538738
-2.537204
-2.535670
-2.534136
-2.532602
-2.531068
-2.529534
-2.528000
-2.526466
-2.524932
-2.523398
-2.521864
-2.520330
-2.518796
-2.517262
-2.515728
-2.514195
-2.512661
-2.511127
-2.509593
-2.508059
-2.506525
-2.504991
-2.503457
-2.501923
-2.500389
-2.498855
-2.497321
-2.495787
-2.494253
-2.492719
-2.491185
-2.489651
-2.488117
-2.486583
-2.485049
-2.483515
-2.481981
-2.480447
-2.478913
-2.477379
-2.475845
-2.474311
-2.472777
-2.471243
-2.469709
-2.468175
-2.466641
-2.465107
-2.463573
-2.462039
-2.460505
-2.458971
-2.457437
-2.455903
-2.454369
-2.452835
-2.451301
-2.449767
-2.448233
-2.446699
-2.445165
-2.443631
-2.442097
-2.440563
-2.439029
-2.437495
-2.435961
-2.434428
-2.432894
-2.431360
-2.429826
-2.428292
-2.426758
-2.425224
-2.423690
-2.422156
-2.420622
-2.419088
-2.417554
-2.416020
-2.414486
-2.412952
-2.411418
-2.409884
-2.408350
-2.406816
-2.405282
-2.403748
-2.402214
-2.400680
-2.399146
-2.397612
-2.396078
-2.394544
-2.393010
-2.391476
-2.389942
-2.388408
-2.386874
-2.385340
-2.383806
-2.382272
-2.380738
-2.379204
-2.377670
-2.376136
-2.374602
-2.373068
-2.371534
-2.370000
-2.368466
-2.366932
-2.365398
-2.363864
-2.362330
-2.360796
-2.359262
-2.357728
-2.356194
-2.354661
-2.353127
-2.351593
-2.350059
-2.348525
-2.346991
-2.345457
-2.343923
-2.342389
-2.340855
-2.339321
-2.337787
-2.336253
-2.334719
-2.333185
-2.331651
-2.330117
-2.328583
-2.327049
-2.325515
-2.323981
-2.322447
-2.320913
-2.319379
-2.317845
-2.316311
-2.314777
-2.313243
-2.311709
-2.310175
-2.308641
-2.307107
-2.305573
-2.304039
-2.302505
-2.300971
-2.299437
-2.297903
-2.296369
-2.294835
-2.293301
-2.291767
-2.290233
-2.288699
-2.287165
-2.285631
-2.284097
-2.282563
-2.281029
-2.279495
-2.277961
-2.276427
-2.274894
-2.273360
-2.271826
-2.270292
-2.268758
-2.267224
-2.265690
-2.264156
-2.262622
-2.261088
-2.259554
-2.258020
-2.256486
-2.254952
-2.253418
-2.251884
-2.250350
-2.248816
-2.247282
-2.245748
-2.244214
-2.242680
-2.241146
-2.239612
-2.238078
-2.236544
-2.235010
-2.233476
-2.231942
-2.230408
-2.228874
-2.227340
-2.225806
-2.224272
-2.222738
-2.221204
-2.219670
-2.218136
-2.216602
-2.215068
-2.213534
-2.212000
-2.210466
-2.208932
-2.207398
-2.205864
-2.204330
-2.202796
-2.201262
-2.199728
-2.198194
-2.196660
-2.195127
-2.193593
-2.192059
-2.190525
-2.188991
-2.187457
-2.185923
-2.184389
-2.182855
-2.181321
-2.179787
-2.178253
-2.176719
-2.175185
-2.173651
-2.172117
-2.170583
-2.169049
-2.167515
-2.165981
-2.164447
-2.162913
-2.161379
-2.159845
-2.158311
-2.156777
-2.155243
-2.153709
-2.152175
-2.150641
-2.149107
-2.147573
-2.146039
-2.144505
-2.142971
-2.141437
-2.139903
-2.138369
-2.136835
-2.135301
-2.133767
-2.132233
-2.130699
-2.129165
-2.127631
-2.126097
-2.124563
-2.123029
-2.121495
-2.119961
-2.118427
-2.116893
-2.115360
-2.113826
-2.112292
-2.110758
-2.109224
-2.107690
-2.106156
-2.104622
-2.103088
-2.101554
-2.100020
-2.098486
-2.096952
-2.095418
-2.093884
-2.092350
-2.090816
-2.089282
-2.087748
-2.086214
-2.084680
-2.083146
-2.081612
-2.080078
-2.078544
-2.077010
-2.075476
-2.073942
-2.072408
-2.070874
-2.069340
-2.067806
-2.066272
-2.064738
-2.063204
-2.061670
-2.060136
-2.058602
-2.057068
-2.055534
-2.054000
-2.052466
-2.050932
-2.049398
-2.047864
-2.046330
-2.044796
-2.043262
-2.041728
-2.040194
-2.038660
-2.037126
-2.035593
-2.034059
-2.032525
-2.030991
-2.029457
-2.027923
-2.026389
-2.024855
-2.023321
-2.021787
-2.020253
-2.018719
-2.017185
-2.015651
-2.014117
-2.012583
-2.011049
-2.009515
-2.007981
-2.006447
-2.004913
-2.003379
-2.001845
-2.000311
-1.998777
-1.997243
-1.995709
-1.994175
-1.992641
-1.991107
-1.989573
-1.988039
-1.986505
-1.984971
-1.983437
-1.981903
-1.980369
-1.978835
-1.977301
-1.975767
-1.974233
-1.972699
-1.971165
-1.969631
-1.968097
-1.966563
-1.965029
-1.963495
-1.961961
-1.960427
-1.958893
-1.957359
-1.955826
-1.954292
-1.952758
-1.951224
-1.949690
-1.948156
-1.946622
-1.945088
-1.943554
-1.942020
-1.940486
-1.938952
-1.937418
-1.935884
-1.934350
-1.932816
-1.931282
-1.929748
-1.928214
-1.926680
-1.925146
-1.923612
-1.922078
-1.920544
-1.919010
-1.917476
-1.915942
-1.914408
-1.912874
-1.911340
-1.909806
-1.908272
-1.906738
-1.905204
-1.903670
-1.902136
-1.900602
-1.899068
-1.897534
-1.896000
-1.894466
-1.892932
-1.891398
-1.889864
-1.888330
-1.886796
-1.885262
-1.883728
-1.882194
-1.880660
-1.879126
-1.877592
-1.876059
-1.874525
-1.872991
-1.871457
-1.869923
-1.868389
-1.866855
-1.865321
-1.863787
-1.862253
-1.860719
-1.859185
-1.857651
-1.856117
-1.854583
-1.853049
-1.851515
-1.849981
-1.848447
-1.846913
-1.845379
-1.843845
-1.842311
-1.840777
-1.839243
-1.837709
-1.836175
-1.834641
-1.833107
-1.831573
-1.830039
-1.828505
-1.826971
-1.825437
-1.823903
-1.822369
-1.820835
-1.819301
-1.817767
-1.816233
-1.814699
-1.813165
-1.811631
-1.810097
-1.808563
-1.807029
-1.805495
-1.803961
-1.802427
-1.800893
-1.799359
-1.797825
-1.796292
-1.794758
-1.793224
-1.791690
-1.790156
-1.788622
-1.787088
-1.785554
-1.784020
-1.782486
-1.780952
-1.779418
-1.777884
-1.776350
-1.774816
-1.773282
-1.771748
-1.770214
-1.768680
1.374447
1.375981
1.377515
1.379049
1.380583
1.382117
1.383651
1.385185
1.386719
1.388253
1.389787
1.391321
1.392855
1.394389
1.395923
1.397456
1.398990
1.400524
1.402058
1.403592
1.405126
1.406660
1.408194
1.409728
1.411262
1.412796
1.414330
1.415864
1.417398
1.418932
1.420466
1.422000
1.423534
1.425068
1.426602
1.428136
1.429670
1.431204
1.432738
1.434272
1.435806
1.437340
1.438874
1.440408
1.441942
1.443476
1.445010
1.446544
1.448078
1.449612
1.451146
1.452680
1.454214
1.455748
1.457282
1.458816
1.460350
1.461884
1.463418
1.464952
1.466486
1.468020
1.469554
1.471088
1.472622
1.474156
1.475690
1.477223
1.478757
1.480291
1.481825
1.483359
1.484893
1.486427
1.487961
1.489495
1.491029
1.492563
1.494097
1.495631
1.497165
1.498699
1.500233
1.501767
1.503301
1.504835
1.506369
1.507903
1.509437
1.510971
1.512505
1.514039
1.515573
1.517107
1.518641
1.520175
1.521709
1.523243
1.524777
1.526311
1.527845
1.529379
1.530913
1.532447
1.533981
1.535515
1.537049
1.538583
1.540117
1.541651
1.543185
1.544719
1.546253
1.547787
1.549321
1.550855
1.552389
1.553923
1.555457
1.556990
1.558524
1.560058
1.561592
1.563126
1.564660
1.566194
1.567728
1.569262
