0.000000
0.008250
0.015964
0.023603
0.031202
0.038323
0.045676
0.054020
0.062435
0.070039
0.077540
0.085257
0.093314
0.101236
0.108572
0.117735
0.125331
0.132740
0.140958
0.149905
0.158294
0.166024
0.175101
0.183543
0.191932
0.200553
0.209214
0.218103
0.226489
0.235608
0.244959
0.253670
0.263615
0.272878
0.282528
0.291238
0.301183
0.311643
0.321548
0.331744
0.341800
0.352623
0.362867
0.373794
0.385184
0.395974
0.406858
0.418963
0.430678
0.442972
0.455104
0.467539
0.479747
0.492935
0.506307
0.519685
0.533582
0.548048
0.562823
0.578079
0.593067
0.609063
0.625106
0.642020
0.658115
0.676758
0.693226
0.712644
0.731005
0.750111
0.770810
0.792495
0.813979
0.835649
0.857626
0.882011
0.905928
0.931548
0.958390
0.986070
1.013631
1.043842
1.074036
1.106365
1.139926
1.174416
1.211185
1.248996
1.288820
1.330308
1.374386
1.421286
1.470392
1.521828
1.576308
1.634711
1.695762
1.761275
1.829531
1.904313
1.982846
2.067627
2.159641
2.258196
2.365072
2.479899
2.606374
2.743668
2.895811
3.063135
3.248665
3.456745
3.690120
3.954105
4.255805
4.602916
5.007594
5.484945
6.058348
6.756474
7.628289
8.746392
10.233712
12.307183
15.401526
20.516312
30.588255
59.619888
1017.151356
68.117923
33.090278
21.910490
16.408376
13.135405
10.964676
9.418878
8.263287
7.365607
6.648398
6.061958
5.574613
5.161096
4.806497
4.500981
4.232856
3.996154
3.786507
3.598424
3.430050
3.275419
3.136362
3.008853
2.892765
2.785084
2.686403
2.595111
2.509588
2.430042
2.354713
2.286076
2.220683
2.159745
2.102494
2.047654
1.996766
1.948465
1.902068
1.858628
1.816924
1.777182
1.738979
1.703197
1.669102
1.636151
1.604605
1.574212
1.545073
1.517342
1.490504
1.465049
1.440542
1.416798
1.393863
1.372226
1.351205
1.329743
1.309738
1.290974
1.272399
1.253990
1.237192
1.220794
1.203653
1.187835
1.172338
1.157339
1.142499
1.128134
1.114304
1.101202
1.088611
1.075876
1.063611
1.051822
1.039473
1.027711
1.016881
1.005882
0.995767
0.985736
0.975966
0.965164
0.956244
0.945985
0.937576
0.928491
0.920206
0.911248
0.902307
0.894057
0.886513
0.877637
0.870312
0.862973
0.855882
0.849188
0.841137
0.833746
0.827041
0.820183
0.813582
0.807602
0.800883
0.794683
0.788221
0.782732
0.776502
0.770700
0.764267
0.759951
0.752983
0.748243
0.741813
0.737745
0.731654
0.725720
0.722215
0.717126
0.712166
0.707869
0.702544
0.698076
0.694061
0.689096
0.684522
0.680718
0.676474
0.671426
0.667273
0.663031
0.659733
0.655747
0.651388
0.647812
0.643981
0.640175
0.636203
0.632537
0.628797
0.625662
0.621757
0.618685
0.614346
0.611819
0.607755
0.605127
0.601528
0.598212
0.595720
0.591826
0.589303
0.585866
0.582908
0.580457
0.576914
0.573697
0.571778
0.567657
0.566737
0.562429
0.560090
0.558070
0.554893
0.551728
0.549405
0.546226
0.544563
0.541810
0.539355
0.536099
0.534328
0.532223
0.529384
0.526692
0.524635
0.522403
0.520375
0.517339
0.515441
0.513723
0.510674
0.508545
0.506715
0.504737
0.502390
0.500252
0.498713
0.496154
0.493659
0.491941
0.489773
0.488358
0.486742
0.484365
0.483109
0.480219
0.478818
0.476209
0.474812
0.472273
0.470591
0.470163
0.468050
0.465448
0.463372
0.462365
0.460672
0.458999
0.457369
0.455996
0.453474
0.453006
0.450609
0.449319
0.447404
0.445781
0.444089
0.441797
0.441410
0.438757
0.437817
0.435741
0.434672
0.433119
0.432062
0.430375
0.429172
0.427963
0.426393
0.424915
0.422750
0.422166
0.420404
0.419033
0.417581
0.415773
0.415460
0.413917
0.412203
0.411599
0.409718
0.409758
0.407115
0.406457
0.405469
0.404576
0.402514
0.401389
0.399999
0.399006
0.397527
0.396097
0.395185
0.394281
0.399972
0.391733
0.390307
0.389791
0.387963
0.387098
0.385779
0.385384
0.384563
0.383225
0.381790
0.380557
0.379994
0.378975
0.377329
0.376745
0.376217
0.374940
0.374059
0.372302
0.371432
0.370192
0.370134
0.368509
0.367303
0.366737
0.365911
0.365198
0.363952
0.362722
0.361452
0.360360
0.359966
0.358193
0.358604
0.356698
0.356046
0.355644
0.354863
0.353502
0.352546
0.352043
0.350970
0.350231
0.349187
0.348446
0.347150
0.347059
0.345610
0.345319
0.344420
0.342889
0.342530
0.341880
0.341430
0.340309
0.339443
0.338537
0.338653
0.337199
0.336464
0.335482
0.334939
0.334855
0.333900
0.332112
0.332330
0.330834
0.330538
0.328911
0.328120
0.327611
0.327805
0.326008
0.326460
0.324702
0.324050
0.323695
0.323673
0.322676
0.321383
0.321277
0.320699
0.319500
0.319627
0.318837
0.317948
0.317217
0.315934
0.316014
0.314586
0.314604
0.313004
0.313368
0.312679
0.312684
0.311403
0.310426
0.310526
0.309512
0.309106
0.308682
0.307654
0.307334
0.306380
0.305736
0.306131
0.304684
0.303371
0.303757
0.303158
0.301953
0.301498
0.301396
0.300908
0.301222
0.299848
0.299056
0.297998
0.298228
0.297189
0.296529
0.296508
0.295443
0.295685
0.294245
0.294544
0.293378
0.293469
0.292502
0.292044
0.291592
0.290771
0.290745
0.289859
0.289110
0.288728
0.288375
0.287358
0.286909
0.287560
0.286926
0.286157
0.285349
0.284817
0.284435
0.283874
0.284477
0.282930
0.282719
0.282708
0.281370
0.280641
0.281346
0.280252
0.279598
0.280216
0.279533
0.278490
0.278133
0.277477
0.277099
0.276816
0.275126
0.275826
0.275144
0.274977
0.274288
0.274155
0.274054
0.273174
0.273304
0.272364
0.271805
0.271572
0.271156
0.270512
0.270332
0.270749
0.269130
0.268587
0.269032
0.268412
0.267671
0.267704
0.267176
0.267111
0.266004
0.266116
0.265017
0.264772
0.265016
0.264442
0.264016
0.263726
0.263155
0.262862
0.262998
0.261850
0.262048
0.261565
0.260833
0.261315
0.260907
0.259636
0.259375
0.259806
0.259832
0.259200
0.258615
0.258156
0.257982
0.257017
0.257082
0.256821
0.256533
0.256401
0.254943
0.254727
0.254757
0.253913
0.253835
0.253754
0.253910
0.253524
0.252631
0.252807
0.252125
0.252520
0.252094
0.251807
0.250577
0.250759
0.250438
0.251031
0.250016
0.249898
0.249420
0.248891
0.247928
0.248531
0.247148
0.248116
0.246711
0.246731
0.246566
0.246993
0.246304
0.245985
0.244842
0.245855
0.245649
0.245051
0.244139
0.244095
0.244301
0.248429
0.243534
0.243081
0.242632
0.242681
0.241897
0.241426
0.241247
0.241398
0.240315
0.240763
0.240698
0.240467
0.240537
0.239377
0.239538
0.238690
0.238636
0.239036
0.238123
0.238724
0.238523
0.238038
0.238118
0.237270
0.237839
0.235903
0.236706
0.236288
0.236340
0.235767
0.235016
0.235559
0.234873
0.234378
0.234645
0.234014
0.234367
0.234559
0.233378
0.233137
0.233255
0.233130
0.232950
0.232406
0.232203
0.232075
0.231957
0.232017
0.231936
0.231333
0.230855
0.231021
0.230428
0.230453
0.230548
0.229092
0.229586
0.229272
0.228981
0.228688
0.228791
0.228621
0.229260
0.228701
0.227601
0.228485
0.227418
0.227867
0.226658
0.226712
0.226777
0.226357
0.225855
0.226453
0.226056
0.225988
0.225358
0.226134
0.225733
0.225075
0.224918
0.224276
0.224402
0.225101
0.224275
0.224492
0.223020
0.223566
0.223962
0.223486
0.223518
0.223368
0.222550
0.222516
0.221751
0.222168
0.222034
0.221942
0.221479
0.221187
0.221376
0.221308
0.221327
0.220434
0.220227
0.219861
0.220200
0.220297
0.220221
0.219313
0.219652
0.219687
0.219414
0.219640
0.219058
0.218341
0.219357
0.218143
0.217298
0.218495
0.218264
0.218160
0.217692
0.218000
0.217380
0.217317
0.216838
0.217319
0.216496
0.216653
0.216956
0.216299
0.215800
0.216379
0.216559
0.215738
0.216595
0.215315
0.215189
0.214855
0.214741
0.214746
0.214802
0.214969
0.213568
0.214606
0.213931
0.213917
0.213494
0.214104
0.213923
0.213334
0.213014
0.212947
0.212810
0.213037
0.212889
0.212994
0.212478
0.212202
0.212924
0.211906
0.212437
0.211858
0.211341
0.211989
0.212231
0.211029
0.210443
0.211405
0.210447
0.211227
0.210650
0.210049
0.210919
0.210672
0.210433
0.209827
0.209352
0.210637
0.210413
0.209676
0.209930
0.209497
0.208885
0.209027
0.208987
0.208521
0.209200
0.208523
0.208226
0.208914
0.208100
0.208816
0.208407
0.208111
0.208066
0.208193
0.208099
0.207679
0.207867
0.207533
0.207521
0.206979
0.206869
0.206963
0.207385
0.207836
0.206497
0.207016
0.206650
0.205578
0.206396
0.206437
0.206112
0.206051
0.206064
0.206117
0.206781
0.205680
0.206193
0.205710
0.205115
0.205857
0.206651
0.205253
0.205313
0.204944
0.205557
0.204818
0.205505
0.204471
0.204433
0.204021
0.203860
0.203987
0.204337
0.204684
0.204975
0.203676
0.204250
0.204608
0.204730
0.203832
0.203306
0.203412
0.203996
0.204058
0.203832
0.203491
0.203819
0.203416
0.203222
0.203008
0.202916
0.207046
0.203143
0.203590
0.203575
0.203312
0.202806
0.202344
0.202669
0.202602
0.202817
0.202435
0.202962
0.202083
0.202793
0.202225
0.202742
0.201633
0.201291
0.202849
0.201960
0.201830
0.201885
0.202573
0.201499
0.201615
0.201693
0.201488
0.202140
0.201864
0.201226
0.201306
0.201806
0.201676
0.201779
0.201450
0.200817
0.201667
0.201696
0.200412
0.200457
0.201710
0.200704
0.200684
0.201198
0.201095
0.200698
0.200358
0.201134
0.200712
0.200638
0.200222
0.200875
0.200525
0.199977
0.199820
0.200257
0.200310
0.200864
0.199502
0.200108
0.200081
0.199987
0.200434
0.199746
0.200571
0.200148
0.199952
0.199639
0.200195
0.200444
0.199874
0.199979
0.199856
0.199596
0.200361
0.199004
0.199475
0.199696
0.199301
0.199300
0.199548
0.199657
0.199650
0.199374
0.199131
0.198782
0.199160
0.199521
0.199545
0.199622
0.199248
0.199509
0.199279
0.199378
0.199254
0.198968
0.199601
0.198644
0.199686
0.198880
0.199079
0.199828
0.199124
0.199248
0.199454
0.199486
0.199289
0.199679
0.199549
0.199529
0.199266
0.198472
0.198601
0.198293
0.198589
0.198938
0.199199
0.198445
0.198704
0.199167
0.198616
0.199489
0.199117
0.198753
0.198731
0.198941
0.199265
0.198081
0.199588
0.198081
0.199265
0.198941
0.198731
0.198753
0.199117
0.199489
0.198616
0.199167
0.198704
0.198445
0.199199
0.198938
0.198589
0.198293
0.198601
0.198472
0.199266
0.199529
0.199549
0.199679
0.199289
0.199486
0.199454
0.199248
0.199124
0.199828
0.199079
0.198880
0.199686
0.198644
0.199601
0.198968
0.199254
0.199378
0.199279
0.199509
0.199248
0.199622
0.199545
0.199521
0.199160
0.198782
0.199131
0.199374
0.199650
0.199657
0.199548
0.199300
0.199301
0.199696
0.199475
0.199004
0.200361
0.199596
0.199856
0.199979
0.199874
0.200444
0.200195
0.199639
0.199952
0.200148
0.200571
0.199746
0.200434
0.199987
0.200081
0.200108
0.199502
0.200864
0.200310
0.200257
0.199820
0.199977
0.200525
0.200875
0.200222
0.200638
0.200712
0.201134
0.200358
0.200698
0.201095
0.201198
0.200684
0.200704
0.201710
0.200457
0.200412
0.201696
0.201667
0.200817
0.201450
0.201779
0.201676
0.201806
0.201306
0.201226
0.201864
0.202140
0.201488
0.201693
0.201615
0.201499
0.202573
0.201885
0.201830
0.201960
0.202849
0.201291
0.201633
0.202742
0.202225
0.202793
0.202083
0.202962
0.202435
0.202817
0.202602
0.202669
0.202344
0.202806
0.203312
0.203575
0.203590
0.203143
0.207046
0.202916
0.203008
0.203222
0.203416
0.203819
0.203491
0.203832
0.204058
0.203996
0.203412
0.203306
0.203832
0.204730
0.204608
0.204250
0.203676
0.204975
0.204684
0.204337
0.203987
0.203860
0.204021
0.204433
0.204471
0.205505
0.204818
0.205557
0.204944
0.205313
0.205253
0.206651
0.205857
0.205115
0.205710
0.206193
0.205680
0.206781
0.206117
0.206064
0.206051
0.206112
0.206437
0.206396
0.205578
0.206650
0.207016
0.206497
0.207836
0.207385
0.206963
0.206869
0.206979
0.207521
0.207533
0.207867
0.207679
0.208099
0.208193
0.208066
0.208111
0.208407
0.208816
0.208100
0.208914
0.208226
0.208523
0.209200
0.208521
0.208987
0.209027
0.208885
0.209497
0.209930
0.209676
0.210413
0.210637
0.209352
0.209827
0.210433
0.210672
0.210919
0.210049
0.210650
0.211227
0.210447
0.211405
0.210443
0.211029
0.212231
0.211989
0.211341
0.211858
0.212437
0.211906
0.212924
0.212202
0.212478
0.212994
0.212889
0.213037
0.212810
0.212947
0.213014
0.213334
0.213923
0.214104
0.213494
0.213917
0.213931
0.214606
0.213568
0.214969
0.214802
0.214746
0.214741
0.214855
0.215189
0.215315
0.216595
0.215738
0.216559
0.216379
0.215800
0.216299
0.216956
0.216653
0.216496
0.217319
0.216838
0.217317
0.217380
0.218000
0.217692
0.218160
0.218264
0.218495
0.217298
0.218143
0.219357
0.218341
0.219058
0.219640
0.219414
0.219687
0.219652
0.219313
0.220221
0.220297
0.220200
0.219861
0.220227
0.220434
0.221327
0.221308
0.221376
0.221187
0.221479
0.221942
0.222034
0.222168
0.221751
0.222516
0.222550
0.223368
0.223518
0.223486
0.223962
0.223566
0.223020
0.224492
0.224275
0.225101
0.224402
0.224276
0.224918
0.225075
0.225733
0.226134
0.225358
0.225988
0.226056
0.226453
0.225855
0.226357
0.226777
0.226712
0.226658
0.227867
0.227418
0.228485
0.227601
0.228701
0.229260
0.228621
0.228791
0.228688
0.228981
0.229272
0.229586
0.229092
0.230548
0.230453
0.230428
0.231021
0.230855
0.231333
0.231936
0.232017
0.231957
0.232075
0.232203
0.232406
0.232950
0.233130
0.233255
0.233137
0.233378
0.234559
0.234367
0.234014
0.234645
0.234378
0.234873
0.235559
0.235016
0.235767
0.236340
0.236288
0.236706
0.235903
0.237839
0.237270
0.238118
0.238038
0.238523
0.238724
0.238123
0.239036
0.238636
0.238690
0.239538
0.239377
0.240537
0.240467
0.240698
0.240763
0.240315
0.241398
0.241247
0.241426
0.241897
0.242681
0.242632
0.243081
0.243534
0.248429
0.244301
0.244095
0.244139
0.245051
0.245649
0.245855
0.244842
0.245985
0.246304
0.246993
0.246566
0.246731
0.246711
0.248116
0.247148
0.248531
0.247928
0.248891
0.249420
0.249898
0.250016
0.251031
0.250438
0.250759
0.250577
0.251807
0.252094
0.252520
0.252125
0.252807
0.252631
0.253524
0.253910
0.253754
0.253835
0.253913
0.254757
0.254727
0.254943
0.256401
0.256533
0.256821
0.257082
0.257017
0.257982
0.258156
0.258615
0.259200
0.259832
0.259806
0.259375
0.259636
0.260907
0.261315
0.260833
0.261565
0.262048
0.261850
0.262998
0.262862
0.263155
0.263726
0.264016
0.264442
0.265016
0.264772
0.265017
0.266116
0.266004
0.267111
0.267176
0.267704
0.267671
0.268412
0.269032
0.268587
0.269130
0.270749
0.270332
0.270512
0.271156
0.271572
0.271805
0.272364
0.273304
0.273174
0.274054
0.274155
0.274288
0.274977
0.275144
0.275826
0.275126
0.276816
0.277099
0.277477
0.278133
0.278490
0.279533
0.280216
0.279598
0.280252
0.281346
0.280641
0.281370
0.282708
0.282719
0.282930
0.284477
0.283874
0.284435
0.284817
0.285349
0.286157
0.286926
0.287560
0.286909
0.287358
0.288375
0.288728
0.289110
0.289859
0.290745
0.290771
0.291592
0.292044
0.292502
0.293469
0.293378
0.294544
0.294245
0.295685
0.295443
0.296508
0.296529
0.297189
0.298228
0.297998
0.299056
0.299848
0.301222
0.300908
0.301396
0.301498
0.301953
0.303158
0.303757
0.303371
0.304684
0.306131
0.305736
0.306380
0.307334
0.307654
0.308682
0.309106
0.309512
0.310526
0.310426
0.311403
0.312684
0.312679
0.313368
0.313004
0.314604
0.314586
0.316014
0.315934
0.317217
0.317948
0.318837
0.319627
0.319500
0.320699
0.321277
0.321383
0.322676
0.323673
0.323695
0.324050
0.324702
0.326460
0.326008
0.327805
0.327611
0.328120
0.328911
0.330538
0.330834
0.332330
0.332112
0.333900
0.334855
0.334939
0.335482
0.336464
0.337199
0.338653
0.338537
0.339443
0.340309
0.341430
0.341880
0.342530
0.342889
0.344420
0.345319
0.345610
0.347059
0.347150
0.348446
0.349187
0.350231
0.350970
0.352043
0.352546
0.353502
0.354863
0.355644
0.356046
0.356698
0.358604
0.358193
0.359966
0.360360
0.361452
0.362722
0.363952
0.365198
0.365911
0.366737
0.367303
0.368509
0.370134
0.370192
0.371432
0.372302
0.374059
0.374940
0.376217
0.376745
0.377329
0.378975
0.379994
0.380557
0.381790
0.383225
0.384563
0.385384
0.385779
0.387098
0.387963
0.389791
0.390307
0.391733
0.399972
0.394281
0.395185
0.396097
0.397527
0.399006
0.399999
0.401389
0.402514
0.404576
0.405469
0.406457
0.407115
0.409758
0.409718
0.411599
0.412203
0.413917
0.415460
0.415773
0.417581
0.419033
0.420404
0.422166
0.422750
0.424915
0.426393
0.427963
0.429172
0.430375
0.432062
0.433119
0.434672
0.435741
0.437817
0.438757
0.441410
0.441797
0.444089
0.445781
0.447404
0.449319
0.450609
0.453006
0.453474
0.455996
0.457369
0.458999
0.460672
0.462365
0.463372
0.465448
0.468050
0.470163
0.470591
0.472273
0.474812
0.476209
0.478818
0.480219
0.483109
0.484365
0.486742
0.488358
0.489773
0.491941
0.493659
0.496154
0.498713
0.500252
0.502390
0.504737
0.506715
0.508545
0.510674
0.513723
0.515441
0.517339
0.520375
0.522403
0.524635
0.526692
0.529384
0.532223
0.534328
0.536099
0.539355
0.541810
0.544563
0.546226
0.549405
0.551728
0.554893
0.558070
0.560090
0.562429
0.566737
0.567657
0.571778
0.573697
0.576914
0.580457
0.582908
0.585866
0.589303
0.591826
0.595720
0.598212
0.601528
0.605127
0.607755
0.611819
0.614346
0.618685
0.621757
0.625662
0.628797
0.632537
0.636203
0.640175
0.643981
0.647812
0.651388
0.655747
0.659733
0.663031
0.667273
0.671426
0.676474
0.680718
0.684522
0.689096
0.694061
0.698076
0.702544
0.707869
0.712166
0.717126
0.722215
0.725720
0.731654
0.737745
0.741813
0.748243
0.752983
0.759951
0.764267
0.770700
0.776502
0.782732
0.788221
0.794683
0.800883
0.807602
0.813582
0.820183
0.827041
0.833746
0.841137
0.849188
0.855882
0.862973
0.870312
0.877637
0.886513
0.894057
0.902307
0.911248
0.920206
0.928491
0.937576
0.945985
0.956244
0.965164
0.975966
0.985736
0.995767
1.005882
1.016881
1.027711
1.039473
1.051822
1.063611
1.075876
1.088611
1.101202
1.114304
1.128134
1.142499
1.157339
1.172338
1.187835
1.203653
1.220794
1.237192
1.253990
1.272399
1.290974
1.309738
1.329743
1.351205
1.372226
1.393863
1.416798
1.440542
1.465049
1.490504
1.517342
1.545073
1.574212
1.604605
1.636151
1.669102
1.703197
1.738979
1.777182
1.816924
1.858628
1.902068
1.948465
1.996766
2.047654
2.102494
2.159745
2.220683
2.286076
2.354713
2.430042
2.509588
2.595111
2.686403
2.785084
2.892765
3.008853
3.136362
3.275419
3.430050
3.598424
3.786507
3.996154
4.232856
4.500981
4.806497
5.161096
5.574613
6.061958
6.648398
7.365607
8.263287
9.418878
10.964676
13.135405
16.408376
21.910490
33.090278
68.117923
1017.151356
59.619888
30.588255
20.516312
15.401526
12.307183
10.233712
8.746392
7.628289
6.756474
6.058348
5.484945
5.007594
4.602916
4.255805
3.954105
3.690120
3.456745
3.248665
3.063135
2.895811
2.743668
2.606374
2.479899
2.365072
2.258196
2.159641
2.067627
1.982846
1.904313
1.829531
1.761275
1.695762
1.634711
1.576308
1.521828
1.470392
1.421286
1.374386
1.330308
1.288820
1.248996
1.211185
1.174416
1.139926
1.106365
1.074036
1.043842
1.013631
0.986070
0.958390
0.931548
0.905928
0.882011
0.857626
0.835649
0.813979
0.792495
0.770810
0.750111
0.731005
0.712644
0.693226
0.676758
0.658115
0.642020
0.625106
0.609063
0.593067
0.578079
0.562823
0.548048
0.533582
0.519685
0.506307
0.492935
0.479747
0.467539
0.455104
0.442972
0.430678
0.418963
0.406858
0.395974
0.385184
0.373794
0.362867
0.352623
0.341800
0.331744
0.321548
0.311643
0.301183
0.291238
0.282528
0.272878
0.263615
0.253670
0.244959
0.235608
0.226489
0.218103
0.209214
0.200553
0.191932
0.183543
0.175101
0.166024
0.158294
0.149905
0.140958
0.132740
0.125331
0.117735
0.108572
0.101236
0.093314
0.085257
0.077540
0.070039
0.062435
0.054020
0.045676
0.038323
0.031202
0.023603
0.015964
0.008250
