0.000000
-0.008250
-0.015963
-0.023603
-0.031202
-0.038322
-0.045674
-0.054017
-0.062431
-0.070033
-0.077531
-0.085245
-0.093298
-0.101216
-0.108547
-0.117703
-0.125293
-0.132694
-0.140905
-0.149841
-0.158219
-0.165938
-0.175001
-0.183429
-0.191802
-0.200405
-0.209048
-0.217916
-0.226280
-0.235375
-0.244700
-0.253383
-0.263297
-0.272528
-0.282144
-0.290819
-0.300724
-0.311141
-0.321002
-0.331151
-0.341157
-0.351926
-0.362114
-0.372981
-0.384307
-0.395031
-0.405845
-0.417874
-0.429511
-0.441721
-0.453766
-0.466109
-0.478222
-0.491307
-0.504571
-0.517837
-0.531614
-0.545955
-0.560597
-0.575713
-0.590556
-0.606399
-0.622281
-0.639024
-0.654946
-0.673397
-0.689676
-0.708883
-0.727031
-0.745913
-0.766371
-0.787799
-0.809019
-0.830415
-0.852106
-0.876180
-0.899778
-0.925058
-0.951537
-0.978839
-1.006008
-1.035794
-1.065550
-1.097409
-1.130476
-1.164447
-1.200661
-1.237890
-1.277096
-1.317929
-1.361309
-1.407461
-1.455773
-1.506369
-1.559949
-1.617383
-1.677408
-1.741814
-1.808897
-1.882396
-1.959563
-2.042861
-2.133259
-2.230068
-2.335039
-2.447801
-2.571995
-2.706793
-2.856162
-3.020417
-3.202526
-3.406756
-3.635793
-3.894849
-4.190897
-4.531481
-4.928524
-5.396843
-5.959369
-6.644216
-7.499413
-8.596160
-10.055024
-12.088764
-15.123743
-20.140303
-30.018677
-58.492082
-997.607078
66.788593
32.434499
21.469587
16.073149
12.862978
10.733849
9.217634
8.084118
7.203553
6.499988
5.924678
5.446553
5.040843
4.692918
4.393125
4.130007
3.897708
3.691940
3.507324
3.342033
3.190235
3.053701
2.928496
2.814487
2.708730
2.611792
2.522101
2.438074
2.359909
2.285890
2.218414
2.154132
2.094213
2.037908
1.983977
1.933912
1.886386
1.840734
1.797974
1.756923
1.717796
1.680184
1.644936
1.611342
1.578875
1.547786
1.517830
1.489104
1.461756
1.435286
1.410166
1.385977
1.362537
1.339894
1.318512
1.297738
1.276556
1.256788
1.238223
1.219853
1.201656
1.185015
1.168769
1.151824
1.136157
1.120808
1.105947
1.091248
1.077013
1.063300
1.050291
1.037779
1.025139
1.012957
1.001236
0.988991
0.977314
0.966531
0.955596
0.945509
0.935509
0.925763
0.915047
0.906123
0.895937
0.887511
0.878450
0.870154
0.861227
0.852323
0.844080
0.836508
0.827685
0.820333
0.812972
0.805850
0.799108
0.791094
0.783708
0.776971
0.770096
0.763468
0.757428
0.750699
0.744462
0.737984
0.732423
0.726172
0.720326
0.713896
0.709448
0.702527
0.697691
0.691284
0.687082
0.681000
0.675068
0.671401
0.666264
0.661250
0.656856
0.651513
0.646968
0.642847
0.637848
0.633216
0.629300
0.624980
0.619921
0.615694
0.611386
0.607953
0.603889
0.599485
0.595804
0.591892
0.588006
0.583971
0.580221
0.576405
0.573147
0.569186
0.565992
0.561641
0.558950
0.554857
0.552079
0.548417
0.545016
0.542368
0.538447
0.535776
0.532275
0.529214
0.526615
0.523028
0.519739
0.517628
0.513527
0.512324
0.508060
0.505579
0.503386
0.500152
0.496932
0.494473
0.491247
0.489385
0.486546
0.483977
0.480691
0.478740
0.476490
0.473587
0.470816
0.468617
0.466262
0.464091
0.461024
0.458974
0.457085
0.454014
0.451763
0.449780
0.447668
0.445229
0.442979
0.441260
0.438640
0.436080
0.434209
0.431941
0.430339
0.428562
0.426117
0.424659
0.421767
0.420184
0.417544
0.415968
0.413394
0.411572
0.410848
0.408652
0.406031
0.403873
0.402647
0.400825
0.399022
0.397257
0.395718
0.393183
0.392430
0.390008
0.388546
0.386545
0.384798
0.382993
0.380673
0.379995
0.377369
0.376217
0.374091
0.372831
0.371156
0.369909
0.368123
0.366753
0.365378
0.363696
0.362095
0.359910
0.359073
0.357235
0.355731
0.354159
0.352287
0.351683
0.350038
0.348251
0.347403
0.345478
0.345173
0.342609
0.341719
0.340551
0.339464
0.337397
0.336118
0.334618
0.333452
0.331880
0.330352
0.329256
0.328168
0.332565
0.325380
0.323861
0.323099
0.321250
0.320201
0.318778
0.318117
0.317107
0.315670
0.314155
0.312809
0.312014
0.310845
0.309163
0.308353
0.307589
0.306214
0.305163
0.303399
0.302360
0.301020
0.300642
0.298992
0.297683
0.296895
0.295896
0.294990
0.293654
0.292332
0.290980
0.289773
0.289127
0.287376
0.287377
0.285522
0.284672
0.284022
0.283071
0.281658
0.280569
0.279842
0.278661
0.277748
0.276593
0.275680
0.274328
0.273930
0.272460
0.271905
0.270871
0.269342
0.268734
0.267898
0.267220
0.266018
0.265016
0.263984
0.263748
0.262291
0.261395
0.260308
0.259562
0.259172
0.258108
0.256403
0.256246
0.254770
0.254218
0.252644
0.251714
0.251001
0.250826
0.249128
0.249151
0.247487
0.246668
0.246075
0.245736
0.244656
0.243354
0.242951
0.242192
0.240965
0.240739
0.239822
0.238831
0.237961
0.236678
0.236416
0.235027
0.234720
0.233206
0.233156
0.232323
0.232005
0.230734
0.229691
0.229444
0.228374
0.227755
0.227122
0.226046
0.225490
0.224471
0.223680
0.223648
0.222272
0.220995
0.220957
0.220202
0.219008
0.218359
0.217966
0.217294
0.217201
0.215891
0.215002
0.213924
0.213770
0.212708
0.211917
0.211584
0.210506
0.210360
0.209018
0.208912
0.207768
0.207514
0.206513
0.205871
0.205235
0.204341
0.204005
0.203066
0.202225
0.201640
0.201078
0.200052
0.199424
0.199558
0.198801
0.197952
0.197076
0.196393
0.195813
0.195111
0.195208
0.193831
0.193370
0.193046
0.191817
0.191005
0.191168
0.190109
0.189350
0.189452
0.188674
0.187655
0.187099
0.186342
0.185773
0.185268
0.183823
0.183976
0.183206
0.182780
0.182008
0.181605
0.181223
0.180326
0.180096
0.179163
0.178481
0.178013
0.177426
0.176691
0.176259
0.176216
0.174849
0.174183
0.174157
0.173441
0.172649
0.172356
0.171703
0.171347
0.170323
0.170081
0.169066
0.168597
0.168439
0.167760
0.167177
0.166680
0.166006
0.165508
0.165280
0.164246
0.164057
0.163441
0.162671
0.162659
0.162091
0.160989
0.160515
0.160469
0.160171
0.159468
0.158795
0.158201
0.157781
0.156879
0.156606
0.156134
0.155647
0.155254
0.154060
0.153617
0.153323
0.152505
0.152146
0.151785
0.151566
0.151024
0.150180
0.149973
0.149257
0.149179
0.148615
0.148133
0.147099
0.146894
0.146395
0.146428
0.145525
0.145144
0.144555
0.143937
0.143070
0.143106
0.142000
0.142244
0.141129
0.140829
0.140424
0.140356
0.139653
0.139162
0.138205
0.138465
0.138038
0.137391
0.136569
0.136234
0.136038
0.138020
0.134989
0.134428
0.133869
0.133586
0.132844
0.132276
0.131868
0.131640
0.130741
0.130674
0.130329
0.129893
0.129621
0.128686
0.128462
0.127699
0.127360
0.127263
0.126468
0.126477
0.126060
0.125494
0.125225
0.124469
0.124457
0.123136
0.123245
0.122718
0.122435
0.121828
0.121132
0.121102
0.120439
0.119877
0.119704
0.119074
0.118943
0.118730
0.117824
0.117393
0.117144
0.116772
0.116372
0.115791
0.115381
0.115009
0.114641
0.114361
0.114011
0.113406
0.112863
0.112634
0.112036
0.111740
0.111476
0.110464
0.110394
0.109935
0.109487
0.109038
0.108779
0.108389
0.108382
0.107809
0.106982
0.107088
0.106280
0.106181
0.105309
0.105027
0.104748
0.104246
0.103707
0.103673
0.103183
0.102843
0.102249
0.102291
0.101801
0.101196
0.100817
0.100222
0.099970
0.099972
0.099297
0.099084
0.098128
0.098060
0.097924
0.097408
0.097113
0.096739
0.096077
0.095755
0.095118
0.094989
0.094624
0.094277
0.093772
0.093341
0.093113
0.092776
0.092476
0.091795
0.091402
0.090943
0.090776
0.090507
0.090168
0.089489
0.089320
0.089026
0.088608
0.088391
0.087849
0.087254
0.087352
0.086561
0.085920
0.086085
0.085687
0.085338
0.084847
0.084659
0.084111
0.083779
0.083288
0.083164
0.082543
0.082295
0.082102
0.081546
0.081051
0.080961
0.080720
0.080107
0.080117
0.079337
0.078983
0.078554
0.078206
0.077900
0.077613
0.077366
0.076556
0.076621
0.076073
0.075762
0.075305
0.075213
0.074842
0.074329
0.073912
0.073582
0.073228
0.072999
0.072642
0.072371
0.071889
0.071489
0.071424
0.070777
0.070647
0.070148
0.069670
0.069577
0.069349
0.068650
0.068154
0.068159
0.067544
0.067488
0.066997
0.066500
0.066468
0.066084
0.065702
0.065207
0.064755
0.064845
0.064468
0.063936
0.063707
0.063269
0.062779
0.062516
0.062198
0.061754
0.061648
0.061143
0.060750
0.060644
0.060103
0.060003
0.059579
0.059188
0.058870
0.058599
0.058266
0.057843
0.057589
0.057190
0.056881
0.056427
0.056091
0.055811
0.055619
0.055433
0.054770
0.054601
0.054199
0.053613
0.053521
0.053226
0.052837
0.052515
0.052213
0.051920
0.051781
0.051199
0.051021
0.050596
0.050144
0.050019
0.049904
0.049261
0.048970
0.048577
0.048415
0.047936
0.047790
0.047245
0.046931
0.046532
0.046190
0.045914
0.045687
0.045459
0.045217
0.044626
0.044446
0.044217
0.043937
0.043439
0.043022
0.042739
0.042556
0.042263
0.041910
0.041534
0.041295
0.040908
0.040563
0.040215
0.039892
0.040393
0.039326
0.039106
0.038796
0.038440
0.038039
0.037647
0.037402
0.037084
0.036818
0.036443
0.036231
0.035770
0.035589
0.035184
0.034967
0.034471
0.034109
0.034066
0.033611
0.033284
0.032988
0.032794
0.032315
0.032028
0.031735
0.031398
0.031193
0.030844
0.030442
0.030149
0.029917
0.029592
0.029301
0.028947
0.028551
0.028366
0.028064
0.027581
0.027282
0.027146
0.026706
0.026398
0.026160
0.025840
0.025484
0.025136
0.024927
0.024569
0.024255
0.023900
0.023672
0.023325
0.022956
0.022634
0.022378
0.022079
0.021833
0.021381
0.021141
0.020833
0.020518
0.020258
0.019883
0.019659
0.019312
0.018988
0.018654
0.018400
0.018116
0.017760
0.017463
0.017147
0.016820
0.016578
0.016161
0.015895
0.015607
0.015271
0.014966
0.014680
0.014382
0.014076
0.013752
0.013430
0.013102
0.012822
0.012540
0.012236
0.011935
0.011608
0.011317
0.010999
0.010699
0.010387
0.010068
0.009794
0.009443
0.009186
0.008844
0.008548
0.008274
0.007940
0.007639
0.007341
0.007037
0.006724
0.006431
0.006121
0.005815
0.005501
0.005175
0.004874
0.004562
0.004265
0.003967
0.003667
0.003348
0.003048
0.002750
0.002437
0.002142
0.001833
0.001524
0.001219
0.000916
0.000611
0.000304
0.000000
-0.000304
-0.000611
-0.000916
-0.001219
-0.001524
-0.001833
-0.002142
-0.002437
-0.002750
-0.003048
-0.003348
-0.003667
-0.003967
-0.004265
-0.004562
-0.004874
-0.005175
-0.005501
-0.005815
-0.006121
-0.006431
-0.006724
-0.007037
-0.007341
-0.007639
-0.007940
-0.008274
-0.008548
-0.008844
-0.009186
-0.009443
-0.009794
-0.010068
-0.010387
-0.010699
-0.010999
-0.011317
-0.011608
-0.011935
-0.012236
-0.012540
-0.012822
-0.013102
-0.013430
-0.013752
-0.014076
-0.014382
-0.014680
-0.014966
-0.015271
-0.015607
-0.015895
-0.016161
-0.016578
-0.016820
-0.017147
-0.017463
-0.017760
-0.018116
-0.018400
-0.018654
-0.018988
-0.019312
-0.019659
-0.019883
-0.020258
-0.020518
-0.020833
-0.021141
-0.021381
-0.021833
-0.022079
-0.022378
-0.022634
-0.022956
-0.023325
-0.023672
-0.023900
-0.024255
-0.024569
-0.024927
-0.025136
-0.025484
-0.025840
-0.026160
-0.026398
-0.026706
-0.027146
-0.027282
-0.027581
-0.028064
-0.028366
-0.028551
-0.028947
-0.029301
-0.029592
-0.029917
-0.030149
-0.030442
-0.030844
-0.031193
-0.031398
-0.031735
-0.032028
-0.032315
-0.032794
-0.032988
-0.033284
-0.033611
-0.034066
-0.034109
-0.034471
-0.034967
-0.035184
-0.035589
-0.035770
-0.036231
-0.036443
-0.036818
-0.037084
-0.037402
-0.037647
-0.038039
-0.038440
-0.038796
-0.039106
-0.039326
-0.040393
-0.039892
-0.040215
-0.040563
-0.040908
-0.041295
-0.041534
-0.041910
-0.042263
-0.042556
-0.042739
-0.043022
-0.043439
-0.043937
-0.044217
-0.044446
-0.044626
-0.045217
-0.045459
-0.045687
-0.045914
-0.046190
-0.046532
-0.046931
-0.047245
-0.047790
-0.047936
-0.048415
-0.048577
-0.048970
-0.049261
-0.049904
-0.050019
-0.050144
-0.050596
-0.051021
-0.051199
-0.051781
-0.051920
-0.052213
-0.052515
-0.052837
-0.053226
-0.053521
-0.053613
-0.054199
-0.054601
-0.054770
-0.055433
-0.055619
-0.055811
-0.056091
-0.056427
-0.056881
-0.057190
-0.057589
-0.057843
-0.058266
-0.058599
-0.058870
-0.059188
-0.059579
-0.060003
-0.060103
-0.060644
-0.060750
-0.061143
-0.061648
-0.061754
-0.062198
-0.062516
-0.062779
-0.063269
-0.063707
-0.063936
-0.064468
-0.064845
-0.064755
-0.065207
-0.065702
-0.066084
-0.066468
-0.066500
-0.066997
-0.067488
-0.067544
-0.068159
-0.068154
-0.068650
-0.069349
-0.069577
-0.069670
-0.070148
-0.070647
-0.070777
-0.071424
-0.071489
-0.071889
-0.072371
-0.072642
-0.072999
-0.073228
-0.073582
-0.073912
-0.074329
-0.074842
-0.075213
-0.075305
-0.075762
-0.076073
-0.076621
-0.076556
-0.077366
-0.077613
-0.077900
-0.078206
-0.078554
-0.078983
-0.079337
-0.080117
-0.080107
-0.080720
-0.080961
-0.081051
-0.081546
-0.082102
-0.082295
-0.082543
-0.083164
-0.083288
-0.083779
-0.084111
-0.084659
-0.084847
-0.085338
-0.085687
-0.086085
-0.085920
-0.086561
-0.087352
-0.087254
-0.087849
-0.088391
-0.088608
-0.089026
-0.089320
-0.089489
-0.090168
-0.090507
-0.090776
-0.090943
-0.091402
-0.091795
-0.092476
-0.092776
-0.093113
-0.093341
-0.093772
-0.094277
-0.094624
-0.094989
-0.095118
-0.095755
-0.096077
-0.096739
-0.097113
-0.097408
-0.097924
-0.098060
-0.098128
-0.099084
-0.099297
-0.099972
-0.099970
-0.100222
-0.100817
-0.101196
-0.101801
-0.102291
-0.102249
-0.102843
-0.103183
-0.103673
-0.103707
-0.104246
-0.104748
-0.105027
-0.105309
-0.106181
-0.106280
-0.107088
-0.106982
-0.107809
-0.108382
-0.108389
-0.108779
-0.109038
-0.109487
-0.109935
-0.110394
-0.110464
-0.111476
-0.111740
-0.112036
-0.112634
-0.112863
-0.113406
-0.114011
-0.114361
-0.114641
-0.115009
-0.115381
-0.115791
-0.116372
-0.116772
-0.117144
-0.117393
-0.117824
-0.118730
-0.118943
-0.119074
-0.119704
-0.119877
-0.120439
-0.121102
-0.121132
-0.121828
-0.122435
-0.122718
-0.123245
-0.123136
-0.124457
-0.124469
-0.125225
-0.125494
-0.126060
-0.126477
-0.126468
-0.127263
-0.127360
-0.127699
-0.128462
-0.128686
-0.129621
-0.129893
-0.130329
-0.130674
-0.130741
-0.131640
-0.131868
-0.132276
-0.132844
-0.133586
-0.133869
-0.134428
-0.134989
-0.138020
-0.136038
-0.136234
-0.136569
-0.137391
-0.138038
-0.138465
-0.138205
-0.139162
-0.139653
-0.140356
-0.140424
-0.140829
-0.141129
-0.142244
-0.142000
-0.143106
-0.143070
-0.143937
-0.144555
-0.145144
-0.145525
-0.146428
-0.146395
-0.146894
-0.147099
-0.148133
-0.148615
-0.149179
-0.149257
-0.149973
-0.150180
-0.151024
-0.151566
-0.151785
-0.152146
-0.152505
-0.153323
-0.153617
-0.154060
-0.155254
-0.155647
-0.156134
-0.156606
-0.156879
-0.157781
-0.158201
-0.158795
-0.159468
-0.160171
-0.160469
-0.160515
-0.160989
-0.162091
-0.162659
-0.162671
-0.163441
-0.164057
-0.164246
-0.165280
-0.165508
-0.166006
-0.166680
-0.167177
-0.167760
-0.168439
-0.168597
-0.169066
-0.170081
-0.170323
-0.171347
-0.171703
-0.172356
-0.172649
-0.173441
-0.174157
-0.174183
-0.174849
-0.176216
-0.176259
-0.176691
-0.177426
-0.178013
-0.178481
-0.179163
-0.180096
-0.180326
-0.181223
-0.181605
-0.182008
-0.182780
-0.183206
-0.183976
-0.183823
-0.185268
-0.185773
-0.186342
-0.187099
-0.187655
-0.188674
-0.189452
-0.189350
-0.190109
-0.191168
-0.191005
-0.191817
-0.193046
-0.193370
-0.193831
-0.195208
-0.195111
-0.195813
-0.196393
-0.197076
-0.197952
-0.198801
-0.199558
-0.199424
-0.200052
-0.201078
-0.201640
-0.202225
-0.203066
-0.204005
-0.204341
-0.205235
-0.205871
-0.206513
-0.207514
-0.207768
-0.208912
-0.209018
-0.210360
-0.210506
-0.211584
-0.211917
-0.212708
-0.213770
-0.213924
-0.215002
-0.215891
-0.217201
-0.217294
-0.217966
-0.218359
-0.219008
-0.220202
-0.220957
-0.220995
-0.222272
-0.223648
-0.223680
-0.224471
-0.225490
-0.226046
-0.227122
-0.227755
-0.228374
-0.229444
-0.229691
-0.230734
-0.232005
-0.232323
-0.233156
-0.233206
-0.234720
-0.235027
-0.236416
-0.236678
-0.237961
-0.238831
-0.239822
-0.240739
-0.240965
-0.242192
-0.242951
-0.243354
-0.244656
-0.245736
-0.246075
-0.246668
-0.247487
-0.249151
-0.249128
-0.250826
-0.251001
-0.251714
-0.252644
-0.254218
-0.254770
-0.256246
-0.256403
-0.258108
-0.259172
-0.259562
-0.260308
-0.261395
-0.262291
-0.263748
-0.263984
-0.265016
-0.266018
-0.267220
-0.267898
-0.268734
-0.269342
-0.270871
-0.271905
-0.272460
-0.273930
-0.274328
-0.275680
-0.276593
-0.277748
-0.278661
-0.279842
-0.280569
-0.281658
-0.283071
-0.284022
-0.284672
-0.285522
-0.287377
-0.287376
-0.289127
-0.289773
-0.290980
-0.292332
-0.293654
-0.294990
-0.295896
-0.296895
-0.297683
-0.298992
-0.300642
-0.301020
-0.302360
-0.303399
-0.305163
-0.306214
-0.307589
-0.308353
-0.309163
-0.310845
-0.312014
-0.312809
-0.314155
-0.315670
-0.317107
-0.318117
-0.318778
-0.320201
-0.321250
-0.323099
-0.323861
-0.325380
-0.332565
-0.328168
-0.329256
-0.330352
-0.331880
-0.333452
-0.334618
-0.336118
-0.337397
-0.339464
-0.340551
-0.341719
-0.342609
-0.345173
-0.345478
-0.347403
-0.348251
-0.350038
-0.351683
-0.352287
-0.354159
-0.355731
-0.357235
-0.359073
-0.359910
-0.362095
-0.363696
-0.365378
-0.366753
-0.368123
-0.369909
-0.371156
-0.372831
-0.374091
-0.376217
-0.377369
-0.379995
-0.380673
-0.382993
-0.384798
-0.386545
-0.388546
-0.390008
-0.392430
-0.393183
-0.395718
-0.397257
-0.399022
-0.400825
-0.402647
-0.403873
-0.406031
-0.408652
-0.410848
-0.411572
-0.413394
-0.415968
-0.417544
-0.420184
-0.421767
-0.424659
-0.426117
-0.428562
-0.430339
-0.431941
-0.434209
-0.436080
-0.438640
-0.441260
-0.442979
-0.445229
-0.447668
-0.449780
-0.451763
-0.454014
-0.457085
-0.458974
-0.461024
-0.464091
-0.466262
-0.468617
-0.470816
-0.473587
-0.476490
-0.478740
-0.480691
-0.483977
-0.486546
-0.489385
-0.491247
-0.494473
-0.496932
-0.500152
-0.503386
-0.505579
-0.508060
-0.512324
-0.513527
-0.517628
-0.519739
-0.523028
-0.526615
-0.529214
-0.532275
-0.535776
-0.538447
-0.542368
-0.545016
-0.548417
-0.552079
-0.554857
-0.558950
-0.561641
-0.565992
-0.569186
-0.573147
-0.576405
-0.580221
-0.583971
-0.588006
-0.591892
-0.595804
-0.599485
-0.603889
-0.607953
-0.611386
-0.615694
-0.619921
-0.624980
-0.629300
-0.633216
-0.637848
-0.642847
-0.646968
-0.651513
-0.656856
-0.661250
-0.666264
-0.671401
-0.675068
-0.681000
-0.687082
-0.691284
-0.697691
-0.702527
-0.709448
-0.713896
-0.720326
-0.726172
-0.732423
-0.737984
-0.744462
-0.750699
-0.757428
-0.763468
-0.770096
-0.776971
-0.783708
-0.791094
-0.799108
-0.805850
-0.812972
-0.820333
-0.827685
-0.836508
-0.844080
-0.852323
-0.861227
-0.870154
-0.878450
-0.887511
-0.895937
-0.906123
-0.915047
-0.925763
-0.935509
-0.945509
-0.955596
-0.966531
-0.977314
-0.988991
-1.001236
-1.012957
-1.025139
-1.037779
-1.050291
-1.063300
-1.077013
-1.091248
-1.105947
-1.120808
-1.136157
-1.151824
-1.168769
-1.185015
-1.201656
-1.219853
-1.238223
-1.256788
-1.276556
-1.297738
-1.318512
-1.339894
-1.362537
-1.385977
-1.410166
-1.435286
-1.461756
-1.489104
-1.517830
-1.547786
-1.578875
-1.611342
-1.644936
-1.680184
-1.717796
-1.756923
-1.797974
-1.840734
-1.886386
-1.933912
-1.983977
-2.037908
-2.094213
-2.154132
-2.218414
-2.285890
-2.359909
-2.438074
-2.522101
-2.611792
-2.708730
-2.814487
-2.928496
-3.053701
-3.190235
-3.342033
-3.507324
-3.691940
-3.897708
-4.130007
-4.393125
-4.692918
-5.040843
-5.446553
-5.924678
-6.499988
-7.203553
-8.084118
-9.217634
-10.733849
-12.862978
-16.073149
-21.469587
-32.434499
-66.788593
997.607078
58.492082
30.018677
20.140303
15.123743
12.088764
10.055024
8.596160
7.499413
6.644216
5.959369
5.396843
4.928524
4.531481
4.190897
3.894849
3.635793
3.406756
3.202526
3.020417
2.856162
2.706793
2.571995
2.447801
2.335039
2.230068
2.133259
2.042861
1.959563
1.882396
1.808897
1.741814
1.677408
1.617383
1.559949
1.506369
1.455773
1.407461
1.361309
1.317929
1.277096
1.237890
1.200661
1.164447
1.130476
1.097409
1.065550
1.035794
1.006008
0.978839
0.951537
0.925058
0.899778
0.876180
0.852106
0.830415
0.809019
0.787799
0.766371
0.745913
0.727031
0.708883
0.689676
0.673397
0.654946
0.639024
0.622281
0.606399
0.590556
0.575713
0.560597
0.545955
0.531614
0.517837
0.504571
0.491307
0.478222
0.466109
0.453766
0.441721
0.429511
0.417874
0.405845
0.395031
0.384307
0.372981
0.362114
0.351926
0.341157
0.331151
0.321002
0.311141
0.300724
0.290819
0.282144
0.272528
0.263297
0.253383
0.244700
0.235375
0.226280
0.217916
0.209048
0.200405
0.191802
0.183429
0.175001
0.165938
0.158219
0.149841
0.140905
0.132694
0.125293
0.117703
0.108547
0.101216
0.093298
0.085245
0.077531
0.070033
0.062431
0.054017
0.045674
0.038322
0.031202
0.023603
0.015963
0.008250
