0000000000000000000000000000
1111111111111111111011110010
1111111111111111110111110101
1111111111111111110011111011
1111111111111111110000000010
1111111111111111101100011001
1111111111111111101000101000
1111111111111111100100010110
1111111111111111100000000011
1111111111111111011100001010
1111111111111111011000010100
1111111111111111010100010111
1111111111111111010000001111
1111111111111111001100001100
1111111111111111001000011100
1111111111111111000011110000
1111111111111110111111110111
1111111111111110111100000100
1111111111111110110111110111
1111111111111110110011010010
1111111111111110101111000000
1111111111111110101011000011
1111111111111110100110011010
1111111111111110100010000110
1111111111111110011101110100
1111111111111110011001011010
1111111111111110010100111110
1111111111111110010000011100
1111111111111110001100001010
1111111111111110000111100000
1111111111111110000010101110
1111111111111101111110010010
1111111111111101111001001101
1111111111111101110100011110
1111111111111101101111100011
1111111111111101101011000111
1111111111111101100110000010
1111111111111101100000101101
1111111111111101011011101010
1111111111111101010110011101
1111111111111101010001010101
1111111111111101001011110101
1111111111111101000110100111
1111111111111101000001000011
1111111111111100111011010000
1111111111111100110101110000
1111111111111100110000001110
1111111111111100101010000100
1111111111111100100100000110
1111111111111100011101110110
1111111111111100010111101011
1111111111111100010001010111
1111111111111100001011001010
1111111111111100000100011101
1111111111111011111101101011
1111111111111011110110111000
1111111111111011101111110101
1111111111111011101000011111
1111111111111011100000111111
1111111111111011011001010000
1111111111111011010001101001
1111111111111011001001100010
1111111111111011000001011010
1111111111111010111000110101
1111111111111010110000101011
1111111111111010100111001111
1111111111111010011110111001
1111111111111010010101000100
1111111111111010001011110001
1111111111111010000010000110
1111111111111001110111101000
1111111111111001101100101010
1111111111111001100001110011
1111111111111001010110110101
1111111111111001001011101111
1111111111111000111111011010
1111111111111000110011010101
1111111111111000100110011000
1111111111111000011000110101
1111111111111000001010110110
1111111111110111111100111100
1111111111110111101101101100
1111111111110111011110011101
1111111111110111001110001001
1111111111110110111101001101
1111111111110110101011110100
1111111111110110011001010001
1111111111110110000110001101
1111111111110101110010001001
1111111111110101011101001111
1111111111110101000111000001
1111111111110100101111011001
1111111111110100010110101010
1111111111110011111100110000
1111111111110011100001010100
1111111111110011000011111010
1111111111110010100101001011
1111111111110010000100001101
1111111111110001100001110111
1111111111110000111100001110
1111111111110000010100101110
1111111111101111101010000100
1111111111101110111011110010
1111111111101110001010001110
1111111111101101010100011110
1111111111101100011010101111
1111111111101011011011001001
1111111111101010010110001000
1111111111101001001001101010
1111111111100111110101100011
1111111111100110011000010100
1111111111100100101111110000
1111111111100010111010011111
1111111111100000110101110110
1111111111011110011110010001
1111111111011011101111111001
1111111111011000100100100111
1111111111010100110100110101
1111111111010000010100110100
1111111111001010110110001011
1111111111000100000000010100
1111111110111011001110110010
1111111110101111100011110101
1111111110011111010010100100
1111111110000111000000101010
1111111101011110111000001011
1111111100001111110110011100
1111111000101100000100000100
1110000011010011001001001100
0000001000010110010011110000
0000000100000011011110011101
0000000010101011110000011011
0000000010000000100101011100
0000000001100110111001110110
0000000001010101110111101110
0000000001001001101111011011
0000000001000000101011000100
0000000000111001101000001110
0000000000110011111111111111
0000000000101111011001011011
0000000000101011100100101000
0000000000101000010100111010
0000000000100101100010110001
0000000000100011001001010001
0000000000100001000010100100
0000000000011111001011101000
0000000000011101100010010001
0000000000011100000011101111
0000000000011010101111000111
0000000000011001100001011001
0000000000011000011011011111
0000000000010111011011011000
0000000000010110100001000001
0000000000010101101010110111
0000000000010100111001001111
0000000000010100001011010100
0000000000010011100000010010
0000000000010010111000010001
0000000000010010010010011000
0000000000010001101111110100
0000000000010001001110111010
0000000000010000110000001111
0000000000010000010011011010
0000000000001111110111110010
0000000000001111011110001010
0000000000001111000101110101
0000000000001110101110011101
0000000000001110011000100100
0000000000001110000011100010
0000000000001101101111100000
0000000000001101011100010000
0000000000001101001010001101
0000000000001100111001000000
0000000000001100101000011000
0000000000001100011000011101
0000000000001100001001001000
0000000000001011111010011010
0000000000001011101100011010
0000000000001011011110110111
0000000000001011010010000000
0000000000001011000101100111
0000000000001010111001100111
0000000000001010101110000001
0000000000001010100011000101
0000000000001010011000011100
0000000000001010001101100110
0000000000001010000011011110
0000000000001001111001111110
0000000000001001110000100100
0000000000001001100111001111
0000000000001001011110101110
0000000000001001010110011010
0000000000001001001101101110
0000000000001001000101101101
0000000000001000111101110110
0000000000001000110110001111
0000000000001000101110101110
0000000000001000100111011011
0000000000001000100000011010
0000000000001000011001101111
0000000000001000010011010101
0000000000001000001100110111
0000000000001000000110101000
0000000000001000000000101000
0000000000000111111010010111
0000000000000111110100011000
0000000000000111101110110111
0000000000000111101001010000
0000000000000111100100000110
0000000000000111011110111110
0000000000000111011001111111
0000000000000111010100100000
0000000000000111001111111011
0000000000000111001010101110
0000000000000111000110011001
0000000000000111000001110001
0000000000000110111101100001
0000000000000110111000111100
0000000000000110110100011000
0000000000000110110000001010
0000000000000110101100010010
0000000000000110100111110001
0000000000000110100100000000
0000000000000110100000001111
0000000000000110011100100110
0000000000000110011001001001
0000000000000110010101000010
0000000000000110010001010000
0000000000000110001101110011
0000000000000110001010010010
0000000000000110000110111001
0000000000000110000011110011
0000000000000110000000010110
0000000000000101111101001010
0000000000000101111001110110
0000000000000101110111000000
0000000000000101110011110011
0000000000000101110000110011
0000000000000101101101100000
0000000000000101101011001111
0000000000000101100111101100
0000000000000101100101001101
0000000000000101100001111011
0000000000000101011111110010
0000000000000101011100101010
0000000000000101011001101000
0000000000000101010111110000
0000000000000101010101001000
0000000000000101010010100011
0000000000000101010000010011
0000000000000101001101100100
0000000000000101001011001111
0000000000000101001001001000
0000000000000101000110100101
0000000000000101000100001101
0000000000000101000010001100
0000000000000100111111111111
0000000000000100111101011001
0000000000000100111011001111
0000000000000100111001000001
0000000000000100110111010001
0000000000000100110101001100
0000000000000100110010111011
0000000000000100110001000011
0000000000000100101111000011
0000000000000100101101000011
0000000000000100101010111111
0000000000000100101001000100
0000000000000100100111000111
0000000000000100100101011100
0000000000000100100011011011
0000000000000100100001110010
0000000000000100011111100011
0000000000000100011110001011
0000000000000100011100000101
0000000000000100011010101010
0000000000000100011000110010
0000000000000100010111000011
0000000000000100010101101100
0000000000000100010011101011
0000000000000100010010010100
0000000000000100010000100001
0000000000000100001110111101
0000000000000100001101101000
0000000000000100001011110010
0000000000000100001010000110
0000000000000100001001000001
0000000000000100000110111011
0000000000000100000110010011
0000000000000100000100001000
0000000000000100000010110110
0000000000000100000001101110
0000000000000100000000000100
0000000000000011111110011011
0000000000000011111101001010
0000000000000011111011100001
0000000000000011111010100100
0000000000000011111001000111
0000000000000011110111110010
0000000000000011110110000111
0000000000000011110101000111
0000000000000011110011111101
0000000000000011110010011110
0000000000000011110001000011
0000000000000011101111111011
0000000000000011101110101110
0000000000000011101101100111
0000000000000011101100000010
0000000000000011101010111111
0000000000000011101010000001
0000000000000011101000011101
0000000000000011100111010011
0000000000000011100110010010
0000000000000011100101001101
0000000000000011100011111101
0000000000000011100010110011
0000000000000011100001111011
0000000000000011100000100101
0000000000000011011111010001
0000000000000011011110010100
0000000000000011011101001001
0000000000000011011100010101
0000000000000011011011011011
0000000000000011011010001010
0000000000000011011001011011
0000000000000011010111111100
0000000000000011010111001000
0000000000000011010101110010
0000000000000011010100111110
0000000000000011010011101010
0000000000000011010010101110
0000000000000011010010010110
0000000000000011010001001110
0000000000000011001111111000
0000000000000011001110110010
0000000000000011001110001001
0000000000000011001101001110
0000000000000011001100010011
0000000000000011001011011001
0000000000000011001010100110
0000000000000011001001010011
0000000000000011001000111011
0000000000000011000111101011
0000000000000011000110111011
0000000000000011000101111010
0000000000000011000101000001
0000000000000011000100000101
0000000000000011000010111001
0000000000000011000010100011
0000000000000011000001001101
0000000000000011000000100111
0000000000000010111111100010
0000000000000010111110111000
0000000000000010111110000010
0000000000000010111101011001
0000000000000010111100011110
0000000000000010111011110001
0000000000000010111011000100
0000000000000010111010001101
0000000000000010111001011001
0000000000000010111000010001
0000000000000010110111110110
0000000000000010110110111001
0000000000000010110110001000
0000000000000010110101010101
0000000000000010110100010111
0000000000000010110100000011
0000000000000010110011001110
0000000000000010110010010011
0000000000000010110001110111
0000000000000010110000111000
0000000000000010110000101110
0000000000000010101111011010
0000000000000010101110111101
0000000000000010101110010111
0000000000000010101101110011
0000000000000010101100101111
0000000000000010101100000101
0000000000000010101011010100
0000000000000010101010101110
0000000000000010101001111011
0000000000000010101001001000
0000000000000010101000100101
0000000000000010101000000001
0000000000000010101010010001
0000000000000010100110100110
0000000000000010100101110100
0000000000000010100101011011
0000000000000010100100011110
0000000000000010100011111100
0000000000000010100011001101
0000000000000010100010111000
0000000000000010100010010110
0000000000000010100001100111
0000000000000010100000110110
0000000000000010100000001010
0000000000000010011111110000
0000000000000010011111001001
0000000000000010011110010010
0000000000000010011101111000
0000000000000010011101011111
0000000000000010011100110010
0000000000000010011100001111
0000000000000010011011010101
0000000000000010011010110011
0000000000000010011010000111
0000000000000010011001111011
0000000000000010011001000101
0000000000000010011000011010
0000000000000010011000000000
0000000000000010010111011111
0000000000000010010111000010
0000000000000010010110010110
0000000000000010010101101011
0000000000000010010100111110
0000000000000010010100010111
0000000000000010010100000010
0000000000000010010011001000
0000000000000010010011001000
0000000000000010010010001011
0000000000000010010001110000
0000000000000010010001011010
0000000000000010010000111011
0000000000000010010000001101
0000000000000010001111101001
0000000000000010001111010001
0000000000000010001110101011
0000000000000010001110001101
0000000000000010001101100111
0000000000000010001101001001
0000000000000010001100011101
0000000000000010001100010000
0000000000000010001011011111
0000000000000010001011001101
0000000000000010001010101011
0000000000000010001001111001
0000000000000010001001100101
0000000000000010001001001010
0000000000000010001000110100
0000000000000010001000001100
0000000000000010000111101100
0000000000000010000111001010
0000000000000010000111000010
0000000000000010000110010010
0000000000000010000101110101
0000000000000010000101010001
0000000000000010000100111001
0000000000000010000100101100
0000000000000010000100001001
0000000000000010000011010001
0000000000000010000011001100
0000000000000010000010011100
0000000000000010000010001010
0000000000000010000001010110
0000000000000010000000111000
0000000000000010000000100000
0000000000000010000000011011
0000000000000001111111100011
0000000000000001111111100100
0000000000000001111110101101
0000000000000001111110010010
0000000000000001111101111111
0000000000000001111101110100
0000000000000001111101010000
0000000000000001111100100110
0000000000000001111100011001
0000000000000001111100000000
0000000000000001111011010111
0000000000000001111011010000
0000000000000001111010110010
0000000000000001111010010010
0000000000000001111001110101
0000000000000001111001001011
0000000000000001111001000010
0000000000000001111000010101
0000000000000001111000001011
0000000000000001110111011001
0000000000000001110111011000
0000000000000001110110111100
0000000000000001110110110010
0000000000000001110110001000
0000000000000001110101100110
0000000000000001110101011110
0000000000000001110100111011
0000000000000001110100100111
0000000000000001110100010010
0000000000000001110011101111
0000000000000001110011011100
0000000000000001110010111011
0000000000000001110010100001
0000000000000001110010100000
0000000000000001110001110011
0000000000000001110001001001
0000000000000001110001001000
0000000000000001110000101111
0000000000000001110000001000
0000000000000001101111110011
0000000000000001101111100110
0000000000000001101111010000
0000000000000001101111001101
0000000000000001101110100010
0000000000000001101110000101
0000000000000001101101100001
0000000000000001101101011100
0000000000000001101100111010
0000000000000001101100100000
0000000000000001101100010101
0000000000000001101011110001
0000000000000001101011101101
0000000000000001101011000001
0000000000000001101010111101
0000000000000001101010011000
0000000000000001101010001111
0000000000000001101001101111
0000000000000001101001011001
0000000000000001101001000101
0000000000000001101000100111
0000000000000001101000011100
0000000000000001100111111110
0000000000000001100111100010
0000000000000001100111001111
0000000000000001100110111100
0000000000000001100110011011
0000000000000001100110000110
0000000000000001100110001011
0000000000000001100101110010
0000000000000001100101010110
0000000000000001100100111001
0000000000000001100100100011
0000000000000001100100010000
0000000000000001100011111001
0000000000000001100011111100
0000000000000001100011001111
0000000000000001100011000000
0000000000000001100010110101
0000000000000001100010001101
0000000000000001100001110010
0000000000000001100001111000
0000000000000001100001010101
0000000000000001100000111100
0000000000000001100000111111
0000000000000001100000100110
0000000000000001100000000101
0000000000000001011111110010
0000000000000001011111011010
0000000000000001011111000111
0000000000000001011110110110
0000000000000001011110000111
0000000000000001011110001100
0000000000000001011101110011
0000000000000001011101100101
0000000000000001011101001100
0000000000000001011100111110
0000000000000001011100110010
0000000000000001011100010100
0000000000000001011100001101
0000000000000001011011101110
0000000000000001011011011000
0000000000000001011011001001
0000000000000001011010110101
0000000000000001011010011101
0000000000000001011010001111
0000000000000001011010001110
0000000000000001011001100001
0000000000000001011001001011
0000000000000001011001001010
0000000000000001011000110011
0000000000000001011000011001
0000000000000001011000001111
0000000000000001010111111010
0000000000000001010111101110
0000000000000001010111001101
0000000000000001010111000101
0000000000000001010110100011
0000000000000001010110010100
0000000000000001010110001111
0000000000000001010101111001
0000000000000001010101100110
0000000000000001010101010101
0000000000000001010100111111
0000000000000001010100101111
0000000000000001010100100111
0000000000000001010100000110
0000000000000001010011111111
0000000000000001010011101011
0000000000000001010011010010
0000000000000001010011010001
0000000000000001010010111111
0000000000000001010010011011
0000000000000001010010001011
0000000000000001010010001010
0000000000000001010010000000
0000000000000001010001101001
0000000000000001010001010011
0000000000000001010000111111
0000000000000001010000110010
0000000000000001010000010100
0000000000000001010000001011
0000000000000001001111111100
0000000000000001001111101100
0000000000000001001111011111
0000000000000001001110111000
0000000000000001001110101001
0000000000000001001110100000
0000000000000001001110000101
0000000000000001001101111001
0000000000000001001101101101
0000000000000001001101100110
0000000000000001001101010100
0000000000000001001100111001
0000000000000001001100110010
0000000000000001001100011010
0000000000000001001100011000
0000000000000001001100000101
0000000000000001001011110110
0000000000000001001011010100
0000000000000001001011001101
0000000000000001001010111101
0000000000000001001010111110
0000000000000001001010100000
0000000000000001001010010100
0000000000000001001010000000
0000000000000001001001101100
0000000000000001001001010000
0000000000000001001001010001
0000000000000001001000101101
0000000000000001001000110101
0000000000000001001000010000
0000000000000001001000000110
0000000000000001000111111001
0000000000000001000111110111
0000000000000001000111100000
0000000000000001000111010000
0000000000000001000110110000
0000000000000001000110111001
0000000000000001000110101011
0000000000000001000110010110
0000000000000001000101111011
0000000000000001000101110000
0000000000000001000101101001
0000000000000001000110101010
0000000000000001000101000111
0000000000000001000100110100
0000000000000001000100100010
0000000000000001000100011001
0000000000000001000100000001
0000000000000001000011101110
0000000000000001000011100001
0000000000000001000011011001
0000000000000001000010111100
0000000000000001000010111001
0000000000000001000010101110
0000000000000001000010100000
0000000000000001000010010111
0000000000000001000001111000
0000000000000001000001110001
0000000000000001000001011000
0000000000000001000001001101
0000000000000001000001001010
0000000000000001000000110000
0000000000000001000000110000
0000000000000001000000100010
0000000000000001000000010000
0000000000000001000000000111
0000000000000000111111101110
0000000000000000111111101110
0000000000000000111111000010
0000000000000000111111000110
0000000000000000111110110101
0000000000000000111110101011
0000000000000000111110011000
0000000000000000111110000001
0000000000000000111110000000
0000000000000000111101101010
0000000000000000111101011000
0000000000000000111101010010
0000000000000000111100111101
0000000000000000111100111001
0000000000000000111100110010
0000000000000000111100010100
0000000000000000111100000110
0000000000000000111011111110
0000000000000000111011110010
0000000000000000111011100101
0000000000000000111011010010
0000000000000000111011000100
0000000000000000111010111000
0000000000000000111010101100
0000000000000000111010100011
0000000000000000111010010111
0000000000000000111010000100
0000000000000000111001110010
0000000000000000111001101010
0000000000000000111001010111
0000000000000000111001001101
0000000000000000111001000100
0000000000000000111000100011
0000000000000000111000100001
0000000000000000111000010010
0000000000000000111000000011
0000000000000000110111110100
0000000000000000110111101100
0000000000000000110111011111
0000000000000000110111011111
0000000000000000110111001100
0000000000000000110110110001
0000000000000000110110110101
0000000000000000110110011010
0000000000000000110110010111
0000000000000000110101111010
0000000000000000110101110001
0000000000000000110101101000
0000000000000000110101010111
0000000000000000110101000110
0000000000000000110101000101
0000000000000000110100110101
0000000000000000110100101001
0000000000000000110100010110
0000000000000000110100010111
0000000000000000110100000111
0000000000000000110011110011
0000000000000000110011100111
0000000000000000110011010100
0000000000000000110011001011
0000000000000000110011001011
0000000000000000110010110101
0000000000000000110010101110
0000000000000000110010001111
0000000000000000110010001101
0000000000000000110010001000
0000000000000000110001110111
0000000000000000110001101110
0000000000000000110001100001
0000000000000000110001001100
0000000000000000110001000001
0000000000000000110000101100
0000000000000000110000101000
0000000000000000110000011100
0000000000000000110000010001
0000000000000000110000000000
0000000000000000101111110010
0000000000000000101111101011
0000000000000000101111100000
0000000000000000101111010110
0000000000000000101110111111
0000000000000000101110110011
0000000000000000101110100100
0000000000000000101110011110
0000000000000000101110010101
0000000000000000101110001010
0000000000000000101101110100
0000000000000000101101101110
0000000000000000101101100101
0000000000000000101101010111
0000000000000000101101010000
0000000000000000101100111110
0000000000000000101100101011
0000000000000000101100101110
0000000000000000101100010100
0000000000000000101011111111
0000000000000000101100000100
0000000000000000101011110111
0000000000000000101011101100
0000000000000000101011011100
0000000000000000101011010110
0000000000000000101011000100
0000000000000000101010111001
0000000000000000101010101001
0000000000000000101010100101
0000000000000000101010010000
0000000000000000101010001000
0000000000000000101010000010
0000000000000000101001110000
0000000000000000101001011111
0000000000000000101001011100
0000000000000000101001010101
0000000000000000101001000000
0000000000000000101001000001
0000000000000000101000100111
0000000000000000101000011100
0000000000000000101000001110
0000000000000000101000000010
0000000000000000100111111000
0000000000000000100111101111
0000000000000000100111100111
0000000000000000100111001100
0000000000000000100111001110
0000000000000000100110111100
0000000000000000100110110010
0000000000000000100110100011
0000000000000000100110100000
0000000000000000100110010100
0000000000000000100110000011
0000000000000000100101110101
0000000000000000100101101011
0000000000000000100101011111
0000000000000000100101011000
0000000000000000100101001100
0000000000000000100101000011
0000000000000000100100110011
0000000000000000100100100110
0000000000000000100100100100
0000000000000000100100001111
0000000000000000100100001010
0000000000000000100011111010
0000000000000000100011101010
0000000000000000100011100111
0000000000000000100011100000
0000000000000000100011001001
0000000000000000100010111001
0000000000000000100010111001
0000000000000000100010100101
0000000000000000100010100011
0000000000000000100010010011
0000000000000000100010000011
0000000000000000100010000010
0000000000000000100001110101
0000000000000000100001101000
0000000000000000100001011000
0000000000000000100001001001
0000000000000000100001001100
0000000000000000100001000000
0000000000000000100000101111
0000000000000000100000100111
0000000000000000100000011001
0000000000000000100000001001
0000000000000000100000000000
0000000000000000011111110110
0000000000000000011111100111
0000000000000000011111100100
0000000000000000011111010011
0000000000000000011111000110
0000000000000000011111000011
0000000000000000011110110001
0000000000000000011110101110
0000000000000000011110100000
0000000000000000011110010011
0000000000000000011110001001
0000000000000000011110000000
0000000000000000011101110101
0000000000000000011101100111
0000000000000000011101011111
0000000000000000011101010010
0000000000000000011101000111
0000000000000000011100111000
0000000000000000011100101110
0000000000000000011100100100
0000000000000000011100011110
0000000000000000011100011000
0000000000000000011100000010
0000000000000000011011111101
0000000000000000011011101111
0000000000000000011011011100
0000000000000000011011011001
0000000000000000011011010000
0000000000000000011011000011
0000000000000000011010111000
0000000000000000011010101110
0000000000000000011010100101
0000000000000000011010100000
0000000000000000011010001101
0000000000000000011010000111
0000000000000000011001111001
0000000000000000011001101011
0000000000000000011001100111
0000000000000000011001100011
0000000000000000011001001110
0000000000000000011001000100
0000000000000000011000110111
0000000000000000011000110010
0000000000000000011000100010
0000000000000000011000011101
0000000000000000011000001100
0000000000000000011000000001
0000000000000000010111110100
0000000000000000010111101001
0000000000000000010111100000
0000000000000000010111011001
0000000000000000010111010001
0000000000000000010111001001
0000000000000000010110110110
0000000000000000010110110000
0000000000000000010110101000
0000000000000000010110011111
0000000000000000010110001111
0000000000000000010110000001
0000000000000000010101111000
0000000000000000010101110010
0000000000000000010101101000
0000000000000000010101011101
0000000000000000010101010000
0000000000000000010101001001
0000000000000000010100111100
0000000000000000010100110001
0000000000000000010100100101
0000000000000000010100011011
0000000000000000010100101011
0000000000000000010100001000
0000000000000000010100000001
0000000000000000010011110111
0000000000000000010011101011
0000000000000000010011011110
0000000000000000010011010001
0000000000000000010011001001
0000000000000000010010111111
0000000000000000010010110110
0000000000000000010010101010
0000000000000000010010100011
0000000000000000010010010100
0000000000000000010010001110
0000000000000000010010000000
0000000000000000010001111001
0000000000000000010001101001
0000000000000000010001011101
0000000000000000010001011100
0000000000000000010001001101
0000000000000000010001000010
0000000000000000010000111000
0000000000000000010000110010
0000000000000000010000100010
0000000000000000010000011001
0000000000000000010000001111
0000000000000000010000000100
0000000000000000001111111110
0000000000000000001111110010
0000000000000000001111100101
0000000000000000001111011011
0000000000000000001111010100
0000000000000000001111001001
0000000000000000001111000000
0000000000000000001110110100
0000000000000000001110100111
0000000000000000001110100001
0000000000000000001110010111
0000000000000000001110000111
0000000000000000001101111101
0000000000000000001101111001
0000000000000000001101101011
0000000000000000001101100001
0000000000000000001101011001
0000000000000000001101001110
0000000000000000001101000011
0000000000000000001100110111
0000000000000000001100110000
0000000000000000001100100101
0000000000000000001100011010
0000000000000000001100001111
0000000000000000001100000111
0000000000000000001011111100
0000000000000000001011110000
0000000000000000001011100101
0000000000000000001011011101
0000000000000000001011010011
0000000000000000001011001011
0000000000000000001010111100
0000000000000000001010110100
0000000000000000001010101010
0000000000000000001010100000
0000000000000000001010010111
0000000000000000001010001011
0000000000000000001010000100
0000000000000000001001111000
0000000000000000001001101110
0000000000000000001001100011
0000000000000000001001011010
0000000000000000001001010001
0000000000000000001001000101
0000000000000000001000111100
0000000000000000001000110001
0000000000000000001000100111
0000000000000000001000011111
0000000000000000001000010001
0000000000000000001000001000
0000000000000000000111111111
0000000000000000000111110100
0000000000000000000111101010
0000000000000000000111100001
0000000000000000000111010111
0000000000000000000111001101
0000000000000000000111000010
0000000000000000000110111000
0000000000000000000110101101
0000000000000000000110100100
0000000000000000000110011010
0000000000000000000110010000
0000000000000000000110000111
0000000000000000000101111100
0000000000000000000101110010
0000000000000000000101101000
0000000000000000000101011110
0000000000000000000101010100
0000000000000000000101001001
0000000000000000000101000000
0000000000000000000100110101
0000000000000000000100101101
0000000000000000000100100001
0000000000000000000100011000
0000000000000000000100001111
0000000000000000000100000100
0000000000000000000011111010
0000000000000000000011110000
0000000000000000000011100110
0000000000000000000011011100
0000000000000000000011010010
0000000000000000000011001000
0000000000000000000010111110
0000000000000000000010110100
0000000000000000000010101001
0000000000000000000010011111
0000000000000000000010010101
0000000000000000000010001011
0000000000000000000010000001
0000000000000000000001111000
0000000000000000000001101101
0000000000000000000001100011
0000000000000000000001011010
0000000000000000000001001111
0000000000000000000001000110
0000000000000000000000111100
0000000000000000000000110001
0000000000000000000000100111
0000000000000000000000011101
0000000000000000000000010100
0000000000000000000000001001
0000000000000000000000000000
1111111111111111111111110111
1111111111111111111111101100
1111111111111111111111100011
1111111111111111111111011001
1111111111111111111111001111
1111111111111111111111000100
1111111111111111111110111010
1111111111111111111110110001
1111111111111111111110100110
1111111111111111111110011101
1111111111111111111110010011
1111111111111111111110001000
1111111111111111111101111111
1111111111111111111101110101
1111111111111111111101101011
1111111111111111111101100001
1111111111111111111101010111
1111111111111111111101001100
1111111111111111111101000010
1111111111111111111100111000
1111111111111111111100101110
1111111111111111111100100100
1111111111111111111100011010
1111111111111111111100010000
1111111111111111111100000110
1111111111111111111011111100
1111111111111111111011110001
1111111111111111111011101000
1111111111111111111011011111
1111111111111111111011010011
1111111111111111111011001011
1111111111111111111011000000
1111111111111111111010110111
1111111111111111111010101100
1111111111111111111010100010
1111111111111111111010011000
1111111111111111111010001110
1111111111111111111010000100
1111111111111111111001111001
1111111111111111111001110000
1111111111111111111001100110
1111111111111111111001011100
1111111111111111111001010011
1111111111111111111001001000
1111111111111111111000111110
1111111111111111111000110011
1111111111111111111000101001
1111111111111111111000011111
1111111111111111111000010110
1111111111111111111000001100
1111111111111111111000000001
1111111111111111110111111000
1111111111111111110111101111
1111111111111111110111100001
1111111111111111110111011001
1111111111111111110111001111
1111111111111111110111000100
1111111111111111110110111011
1111111111111111110110101111
1111111111111111110110100110
1111111111111111110110011101
1111111111111111110110010010
1111111111111111110110001000
1111111111111111110101111100
1111111111111111110101110101
1111111111111111110101101001
1111111111111111110101100000
1111111111111111110101010110
1111111111111111110101001100
1111111111111111110101000100
1111111111111111110100110101
1111111111111111110100101101
1111111111111111110100100011
1111111111111111110100011011
1111111111111111110100010000
1111111111111111110100000100
1111111111111111110011111001
1111111111111111110011110001
1111111111111111110011100110
1111111111111111110011011011
1111111111111111110011010000
1111111111111111110011001001
1111111111111111110010111101
1111111111111111110010110010
1111111111111111110010100111
1111111111111111110010011111
1111111111111111110010010101
1111111111111111110010000111
1111111111111111110010000011
1111111111111111110001111001
1111111111111111110001101001
1111111111111111110001011111
1111111111111111110001011001
1111111111111111110001001100
1111111111111111110001000000
1111111111111111110000110111
1111111111111111110000101100
1111111111111111110000100101
1111111111111111110000011011
1111111111111111110000001110
1111111111111111110000000010
1111111111111111101111111100
1111111111111111101111110001
1111111111111111101111100111
1111111111111111101111011110
1111111111111111101111001110
1111111111111111101111001000
1111111111111111101110111110
1111111111111111101110110011
1111111111111111101110100100
1111111111111111101110100011
1111111111111111101110010111
1111111111111111101110000111
1111111111111111101110000000
1111111111111111101101110010
1111111111111111101101101100
1111111111111111101101011101
1111111111111111101101010110
1111111111111111101101001010
1111111111111111101101000001
1111111111111111101100110111
1111111111111111101100101111
1111111111111111101100100010
1111111111111111101100010101
1111111111111111101100001001
1111111111111111101011111111
1111111111111111101011111000
1111111111111111101011010101
1111111111111111101011100101
1111111111111111101011011011
1111111111111111101011001111
1111111111111111101011000100
1111111111111111101010110111
1111111111111111101010110000
1111111111111111101010100011
1111111111111111101010011000
1111111111111111101010001110
1111111111111111101010001000
1111111111111111101001111111
1111111111111111101001110001
1111111111111111101001100001
1111111111111111101001011000
1111111111111111101001010000
1111111111111111101001001010
1111111111111111101000110111
1111111111111111101000101111
1111111111111111101000100111
1111111111111111101000100000
1111111111111111101000010111
1111111111111111101000001100
1111111111111111100111111111
1111111111111111100111110100
1111111111111111100111100011
1111111111111111100111011110
1111111111111111100111001110
1111111111111111100111001001
1111111111111111100110111100
1111111111111111100110110010
1111111111111111100110011101
1111111111111111100110011001
1111111111111111100110010101
1111111111111111100110000111
1111111111111111100101111001
1111111111111111100101110011
1111111111111111100101100000
1111111111111111100101011011
1111111111111111100101010010
1111111111111111100101001000
1111111111111111100100111101
1111111111111111100100110000
1111111111111111100100100111
1111111111111111100100100100
1111111111111111100100010001
1111111111111111100100000011
1111111111111111100011111110
1111111111111111100011101000
1111111111111111100011100010
1111111111111111100011011100
1111111111111111100011010010
1111111111111111100011001000
1111111111111111100010111001
1111111111111111100010101110
1111111111111111100010100001
1111111111111111100010011001
1111111111111111100010001011
1111111111111111100010000000
1111111111111111100001110111
1111111111111111100001101101
1111111111111111100001100000
1111111111111111100001010010
1111111111111111100001001111
1111111111111111100000111101
1111111111111111100000111010
1111111111111111100000101101
1111111111111111100000011100
1111111111111111100000011001
1111111111111111100000001010
1111111111111111100000000000
1111111111111111011111110111
1111111111111111011111100111
1111111111111111011111011001
1111111111111111011111010001
1111111111111111011111000000
1111111111111111011110110100
1111111111111111011110110111
1111111111111111011110101000
1111111111111111011110011000
1111111111111111011110001011
1111111111111111011101111110
1111111111111111011101111101
1111111111111111011101101101
1111111111111111011101011101
1111111111111111011101011011
1111111111111111011101000111
1111111111111111011101000111
1111111111111111011100110111
1111111111111111011100100000
1111111111111111011100011001
1111111111111111011100010110
1111111111111111011100000110
1111111111111111011011110110
1111111111111111011011110001
1111111111111111011011011100
1111111111111111011011011010
1111111111111111011011001101
1111111111111111011010111101
1111111111111111011010110100
1111111111111111011010101000
1111111111111111011010100001
1111111111111111011010010101
1111111111111111011010001011
1111111111111111011001111101
1111111111111111011001101100
1111111111111111011001100000
1111111111111111011001011101
1111111111111111011001001110
1111111111111111011001000100
1111111111111111011000110010
1111111111111111011000110100
1111111111111111011000011001
1111111111111111011000010001
1111111111111111011000001000
1111111111111111010111111110
1111111111111111010111110010
1111111111111111010111100100
1111111111111111010111011001
1111111111111111010110111111
1111111111111111010111000000
1111111111111111010110101011
1111111111111111010110100100
1111111111111111010110100001
1111111111111111010110010000
1111111111111111010101111110
1111111111111111010101111000
1111111111111111010101110000
1111111111111111010101011011
1111111111111111010101010111
1111111111111111010101000111
1111111111111111010100111100
1111111111111111010100101010
1111111111111111010100100100
1111111111111111010100010100
1111111111111111010100001001
1111111111111111010011111100
1111111111111111010100000001
1111111111111111010011101100
1111111111111111010011010010
1111111111111111010011010101
1111111111111111010011000010
1111111111111111010010110000
1111111111111111010010101001
1111111111111111010010011011
1111111111111111010010010010
1111111111111111010010001100
1111111111111111010001110110
1111111111111111010001101011
1111111111111111010001100010
1111111111111111010001011100
1111111111111111010001001101
1111111111111111010001000001
1111111111111111010000101010
1111111111111111010000100000
1111111111111111010000010101
1111111111111111010000001110
1111111111111111010000000000
1111111111111111001111101111
1111111111111111001111100100
1111111111111111001111011000
1111111111111111001111010100
1111111111111111001110111111
1111111111111111001110110100
1111111111111111001110011111
1111111111111111001110010010
1111111111111111001110001001
1111111111111111001101111000
1111111111111111001101110011
1111111111111111001101110001
1111111111111111001101010010
1111111111111111001101001011
1111111111111111001100110101
1111111111111111001100110101
1111111111111111001100101100
1111111111111111001100011001
1111111111111111001100001101
1111111111111111001011111001
1111111111111111001011101001
1111111111111111001011101010
1111111111111111001011010111
1111111111111111001011001011
1111111111111111001010111011
1111111111111111001010111010
1111111111111111001010101001
1111111111111111001010011000
1111111111111111001010001111
1111111111111111001010000110
1111111111111111001001101001
1111111111111111001001100110
1111111111111111001001001011
1111111111111111001001001111
1111111111111111001000110100
1111111111111111001000100001
1111111111111111001000100001
1111111111111111001000010100
1111111111111111001000001100
1111111111111111000111111101
1111111111111111000111101110
1111111111111111000111011111
1111111111111111000111011101
1111111111111111000110111100
1111111111111111000110110011
1111111111111111000110101001
1111111111111111000110010110
1111111111111111000110001110
1111111111111111000101111100
1111111111111111000101101001
1111111111111111000101011101
1111111111111111000101010100
1111111111111111000101001000
1111111111111111000100111100
1111111111111111000100101110
1111111111111111000100011011
1111111111111111000100001110
1111111111111111000100000010
1111111111111111000011111010
1111111111111111000011101100
1111111111111111000011001110
1111111111111111000011000111
1111111111111111000011000011
1111111111111111000010101110
1111111111111111000010101000
1111111111111111000010010110
1111111111111111000010000000
1111111111111111000001111111
1111111111111111000001101000
1111111111111111000001010101
1111111111111111000001001011
1111111111111111000000111010
1111111111111111000000111110
1111111111111111000000010010
1111111111111111000000010010
1111111111111110111111111001
1111111111111110111111110000
1111111111111110111111011110
1111111111111110111111010000
1111111111111110111111010000
1111111111111110111110110110
1111111111111110111110110011
1111111111111110111110101000
1111111111111110111110001111
1111111111111110111110001000
1111111111111110111101101001
1111111111111110111101100000
1111111111111110111101010010
1111111111111110111101000111
1111111111111110111101000100
1111111111111110111100100111
1111111111111110111100011111
1111111111111110111100010010
1111111111111110111011111111
1111111111111110111011100111
1111111111111110111011011110
1111111111111110111011001100
1111111111111110111010111001
1111111111111110111001010110
1111111111111110111010010111
1111111111111110111010010000
1111111111111110111010000101
1111111111111110111001101010
1111111111111110111001010101
1111111111111110111001000111
1111111111111110111001010000
1111111111111110111000110000
1111111111111110111000100000
1111111111111110111000001001
1111111111111110111000000111
1111111111111110110111111010
1111111111111110110111110000
1111111111111110110111001011
1111111111111110110111010011
1111111111111110110110101111
1111111111111110110110110000
1111111111111110110110010100
1111111111111110110110000000
1111111111111110110101101100
1111111111111110110101100000
1111111111111110110101000010
1111111111111110110101000011
1111111111111110110100110011
1111111111111110110100101100
1111111111111110110100001010
1111111111111110110011111011
1111111111111110110011101000
1111111111111110110011100110
1111111111111110110011001110
1111111111111110110011000111
1111111111111110110010101100
1111111111111110110010011010
1111111111111110110010010011
1111111111111110110010000111
1111111111111110110001111011
1111111111111110110001100000
1111111111111110110001010111
1111111111111110110001001000
1111111111111110110000100001
1111111111111110110000010100
1111111111111110110000000100
1111111111111110101111110101
1111111111111110101111101100
1111111111111110101111001110
1111111111111110101111000001
1111111111111110101110101101
1111111111111110101110010111
1111111111111110101110000000
1111111111111110101101110110
1111111111111110101101110101
1111111111111110101101100101
1111111111111110101101000001
1111111111111110101100101111
1111111111111110101100101110
1111111111111110101100010101
1111111111111110101100000001
1111111111111110101011111010
1111111111111110101011011001
1111111111111110101011010001
1111111111111110101011000001
1111111111111110101010101011
1111111111111110101010011010
1111111111111110101010000111
1111111111111110101001110001
1111111111111110101001101100
1111111111111110101001011101
1111111111111110101000111011
1111111111111110101000110011
1111111111111110101000010010
1111111111111110101000000110
1111111111111110100111110001
1111111111111110100111100111
1111111111111110100111001101
1111111111111110100110110110
1111111111111110100110110101
1111111111111110100110011111
1111111111111110100101110010
1111111111111110100101110001
1111111111111110100101100011
1111111111111110100101001011
1111111111111110100100110111
1111111111111110100100101000
1111111111111110100100010010
1111111111111110100011110011
1111111111111110100011101100
1111111111111110100011001110
1111111111111110100011000010
1111111111111110100010110100
1111111111111110100010011011
1111111111111110100010001101
1111111111111110100001110100
1111111111111110100001111001
1111111111111110100001001010
1111111111111110100000111001
1111111111111110100000100110
1111111111111110100000001110
1111111111111110011111111011
1111111111111110011111011010
1111111111111110011111000001
1111111111111110011111000100
1111111111111110011110101011
1111111111111110011110001000
1111111111111110011110001110
1111111111111110011101110011
1111111111111110011101001011
1111111111111110011101000000
1111111111111110011100110001
1111111111111110011100000100
1111111111111110011100000111
1111111111111110011011110000
1111111111111110011011011101
1111111111111110011011000111
1111111111111110011010101010
1111111111111110011010001110
1111111111111110011001110101
1111111111111110011001111010
1111111111111110011001100101
1111111111111110011001000100
1111111111111110011000110001
1111111111111110011000011110
1111111111111110011000000010
1111111111111110010111100100
1111111111111110010111011001
1111111111111110010110111011
1111111111111110010110100111
1111111111111110010110010001
1111111111111110010101110001
1111111111111110010101101000
1111111111111110010101000011
1111111111111110010100111111
1111111111111110010100010011
1111111111111110010100001111
1111111111111110010011101011
1111111111111110010011100000
1111111111111110010011000110
1111111111111110010010100100
1111111111111110010010011111
1111111111111110010001111011
1111111111111110010001011110
1111111111111110010000110011
1111111111111110010000110000
1111111111111110010000011010
1111111111111110010000001101
1111111111111110001111111000
1111111111111110001111010001
1111111111111110001110111000
1111111111111110001110110111
1111111111111110001110001101
1111111111111110001101100000
1111111111111110001101011111
1111111111111110001101000101
1111111111111110001100100100
1111111111111110001100010001
1111111111111110001011101110
1111111111111110001011011001
1111111111111110001011000101
1111111111111110001010100010
1111111111111110001010011010
1111111111111110001001111000
1111111111111110001001001110
1111111111111110001001000100
1111111111111110001000101000
1111111111111110001000100111
1111111111111110000111110101
1111111111111110000111101011
1111111111111110000110111110
1111111111111110000110110101
1111111111111110000110001011
1111111111111110000101101110
1111111111111110000101001110
1111111111111110000100110000
1111111111111110000100101001
1111111111111110000100000000
1111111111111110000011100111
1111111111111110000011011010
1111111111111110000010110000
1111111111111110000010001100
1111111111111110000010000001
1111111111111110000001101110
1111111111111110000001010011
1111111111111110000000011100
1111111111111110000000011101
1111111111111101111111100101
1111111111111101111111100000
1111111111111101111111001000
1111111111111101111110101010
1111111111111101111101110110
1111111111111101111101100100
1111111111111101111100110100
1111111111111101111100101111
1111111111111101111011110111
1111111111111101111011010100
1111111111111101111011000111
1111111111111101111010101111
1111111111111101111010001011
1111111111111101111001101110
1111111111111101111000111110
1111111111111101111000110110
1111111111111101111000010100
1111111111111101110111110100
1111111111111101110111001100
1111111111111101110110110110
1111111111111101110110011011
1111111111111101110110000111
1111111111111101110101010101
1111111111111101110100110011
1111111111111101110100100001
1111111111111101110011110000
1111111111111101110011100011
1111111111111101110010110111
1111111111111101110010011001
1111111111111101110001110011
1111111111111101110001010101
1111111111111101110000101111
1111111111111101110000010111
1111111111111101101111110011
1111111111111101101111000101
1111111111111101101110100110
1111111111111101101110010000
1111111111111101101101110101
1111111111111101101100111000
1111111111111101101100111000
1111111111111101101011111110
1111111111111101101011101001
1111111111111101101011000010
1111111111111101101010010101
1111111111111101101001101010
1111111111111101101000111110
1111111111111101101000100001
1111111111111101101000000000
1111111111111101100111100110
1111111111111101100110111011
1111111111111101100110000101
1111111111111101100101111001
1111111111111101100101001101
1111111111111101100100101011
1111111111111101100011110001
1111111111111101100011001110
1111111111111101100010100001
1111111111111101100010001000
1111111111111101100001101110
1111111111111101100000110111
1111111111111101100000010000
1111111111111101011111110110
1111111111111101011111001010
1111111111111101011110011001
1111111111111101011101101010
1111111111111101011101001000
1111111111111101011100110011
1111111111111101011100000100
1111111111111101011011100010
1111111111111101011010100101
1111111111111101011010001100
1111111111111101011001011010
1111111111111101010101101111
1111111111111101010111111111
1111111111111101010111011011
1111111111111101010110111000
1111111111111101010110000101
1111111111111101010101010010
1111111111111101010100101100
1111111111111101010011111011
1111111111111101010011010001
1111111111111101010010001101
1111111111111101010001101001
1111111111111101010001000011
1111111111111101010000100110
1111111111111101001111010010
1111111111111101001111001000
1111111111111101001110001001
1111111111111101001101101101
1111111111111101001100110010
1111111111111101001011111101
1111111111111101001011101001
1111111111111101001010101011
1111111111111101001001111000
1111111111111101001001000111
1111111111111101001000001010
1111111111111101000111101111
1111111111111101000110100111
1111111111111101000101110011
1111111111111101000100111100
1111111111111101000100001111
1111111111111101000011100010
1111111111111101000010100111
1111111111111101000001111110
1111111111111101000001001000
1111111111111101000000011110
1111111111111100111111011001
1111111111111100111110110011
1111111111111100111101011101
1111111111111100111101000111
1111111111111100111011111011
1111111111111100111010111111
1111111111111100111010000110
1111111111111100111001000101
1111111111111100111000010101
1111111111111100110111000101
1111111111111100110110101101
1111111111111100110101011010
1111111111111100110100100111
1111111111111100110011101101
1111111111111100110010110010
1111111111111100110001110111
1111111111111100110001001110
1111111111111100110000001000
1111111111111100101110110010
1111111111111100101101101010
1111111111111100101101010010
1111111111111100101100010110
1111111111111100101011000010
1111111111111100101010001110
1111111111111100101000111000
1111111111111100101000000100
1111111111111100100110100101
1111111111111100100101110110
1111111111111100100100100101
1111111111111100100011101011
1111111111111100100010110111
1111111111111100100001101100
1111111111111100100000101111
1111111111111100011111011011
1111111111111100011110000101
1111111111111100011101001101
1111111111111100011100000011
1111111111111100011010110011
1111111111111100011001101110
1111111111111100011000101101
1111111111111100010111100011
1111111111111100010101111111
1111111111111100010101000001
1111111111111100010011111110
1111111111111100010010011001
1111111111111100010001010010
1111111111111100010000000101
1111111111111100001110111101
1111111111111100001101100010
1111111111111100001100000011
1111111111111100001010111001
1111111111111100001001111001
1111111111111100001000001110
1111111111111100000110111001
1111111111111100000101011100
1111111111111100000100011111
1111111111111100000010110110
1111111111111100000001100101
1111111111111011111111111100
1111111111111011111110010010
1111111111111011111101001010
1111111111111011111011111000
1111111111111011111001101101
1111111111111011111001000101
1111111111111011110110111111
1111111111111011110101111010
1111111111111011110100001110
1111111111111011110010011000
1111111111111011110001000011
1111111111111011101111011111
1111111111111011101101101100
1111111111111011101100010101
1111111111111011101010010100
1111111111111011101000111101
1111111111111011100111001110
1111111111111011100101010110
1111111111111011100011111011
1111111111111011100001110101
1111111111111011100000011101
1111111111111011011110001110
1111111111111011011100100101
1111111111111011011010100100
1111111111111011011000111001
1111111111111011010110111100
1111111111111011010101000001
1111111111111011010010111101
1111111111111011010000111101
1111111111111011001110111101
1111111111111011001101000101
1111111111111011001010110100
1111111111111011001000101111
1111111111111011000110111111
1111111111111011000100110001
1111111111111011000010100111
1111111111111011000000000001
1111111111111010111101110100
1111111111111010111011110011
1111111111111010111001011011
1111111111111010110110111000
1111111111111010110100110001
1111111111111010110010011100
1111111111111010101111101101
1111111111111010101101011101
1111111111111010101010111000
1111111111111010101000010000
1111111111111010100110011000
1111111111111010100011010110
1111111111111010100000001110
1111111111111010011110000101
1111111111111010011010110011
1111111111111010011000010100
1111111111111010010100110001
1111111111111010010010100000
1111111111111010001111001101
1111111111111010001100001101
1111111111111010001001000000
1111111111111010000110001010
1111111111111010000010110110
1111111111111001111111101010
1111111111111001111100001101
1111111111111001111001000111
1111111111111001110101101110
1111111111111001110010001101
1111111111111001101110110000
1111111111111001101010111110
1111111111111001100110110111
1111111111111001100011011010
1111111111111001011111110001
1111111111111001011100000000
1111111111111001011000001111
1111111111111001010011101110
1111111111111001001111110110
1111111111111001001011101000
1111111111111001000111000100
1111111111111001000010011111
1111111111111000111110001111
1111111111111000111001100111
1111111111111000110101010010
1111111111111000110000000101
1111111111111000101011100000
1111111111111000100110000001
1111111111111000100001000010
1111111111111000011011111010
1111111111111000010110110000
1111111111111000010001001001
1111111111111000001011101000
1111111111111000000101101001
1111111111110111111111011000
1111111111110111111001011000
1111111111110111110011001001
1111111111110111101100101011
1111111111110111100110010001
1111111111110111011111100110
1111111111110111011000100101
1111111111110111010001010010
1111111111110111001001110001
1111111111110111000010001010
1111111111110110111010010011
1111111111110110110010010010
1111111111110110101001100110
1111111111110110100001010010
1111111111110110011000110001
1111111111110110001111011100
1111111111110110000110000010
1111111111110101111100100010
1111111111110101110010011010
1111111111110101100111100100
1111111111110101011100111011
1111111111110101010001111111
1111111111110101000110011001
1111111111110100111010011001
1111111111110100101110000000
1111111111110100100001001001
1111111111110100010011100110
1111111111110100000101100110
1111111111110011110110111000
1111111111110011100111100011
1111111111110011010111101000
1111111111110011000111000000
1111111111110010110101110011
1111111111110010100011110000
1111111111110010010000100000
1111111111110001111100011110
1111111111110001100111011100
1111111111110001010001100011
1111111111110000111010001011
1111111111110000100001110110
1111111111110000001000001110
1111111111101111101100100110
1111111111101111001111110001
1111111111101110110001000110
1111111111101110010000001100
1111111111101101101101101000
1111111111101101000111101111
1111111111101100011111101110
1111111111101011110100101100
1111111111101011000110110001
1111111111101010010101001001
1111111111101001011110111111
1111111111101000100100101000
1111111111100111100100100001
1111111111100110011110100111
1111111111100101010000111001
1111111111100011111100010001
1111111111100010011101101111
1111111111100000110100011000
1111111111011110111101011100
1111111111011100110110101111
1111111111011010011101001111
1111111111010111101011000110
1111111111010100011011011000
1111111111010000100110100101
1111111111001100000000000001
1111111111000110010111110010
1111111110111111010100111100
1111111110110110010000100101
1111111110101010001000010010
1111111110011001000110001010
1111111101111111011010100100
1111111101010100001111100101
1111111011111100100001100011
1111110111101001101100010000
0001111100101100110110110100
0000000111010011111011111100
0000000011110000001001100100
0000000010100001000111110101
0000000001111000111111010110
0000000001100000101101011100
0000000001010000011100001011
0000000001000100110001001110
0000000000111011111111101100
0000000000110101001001110101
0000000000101111101011001100
0000000000101011001011001011
0000000000100111011011011001
0000000000100100010000000111
0000000000100001100001101111
0000000000011111001010001010
0000000000011101000101100001
0000000000011011010000010000
0000000000011001100111101100
0000000000011000001010011101
0000000000010110110110010110
0000000000010101101001111000
0000000000010100100100110111
0000000000010011100101010001
0000000000010010101011100010
0000000000010001110101110010
0000000000010001000100001110
0000000000010000010101111100
0000000000001111101011010010
0000000000001111000011110010
0000000000001110011110001001
0000000000001101111011110011
0000000000001101011010110101
0000000000001100111100000110
0000000000001100011110101100
0000000000001100000011010000
0000000000001011101001010110
0000000000001011010000100111
0000000000001010111000111111
0000000000001010100010110001
0000000000001010001101110111
0000000000001001111001110011
0000000000001001100110101111
0000000000001001010100001100
0000000000001001000010110011
0000000000001000110001110111
0000000000001000100001100011
0000000000001000010010010100
0000000000001000000011000100
0000000000000111110101001010
0000000000000111100111001011
0000000000000111011001101000
0000000000000111001100101011
0000000000000111000000100110
0000000000000110110100010001
0000000000000110101001001011
0000000000000110011110001101
0000000000000110010011010110
0000000000000110001000011000
0000000000000101111101111010
0000000000000101110100001111
0000000000000101101010111100
0000000000000101100001000111
0000000000000101011000110001
0000000000000101001111010101
0000000000000101000111001011
0000000000000100111110100110
0000000000000100110110011110
0000000000000100101110010111
0000000000000100100110110000
0000000000000100011111000001
0000000000000100010111100001
0000000000000100010000001011
0000000000000100001001001000
0000000000000100000010010101
0000000000000011111011100011
0000000000000011110100110110
0000000000000011101110101001
0000000000000011101000010101
0000000000000011100010001010
0000000000000011011011111010
0000000000000011010101111100
0000000000000011001111110010
0000000000000011001010010000
0000000000000011000100110000
0000000000000010111110111101
0000000000000010111001011001
0000000000000010110100001011
0000000000000010101110101011
0000000000000010101001100011
0000000000000010100100010110
0000000000000010011111010011
0000000000000010011001111110
0000000000000010010100111001
0000000000000010010000011101
0000000000000010001011100010
0000000000000010000110110011
0000000000000010000001101110
0000000000000001111101010010
0000000000000001111000100000
0000000000000001110011110110
0000000000000001101111100100
0000000000000001101011000010
0000000000000001100110100110
0000000000000001100010001100
0000000000000001011101111010
0000000000000001011001100110
0000000000000001010100111101
0000000000000001010001000000
0000000000000001001100101110
0000000000000001001000001001
0000000000000001000011111100
0000000000000001000000001001
0000000000000000111100010000
0000000000000000110111100100
0000000000000000110011110100
0000000000000000101111110001
0000000000000000101011101001
0000000000000000100111101100
0000000000000000100011110110
0000000000000000011111111101
0000000000000000011011101010
0000000000000000010111011000
0000000000000000010011100111
0000000000000000001111111110
0000000000000000001100000101
0000000000000000001000001011
0000000000000000000100001110
