0000000000000000000000000000
1111111111110011011100100011
1111111111110011011101010101
1111111111110011011110000111
1111111111110011011110111010
1111111111110011011111101100
1111111111110011100000011110
1111111111110011100001010001
1111111111110011100010000011
1111111111110011100010110101
1111111111110011100011100111
1111111111110011100100011010
1111111111110011100101001100
1111111111110011100101111110
1111111111110011100110110000
1111111111110011100111100011
1111111111110011101000010101
1111111111110011101001000111
1111111111110011101001111001
1111111111110011101010101100
1111111111110011101011011110
1111111111110011101100010000
1111111111110011101101000010
1111111111110011101101110101
1111111111110011101110100111
1111111111110011101111011001
1111111111110011110000001100
1111111111110011110000111110
1111111111110011110001110000
1111111111110011110010100010
1111111111110011110011010101
1111111111110011110100000111
1111111111110011110100111001
1111111111110011110101101011
1111111111110011110110011110
1111111111110011110111010000
1111111111110011111000000010
1111111111110011111000110100
1111111111110011111001100111
1111111111110011111010011001
1111111111110011111011001011
1111111111110011111011111110
1111111111110011111100110000
1111111111110011111101100010
1111111111110011111110010100
1111111111110011111111000111
1111111111110011111111111001
1111111111110100000000101011
1111111111110100000001011101
1111111111110100000010010000
1111111111110100000011000010
1111111111110100000011110100
1111111111110100000100100110
1111111111110100000101011001
1111111111110100000110001011
1111111111110100000110111101
1111111111110100000111110000
1111111111110100001000100010
1111111111110100001001010100
1111111111110100001010000110
1111111111110100001010111001
1111111111110100001011101011
1111111111110100001100011101
1111111111110100001101001111
1111111111110100001110000010
1111111111110100001110110100
1111111111110100001111100110
1111111111110100010000011000
1111111111110100010001001011
1111111111110100010001111101
1111111111110100010010101111
1111111111110100010011100001
1111111111110100010100010100
1111111111110100010101000110
1111111111110100010101111000
1111111111110100010110101011
1111111111110100010111011101
1111111111110100011000001111
1111111111110100011001000001
1111111111110100011001110100
1111111111110100011010100110
1111111111110100011011011000
1111111111110100011100001010
1111111111110100011100111101
1111111111110100011101101111
1111111111110100011110100001
1111111111110100011111010011
1111111111110100100000000110
1111111111110100100000111000
1111111111110100100001101010
1111111111110100100010011101
1111111111110100100011001111
1111111111110100100100000001
1111111111110100100100110011
1111111111110100100101100110
1111111111110100100110011000
1111111111110100100111001010
1111111111110100100111111100
1111111111110100101000101111
1111111111110100101001100001
1111111111110100101010010011
1111111111110100101011000101
1111111111110100101011111000
1111111111110100101100101010
1111111111110100101101011100
1111111111110100101110001111
1111111111110100101111000001
1111111111110100101111110011
1111111111110100110000100101
1111111111110100110001011000
1111111111110100110010001010
1111111111110100110010111100
1111111111110100110011101110
1111111111110100110100100001
1111111111110100110101010011
1111111111110100110110000101
1111111111110100110110110111
1111111111110100110111101010
1111111111110100111000011100
1111111111110100111001001110
1111111111110100111010000001
1111111111110100111010110011
1111111111110100111011100101
1111111111110100111100010111
1111111111110100111101001010
1111111111110100111101111100
1111111111110100111110101110
1111111111110100111111100000
1111111111110101000000010011
0000000000001110001001100100
0000000000001110001010010110
0000000000001110001011001000
0000000000001110001011111010
0000000000001110001100101101
0000000000001110001101011111
0000000000001110001110010001
0000000000001110001111000011
0000000000001110001111110110
0000000000001110010000101000
0000000000001110010001011010
0000000000001110010010001101
0000000000001110010010111111
0000000000001110010011110001
0000000000001110010100100011
0000000000001110010101010110
0000000000001110010110001000
0000000000001110010110111010
0000000000001110010111101100
0000000000001110011000011111
0000000000001110011001010001
0000000000001110011010000011
0000000000001110011010110101
0000000000001110011011101000
0000000000001110011100011010
0000000000001110011101001100
0000000000001110011101111111
0000000000001110011110110001
0000000000001110011111100011
0000000000001110100000010101
0000000000001110100001001000
0000000000001110100001111010
0000000000001110100010101100
0000000000001110100011011110
0000000000001110100100010001
0000000000001110100101000011
0000000000001110100101110101
0000000000001110100110100111
0000000000001110100111011010
0000000000001110101000001100
0000000000001110101000111110
0000000000001110101001110000
0000000000001110101010100011
0000000000001110101011010101
0000000000001110101100000111
0000000000001110101100111010
0000000000001110101101101100
0000000000001110101110011110
0000000000001110101111010000
0000000000001110110000000011
0000000000001110110000110101
0000000000001110110001100111
0000000000001110110010011001
0000000000001110110011001100
0000000000001110110011111110
0000000000001110110100110000
0000000000001110110101100010
0000000000001110110110010101
0000000000001110110111000111
0000000000001110110111111001
0000000000001110111000101100
0000000000001110111001011110
0000000000001110111010010000
0000000000001110111011000010
0000000000001110111011110101
0000000000001110111100100111
0000000000001110111101011001
0000000000001110111110001011
0000000000001110111110111110
0000000000001110111111110000
0000000000001111000000100010
0000000000001111000001010100
0000000000001111000010000111
0000000000001111000010111001
0000000000001111000011101011
0000000000001111000100011110
0000000000001111000101010000
0000000000001111000110000010
0000000000001111000110110100
0000000000001111000111100111
0000000000001111001000011001
0000000000001111001001001011
0000000000001111001001111101
0000000000001111001010110000
0000000000001111001011100010
0000000000001111001100010100
0000000000001111001101000110
0000000000001111001101111001
0000000000001111001110101011
0000000000001111001111011101
0000000000001111010000001111
0000000000001111010001000010
0000000000001111010001110100
0000000000001111010010100110
0000000000001111010011011001
0000000000001111010100001011
0000000000001111010100111101
0000000000001111010101101111
0000000000001111010110100010
0000000000001111010111010100
0000000000001111011000000110
0000000000001111011000111000
0000000000001111011001101011
0000000000001111011010011101
0000000000001111011011001111
0000000000001111011100000001
0000000000001111011100110100
0000000000001111011101100110
0000000000001111011110011000
0000000000001111011111001011
0000000000001111011111111101
0000000000001111100000101111
0000000000001111100001100001
0000000000001111100010010100
0000000000001111100011000110
0000000000001111100011111000
0000000000001111100100101010
0000000000001111100101011101
0000000000001111100110001111
0000000000001111100111000001
0000000000001111100111110011
0000000000001111101000100110
0000000000001111101001011000
0000000000001111101010001010
0000000000001111101010111101
0000000000001111101011101111
0000000000001111101100100001
0000000000001111101101010011
0000000000001111101110000110
0000000000001111101110111000
0000000000001111101111101010
0000000000001111110000011100
0000000000001111110001001111
0000000000001111110010000001
0000000000001111110010110011
0000000000001111110011100101
0000000000001111110100011000
0000000000001111110101001010
0000000000001111110101111100
0000000000001111110110101111
0000000000001111110111100001
0000000000001111111000010011
0000000000001111111001000101
0000000000001111111001111000
0000000000001111111010101010
0000000000001111111011011100
0000000000001111111100001110
0000000000001111111101000001
0000000000001111111101110011
0000000000001111111110100101
0000000000001111111111010111
0000000000010000000000001010
0000000000010000000000111100
0000000000010000000001101110
0000000000010000000010100000
0000000000010000000011010011
0000000000010000000100000101
0000000000010000000100110111
0000000000010000000101101010
0000000000010000000110011100
0000000000010000000111001110
0000000000010000001000000000
0000000000010000001000110011
0000000000010000001001100101
0000000000010000001010010111
0000000000010000001011001001
0000000000010000001011111100
0000000000010000001100101110
0000000000010000001101100000
0000000000010000001110010010
0000000000010000001111000101
0000000000010000001111110111
0000000000010000010000101001
0000000000010000010001011100
0000000000010000010010001110
0000000000010000010011000000
0000000000010000010011110010
0000000000010000010100100101
0000000000010000010101010111
0000000000010000010110001001
0000000000010000010110111011
0000000000010000010111101110
0000000000010000011000100000
0000000000010000011001010010
0000000000010000011010000100
0000000000010000011010110111
0000000000010000011011101001
0000000000010000011100011011
0000000000010000011101001110
0000000000010000011110000000
0000000000010000011110110010
0000000000010000011111100100
0000000000010000100000010111
0000000000010000100001001001
0000000000010000100001111011
0000000000010000100010101101
0000000000010000100011100000
0000000000010000100100010010
0000000000010000100101000100
0000000000010000100101110110
0000000000010000100110101001
0000000000010000100111011011
0000000000010000101000001101
0000000000010000101000111111
0000000000010000101001110010
0000000000010000101010100100
0000000000010000101011010110
0000000000010000101100001001
0000000000010000101100111011
0000000000010000101101101101
0000000000010000101110011111
0000000000010000101111010010
0000000000010000110000000100
0000000000010000110000110110
0000000000010000110001101000
0000000000010000110010011011
0000000000010000110011001101
0000000000010000110011111111
0000000000010000110100110001
0000000000010000110101100100
0000000000010000110110010110
0000000000010000110111001000
0000000000010000110111111011
0000000000010000111000101101
0000000000010000111001011111
0000000000010000111010010001
0000000000010000111011000100
0000000000010000111011110110
0000000000010000111100101000
0000000000010000111101011010
0000000000010000111110001101
0000000000010000111110111111
0000000000010000111111110001
0000000000010001000000100011
0000000000010001000001010110
0000000000010001000010001000
0000000000010001000010111010
0000000000010001000011101101
0000000000010001000100011111
0000000000010001000101010001
0000000000010001000110000011
0000000000010001000110110110
0000000000010001000111101000
0000000000010001001000011010
0000000000010001001001001100
0000000000010001001001111111
0000000000010001001010110001
0000000000010001001011100011
0000000000010001001100010101
0000000000010001001101001000
0000000000010001001101111010
0000000000010001001110101100
0000000000010001001111011111
0000000000010001010000010001
0000000000010001010001000011
0000000000010001010001110101
0000000000010001010010101000
0000000000010001010011011010
0000000000010001010100001100
0000000000010001010100111110
0000000000010001010101110001
0000000000010001010110100011
0000000000010001010111010101
0000000000010001011000000111
0000000000010001011000111010
0000000000010001011001101100
0000000000010001011010011110
0000000000010001011011010000
0000000000010001011100000011
0000000000010001011100110101
0000000000010001011101100111
0000000000010001011110011010
0000000000010001011111001100
0000000000010001011111111110
0000000000010001100000110000
0000000000010001100001100011
0000000000010001100010010101
0000000000010001100011000111
0000000000010001100011111001
0000000000010001100100101100
0000000000010001100101011110
0000000000010001100110010000
0000000000010001100111000010
0000000000010001100111110101
0000000000010001101000100111
0000000000010001101001011001
0000000000010001101010001100
0000000000010001101010111110
0000000000010001101011110000
0000000000010001101100100010
0000000000010001101101010101
0000000000010001101110000111
0000000000010001101110111001
0000000000010001101111101011
0000000000010001110000011110
0000000000010001110001010000
0000000000010001110010000010
0000000000010001110010110100
0000000000010001110011100111
0000000000010001110100011001
0000000000010001110101001011
0000000000010001110101111110
0000000000010001110110110000
0000000000010001110111100010
0000000000010001111000010100
0000000000010001111001000111
0000000000010001111001111001
0000000000010001111010101011
0000000000010001111011011101
0000000000010001111100010000
0000000000010001111101000010
0000000000010001111101110100
0000000000010001111110100110
0000000000010001111111011001
0000000000010010000000001011
0000000000010010000000111101
0000000000010010000001101111
0000000000010010000010100010
0000000000010010000011010100
0000000000010010000100000110
0000000000010010000100111001
0000000000010010000101101011
0000000000010010000110011101
0000000000010010000111001111
0000000000010010001000000010
0000000000010010001000110100
0000000000010010001001100110
0000000000010010001010011000
0000000000010010001011001011
0000000000010010001011111101
0000000000010010001100101111
0000000000010010001101100001
0000000000010010001110010100
0000000000010010001111000110
0000000000010010001111111000
0000000000010010010000101011
0000000000010010010001011101
0000000000010010010010001111
0000000000010010010011000001
0000000000010010010011110100
0000000000010010010100100110
0000000000010010010101011000
0000000000010010010110001010
0000000000010010010110111101
0000000000010010010111101111
0000000000010010011000100001
0000000000010010011001010011
0000000000010010011010000110
0000000000010010011010111000
0000000000010010011011101010
0000000000010010011100011101
0000000000010010011101001111
0000000000010010011110000001
0000000000010010011110110011
0000000000010010011111100110
0000000000010010100000011000
0000000000010010100001001010
0000000000010010100001111100
0000000000010010100010101111
0000000000010010100011100001
0000000000010010100100010011
0000000000010010100101000101
0000000000010010100101111000
0000000000010010100110101010
0000000000010010100111011100
0000000000010010101000001111
0000000000010010101001000001
0000000000010010101001110011
0000000000010010101010100101
0000000000010010101011011000
0000000000010010101100001010
0000000000010010101100111100
0000000000010010101101101110
0000000000010010101110100001
0000000000010010101111010011
0000000000010010110000000101
0000000000010010110000110111
0000000000010010110001101010
0000000000010010110010011100
0000000000010010110011001110
0000000000010010110100000000
0000000000010010110100110011
0000000000010010110101100101
0000000000010010110110010111
0000000000010010110111001010
0000000000010010110111111100
0000000000010010111000101110
0000000000010010111001100000
0000000000010010111010010011
0000000000010010111011000101
0000000000010010111011110111
0000000000010010111100101001
0000000000010010111101011100
0000000000010010111110001110
0000000000010010111111000000
0000000000010010111111110010
0000000000010011000000100101
0000000000010011000001010111
0000000000010011000010001001
0000000000010011000010111100
0000000000010011000011101110
0000000000010011000100100000
0000000000010011000101010010
0000000000010011000110000101
0000000000010011000110110111
0000000000010011000111101001
0000000000010011001000011011
0000000000010011001001001110
0000000000010011001010000000
0000000000010011001010110010
0000000000010011001011100100
0000000000010011001100010111
0000000000010011001101001001
0000000000010011001101111011
0000000000010011001110101110
0000000000010011001111100000
0000000000010011010000010010
0000000000010011010001000100
0000000000010011010001110111
0000000000010011010010101001
0000000000010011010011011011
0000000000010011010100001101
0000000000010011010101000000
0000000000010011010101110010
0000000000010011010110100100
0000000000010011010111010110
0000000000010011011000001001
0000000000010011011000111011
0000000000010011011001101101
0000000000010011011010011111
0000000000010011011011010010
0000000000010011011100000100
0000000000010011011100110110
0000000000010011011101101001
0000000000010011011110011011
0000000000010011011111001101
0000000000010011011111111111
0000000000010011100000110010
0000000000010011100001100100
0000000000010011100010010110
0000000000010011100011001000
0000000000010011100011111011
0000000000010011100100101101
0000000000010011100101011111
0000000000010011100110010001
0000000000010011100111000100
0000000000010011100111110110
0000000000010011101000101000
0000000000010011101001011011
0000000000010011101010001101
0000000000010011101010111111
0000000000010011101011110001
0000000000010011101100100100
0000000000010011101101010110
0000000000010011101110001000
0000000000010011101110111010
0000000000010011101111101101
0000000000010011110000011111
0000000000010011110001010001
0000000000010011110010000011
0000000000010011110010110110
0000000000010011110011101000
0000000000010011110100011010
0000000000010011110101001101
0000000000010011110101111111
0000000000010011110110110001
0000000000010011110111100011
0000000000010011111000010110
0000000000010011111001001000
0000000000010011111001111010
0000000000010011111010101100
0000000000010011111011011111
0000000000010011111100010001
0000000000010011111101000011
0000000000010011111101110101
0000000000010011111110101000
0000000000010011111111011010
0000000000010100000000001100
0000000000010100000000111111
0000000000010100000001110001
0000000000010100000010100011
0000000000010100000011010101
0000000000010100000100001000
0000000000010100000100111010
0000000000010100000101101100
0000000000010100000110011110
0000000000010100000111010001
0000000000010100001000000011
0000000000010100001000110101
0000000000010100001001100111
0000000000010100001010011010
0000000000010100001011001100
0000000000010100001011111110
0000000000010100001100110000
0000000000010100001101100011
0000000000010100001110010101
0000000000010100001111000111
0000000000010100001111111010
0000000000010100010000101100
0000000000010100010001011110
0000000000010100010010010000
0000000000010100010011000011
0000000000010100010011110101
0000000000010100010100100111
0000000000010100010101011001
0000000000010100010110001100
0000000000010100010110111110
0000000000010100010111110000
0000000000010100011000100010
0000000000010100011001010101
0000000000010100011010000111
0000000000010100011010111001
0000000000010100011011101100
0000000000010100011100011110
0000000000010100011101010000
0000000000010100011110000010
0000000000010100011110110101
0000000000010100011111100111
0000000000010100100000011001
0000000000010100100001001011
0000000000010100100001111110
0000000000010100100010110000
0000000000010100100011100010
0000000000010100100100010100
0000000000010100100101000111
0000000000010100100101111001
0000000000010100100110101011
0000000000010100100111011110
0000000000010100101000010000
0000000000010100101001000010
0000000000010100101001110100
0000000000010100101010100111
0000000000010100101011011001
0000000000010100101100001011
0000000000010100101100111101
0000000000010100101101110000
0000000000010100101110100010
0000000000010100101111010100
0000000000010100110000000110
0000000000010100110000111001
0000000000010100110001101011
0000000000010100110010011101
0000000000010100110011001111
0000000000010100110100000010
0000000000010100110100110100
0000000000010100110101100110
0000000000010100110110011001
0000000000010100110111001011
0000000000010100110111111101
0000000000010100111000101111
0000000000010100111001100010
0000000000010100111010010100
0000000000010100111011000110
0000000000010100111011111000
0000000000010100111100101011
0000000000010100111101011101
0000000000010100111110001111
0000000000010100111111000001
0000000000010100111111110100
0000000000010101000000100110
0000000000010101000001011000
0000000000010101000010001011
0000000000010101000010111101
0000000000010101000011101111
0000000000010101000100100001
0000000000010101000101010100
0000000000010101000110000110
0000000000010101000110111000
0000000000010101000111101010
0000000000010101001000011101
0000000000010101001001001111
0000000000010101001010000001
0000000000010101001010110011
0000000000010101001011100110
0000000000010101001100011000
0000000000010101001101001010
0000000000010101001101111101
0000000000010101001110101111
0000000000010101001111100001
0000000000010101010000010011
0000000000010101010001000110
0000000000010101010001111000
0000000000010101010010101010
0000000000010101010011011100
0000000000010101010100001111
0000000000010101010101000001
0000000000010101010101110011
0000000000010101010110100101
0000000000010101010111011000
0000000000010101011000001010
0000000000010101011000111100
0000000000010101011001101111
0000000000010101011010100001
0000000000010101011011010011
0000000000010101011100000101
0000000000010101011100111000
0000000000010101011101101010
0000000000010101011110011100
0000000000010101011111001110
0000000000010101100000000001
0000000000010101100000110011
0000000000010101100001100101
0000000000010101100010010111
0000000000010101100011001010
0000000000010101100011111100
0000000000010101100100101110
0000000000010101100101100000
0000000000010101100110010011
0000000000010101100111000101
0000000000010101100111110111
0000000000010101101000101010
0000000000010101101001011100
0000000000010101101010001110
0000000000010101101011000000
0000000000010101101011110011
0000000000010101101100100101
0000000000010101101101010111
0000000000010101101110001001
0000000000010101101110111100
0000000000010101101111101110
0000000000010101110000100000
0000000000010101110001010010
0000000000010101110010000101
0000000000010101110010110111
0000000000010101110011101001
0000000000010101110100011100
0000000000010101110101001110
0000000000010101110110000000
0000000000010101110110110010
0000000000010101110111100101
0000000000010101111000010111
0000000000010101111001001001
0000000000010101111001111011
0000000000010101111010101110
0000000000010101111011100000
0000000000010101111100010010
0000000000010101111101000100
0000000000010101111101110111
0000000000010101111110101001
0000000000010101111111011011
0000000000010110000000001110
0000000000010110000001000000
0000000000010110000001110010
0000000000010110000010100100
0000000000010110000011010111
0000000000010110000100001001
0000000000010110000100111011
0000000000010110000101101101
0000000000010110000110100000
0000000000010110000111010010
0000000000010110001000000100
0000000000010110001000110110
0000000000010110001001101001
0000000000010110001010011011
0000000000010110001011001101
0000000000010110001011111111
0000000000010110001100110010
0000000000010110001101100100
0000000000010110001110010110
0000000000010110001111001001
0000000000010110001111111011
0000000000010110010000101101
0000000000010110010001011111
0000000000010110010010010010
0000000000010110010011000100
0000000000010110010011110110
0000000000010110010100101000
0000000000010110010101011011
0000000000010110010110001101
0000000000010110010110111111
0000000000010110010111110001
0000000000010110011000100100
0000000000010110011001010110
0000000000010110011010001000
0000000000010110011010111011
0000000000010110011011101101
0000000000010110011100011111
0000000000010110011101010001
0000000000010110011110000100
0000000000010110011110110110
0000000000010110011111101000
0000000000010110100000011010
0000000000010110100001001101
0000000000010110100001111111
0000000000010110100010110001
0000000000010110100011100011
0000000000010110100100010110
0000000000010110100101001000
0000000000010110100101111010
0000000000010110100110101101
0000000000010110100111011111
0000000000010110101000010001
0000000000010110101001000011
0000000000010110101001110110
0000000000010110101010101000
0000000000010110101011011010
0000000000010110101100001100
0000000000010110101100111111
0000000000010110101101110001
0000000000010110101110100011
0000000000010110101111010101
0000000000010110110000001000
0000000000010110110000111010
0000000000010110110001101100
0000000000010110110010011111
0000000000010110110011010001
0000000000010110110100000011
0000000000010110110100110101
0000000000010110110101101000
0000000000010110110110011010
0000000000010110110111001100
0000000000010110110111111110
0000000000010110111000110001
0000000000010110111001100011
0000000000010110111010010101
0000000000010110111011000111
0000000000010110111011111010
0000000000010110111100101100
0000000000010110111101011110
0000000000010110111110010000
0000000000010110111111000011
0000000000010110111111110101
0000000000010111000000100111
0000000000010111000001011010
0000000000010111000010001100
0000000000010111000010111110
0000000000010111000011110000
0000000000010111000100100011
0000000000010111000101010101
0000000000010111000110000111
0000000000010111000110111001
0000000000010111000111101100
0000000000010111001000011110
0000000000010111001001010000
0000000000010111001010000010
0000000000010111001010110101
0000000000010111001011100111
0000000000010111001100011001
0000000000010111001101001100
0000000000010111001101111110
0000000000010111001110110000
0000000000010111001111100010
0000000000010111010000010101
0000000000010111010001000111
0000000000010111010001111001
0000000000010111010010101011
0000000000010111010011011110
0000000000010111010100010000
0000000000010111010101000010
0000000000010111010101110100
0000000000010111010110100111
0000000000010111010111011001
0000000000010111011000001011
0000000000010111011000111110
0000000000010111011001110000
0000000000010111011010100010
0000000000010111011011010100
0000000000010111011100000111
0000000000010111011100111001
0000000000010111011101101011
0000000000010111011110011101
0000000000010111011111010000
0000000000010111100000000010
0000000000010111100000110100
0000000000010111100001100110
0000000000010111100010011001
0000000000010111100011001011
0000000000010111100011111101
0000000000010111100100101111
0000000000010111100101100010
0000000000010111100110010100
0000000000010111100111000110
0000000000010111100111111001
0000000000010111101000101011
0000000000010111101001011101
0000000000010111101010001111
0000000000010111101011000010
0000000000010111101011110100
0000000000010111101100100110
0000000000010111101101011000
0000000000010111101110001011
0000000000010111101110111101
0000000000010111101111101111
0000000000010111110000100001
0000000000010111110001010100
0000000000010111110010000110
0000000000010111110010111000
0000000000010111110011101011
0000000000010111110100011101
0000000000010111110101001111
0000000000010111110110000001
0000000000010111110110110100
0000000000010111110111100110
0000000000010111111000011000
0000000000010111111001001010
0000000000010111111001111101
0000000000010111111010101111
0000000000010111111011100001
0000000000010111111100010011
0000000000010111111101000110
0000000000010111111101111000
0000000000010111111110101010
0000000000010111111111011101
0000000000011000000000001111
0000000000011000000001000001
0000000000011000000001110011
0000000000011000000010100110
0000000000011000000011011000
0000000000011000000100001010
0000000000011000000100111100
0000000000011000000101101111
0000000000011000000110100001
0000000000011000000111010011
0000000000011000001000000101
0000000000011000001000111000
0000000000011000001001101010
0000000000011000001010011100
0000000000011000001011001111
0000000000011000001100000001
0000000000011000001100110011
0000000000011000001101100101
0000000000011000001110011000
0000000000011000001111001010
0000000000011000001111111100
0000000000011000010000101110
0000000000011000010001100001
0000000000011000010010010011
0000000000011000010011000101
0000000000011000010011110111
0000000000011000010100101010
0000000000011000010101011100
0000000000011000010110001110
0000000000011000010111000000
0000000000011000010111110011
0000000000011000011000100101
0000000000011000011001010111
0000000000011000011010001010
0000000000011000011010111100
0000000000011000011011101110
0000000000011000011100100000
0000000000011000011101010011
0000000000011000011110000101
0000000000011000011110110111
0000000000011000011111101001
0000000000011000100000011100
0000000000011000100001001110
0000000000011000100010000000
0000000000011000100010110010
0000000000011000100011100101
0000000000011000100100010111
0000000000011000100101001001
0000000000011000100101111100
0000000000011000100110101110
0000000000011000100111100000
0000000000011000101000010010
0000000000011000101001000101
0000000000011000101001110111
0000000000011000101010101001
0000000000011000101011011011
0000000000011000101100001110
0000000000011000101101000000
0000000000011000101101110010
0000000000011000101110100100
0000000000011000101111010111
0000000000011000110000001001
0000000000011000110000111011
0000000000011000110001101110
0000000000011000110010100000
0000000000011000110011010010
0000000000011000110100000100
0000000000011000110100110111
0000000000011000110101101001
0000000000011000110110011011
0000000000011000110111001101
0000000000011000111000000000
0000000000011000111000110010
0000000000011000111001100100
0000000000011000111010010110
0000000000011000111011001001
0000000000011000111011111011
0000000000011000111100101101
0000000000011000111101011111
0000000000011000111110010010
0000000000011000111111000100
0000000000011000111111110110
0000000000011001000000101001
0000000000011001000001011011
0000000000011001000010001101
0000000000011001000010111111
0000000000011001000011110010
0000000000011001000100100100
0000000000011001000101010110
0000000000011001000110001000
0000000000011001000110111011
0000000000011001000111101101
0000000000011001001000011111
1111111111100110111000010011
1111111111100110111001000101
1111111111100110111001111000
1111111111100110111010101010
1111111111100110111011011100
1111111111100110111100001110
1111111111100110111101000001
1111111111100110111101110011
1111111111100110111110100101
1111111111100110111111010111
1111111111100111000000001010
1111111111100111000000111100
1111111111100111000001101110
1111111111100111000010100001
1111111111100111000011010011
1111111111100111000100000101
1111111111100111000100110111
1111111111100111000101101010
1111111111100111000110011100
1111111111100111000111001110
1111111111100111001000000000
1111111111100111001000110011
1111111111100111001001100101
1111111111100111001010010111
1111111111100111001011001001
1111111111100111001011111100
1111111111100111001100101110
1111111111100111001101100000
1111111111100111001110010010
1111111111100111001111000101
1111111111100111001111110111
1111111111100111010000101001
1111111111100111010001011100
1111111111100111010010001110
1111111111100111010011000000
1111111111100111010011110010
1111111111100111010100100101
1111111111100111010101010111
1111111111100111010110001001
1111111111100111010110111011
1111111111100111010111101110
1111111111100111011000100000
1111111111100111011001010010
1111111111100111011010000100
1111111111100111011010110111
1111111111100111011011101001
1111111111100111011100011011
1111111111100111011101001110
1111111111100111011110000000
1111111111100111011110110010
1111111111100111011111100100
1111111111100111100000010111
1111111111100111100001001001
1111111111100111100001111011
1111111111100111100010101101
1111111111100111100011100000
1111111111100111100100010010
1111111111100111100101000100
1111111111100111100101110110
1111111111100111100110101001
1111111111100111100111011011
1111111111100111101000001101
1111111111100111101001000000
1111111111100111101001110010
1111111111100111101010100100
1111111111100111101011010110
1111111111100111101100001001
1111111111100111101100111011
1111111111100111101101101101
1111111111100111101110011111
1111111111100111101111010010
1111111111100111110000000100
1111111111100111110000110110
1111111111100111110001101000
1111111111100111110010011011
1111111111100111110011001101
1111111111100111110011111111
1111111111100111110100110001
1111111111100111110101100100
1111111111100111110110010110
1111111111100111110111001000
1111111111100111110111111011
1111111111100111111000101101
1111111111100111111001011111
1111111111100111111010010001
1111111111100111111011000100
1111111111100111111011110110
1111111111100111111100101000
1111111111100111111101011010
1111111111100111111110001101
1111111111100111111110111111
1111111111100111111111110001
1111111111101000000000100011
1111111111101000000001010110
1111111111101000000010001000
1111111111101000000010111010
1111111111101000000011101101
1111111111101000000100011111
1111111111101000000101010001
1111111111101000000110000011
1111111111101000000110110110
1111111111101000000111101000
1111111111101000001000011010
1111111111101000001001001100
1111111111101000001001111111
1111111111101000001010110001
1111111111101000001011100011
1111111111101000001100010101
1111111111101000001101001000
1111111111101000001101111010
1111111111101000001110101100
1111111111101000001111011111
1111111111101000010000010001
1111111111101000010001000011
1111111111101000010001110101
1111111111101000010010101000
1111111111101000010011011010
1111111111101000010100001100
1111111111101000010100111110
1111111111101000010101110001
1111111111101000010110100011
1111111111101000010111010101
1111111111101000011000000111
1111111111101000011000111010
1111111111101000011001101100
1111111111101000011010011110
1111111111101000011011010001
1111111111101000011100000011
1111111111101000011100110101
1111111111101000011101100111
1111111111101000011110011010
1111111111101000011111001100
1111111111101000011111111110
1111111111101000100000110000
1111111111101000100001100011
1111111111101000100010010101
1111111111101000100011000111
1111111111101000100011111001
1111111111101000100100101100
1111111111101000100101011110
1111111111101000100110010000
1111111111101000100111000010
1111111111101000100111110101
1111111111101000101000100111
1111111111101000101001011001
1111111111101000101010001100
1111111111101000101010111110
1111111111101000101011110000
1111111111101000101100100010
1111111111101000101101010101
1111111111101000101110000111
1111111111101000101110111001
1111111111101000101111101011
1111111111101000110000011110
1111111111101000110001010000
1111111111101000110010000010
1111111111101000110010110100
1111111111101000110011100111
1111111111101000110100011001
1111111111101000110101001011
1111111111101000110101111110
1111111111101000110110110000
1111111111101000110111100010
1111111111101000111000010100
1111111111101000111001000111
1111111111101000111001111001
1111111111101000111010101011
1111111111101000111011011101
1111111111101000111100010000
1111111111101000111101000010
1111111111101000111101110100
1111111111101000111110100110
1111111111101000111111011001
1111111111101001000000001011
1111111111101001000000111101
1111111111101001000001110000
1111111111101001000010100010
1111111111101001000011010100
1111111111101001000100000110
1111111111101001000100111001
1111111111101001000101101011
1111111111101001000110011101
1111111111101001000111001111
1111111111101001001000000010
1111111111101001001000110100
1111111111101001001001100110
1111111111101001001010011000
1111111111101001001011001011
1111111111101001001011111101
1111111111101001001100101111
1111111111101001001101100001
1111111111101001001110010100
1111111111101001001111000110
1111111111101001001111111000
1111111111101001010000101011
1111111111101001010001011101
1111111111101001010010001111
1111111111101001010011000001
1111111111101001010011110100
1111111111101001010100100110
1111111111101001010101011000
1111111111101001010110001010
1111111111101001010110111101
1111111111101001010111101111
1111111111101001011000100001
1111111111101001011001010011
1111111111101001011010000110
1111111111101001011010111000
1111111111101001011011101010
1111111111101001011100011101
1111111111101001011101001111
1111111111101001011110000001
1111111111101001011110110011
1111111111101001011111100110
1111111111101001100000011000
1111111111101001100001001010
1111111111101001100001111100
1111111111101001100010101111
1111111111101001100011100001
1111111111101001100100010011
1111111111101001100101000101
1111111111101001100101111000
1111111111101001100110101010
1111111111101001100111011100
1111111111101001101000001111
1111111111101001101001000001
1111111111101001101001110011
1111111111101001101010100101
1111111111101001101011011000
1111111111101001101100001010
1111111111101001101100111100
1111111111101001101101101110
1111111111101001101110100001
1111111111101001101111010011
1111111111101001110000000101
1111111111101001110000110111
1111111111101001110001101010
1111111111101001110010011100
1111111111101001110011001110
1111111111101001110100000001
1111111111101001110100110011
1111111111101001110101100101
1111111111101001110110010111
1111111111101001110111001010
1111111111101001110111111100
1111111111101001111000101110
1111111111101001111001100000
1111111111101001111010010011
1111111111101001111011000101
1111111111101001111011110111
1111111111101001111100101001
1111111111101001111101011100
1111111111101001111110001110
1111111111101001111111000000
1111111111101001111111110010
1111111111101010000000100101
1111111111101010000001010111
1111111111101010000010001001
1111111111101010000010111100
1111111111101010000011101110
1111111111101010000100100000
1111111111101010000101010010
1111111111101010000110000101
1111111111101010000110110111
1111111111101010000111101001
1111111111101010001000011011
1111111111101010001001001110
1111111111101010001010000000
1111111111101010001010110010
1111111111101010001011100100
1111111111101010001100010111
1111111111101010001101001001
1111111111101010001101111011
1111111111101010001110101110
1111111111101010001111100000
1111111111101010010000010010
1111111111101010010001000100
1111111111101010010001110111
1111111111101010010010101001
1111111111101010010011011011
1111111111101010010100001101
1111111111101010010101000000
1111111111101010010101110010
1111111111101010010110100100
1111111111101010010111010110
1111111111101010011000001001
1111111111101010011000111011
1111111111101010011001101101
1111111111101010011010100000
1111111111101010011011010010
1111111111101010011100000100
1111111111101010011100110110
1111111111101010011101101001
1111111111101010011110011011
1111111111101010011111001101
1111111111101010011111111111
1111111111101010100000110010
1111111111101010100001100100
1111111111101010100010010110
1111111111101010100011001000
1111111111101010100011111011
1111111111101010100100101101
1111111111101010100101011111
1111111111101010100110010001
1111111111101010100111000100
1111111111101010100111110110
1111111111101010101000101000
1111111111101010101001011011
1111111111101010101010001101
1111111111101010101010111111
1111111111101010101011110001
1111111111101010101100100100
1111111111101010101101010110
1111111111101010101110001000
1111111111101010101110111010
1111111111101010101111101101
1111111111101010110000011111
1111111111101010110001010001
1111111111101010110010000011
1111111111101010110010110110
1111111111101010110011101000
1111111111101010110100011010
1111111111101010110101001101
1111111111101010110101111111
1111111111101010110110110001
1111111111101010110111100011
1111111111101010111000010110
1111111111101010111001001000
1111111111101010111001111010
1111111111101010111010101100
1111111111101010111011011111
1111111111101010111100010001
1111111111101010111101000011
1111111111101010111101110101
1111111111101010111110101000
1111111111101010111111011010
1111111111101011000000001100
1111111111101011000000111111
1111111111101011000001110001
1111111111101011000010100011
1111111111101011000011010101
1111111111101011000100001000
1111111111101011000100111010
1111111111101011000101101100
1111111111101011000110011110
1111111111101011000111010001
1111111111101011001000000011
1111111111101011001000110101
1111111111101011001001100111
1111111111101011001010011010
1111111111101011001011001100
1111111111101011001011111110
1111111111101011001100110001
1111111111101011001101100011
1111111111101011001110010101
1111111111101011001111000111
1111111111101011001111111010
1111111111101011010000101100
1111111111101011010001011110
1111111111101011010010010000
1111111111101011010011000011
1111111111101011010011110101
1111111111101011010100100111
1111111111101011010101011001
1111111111101011010110001100
1111111111101011010110111110
1111111111101011010111110000
1111111111101011011000100010
1111111111101011011001010101
1111111111101011011010000111
1111111111101011011010111001
1111111111101011011011101100
1111111111101011011100011110
1111111111101011011101010000
1111111111101011011110000010
1111111111101011011110110101
1111111111101011011111100111
1111111111101011100000011001
1111111111101011100001001011
1111111111101011100001111110
1111111111101011100010110000
1111111111101011100011100010
1111111111101011100100010100
1111111111101011100101000111
1111111111101011100101111001
1111111111101011100110101011
1111111111101011100111011110
1111111111101011101000010000
1111111111101011101001000010
1111111111101011101001110100
1111111111101011101010100111
1111111111101011101011011001
1111111111101011101100001011
1111111111101011101100111101
1111111111101011101101110000
1111111111101011101110100010
1111111111101011101111010100
1111111111101011110000000110
1111111111101011110000111001
1111111111101011110001101011
1111111111101011110010011101
1111111111101011110011010000
1111111111101011110100000010
1111111111101011110100110100
1111111111101011110101100110
1111111111101011110110011001
1111111111101011110111001011
1111111111101011110111111101
1111111111101011111000101111
1111111111101011111001100010
1111111111101011111010010100
1111111111101011111011000110
1111111111101011111011111000
1111111111101011111100101011
1111111111101011111101011101
1111111111101011111110001111
1111111111101011111111000001
1111111111101011111111110100
1111111111101100000000100110
1111111111101100000001011000
1111111111101100000010001011
1111111111101100000010111101
1111111111101100000011101111
1111111111101100000100100001
1111111111101100000101010100
1111111111101100000110000110
1111111111101100000110111000
1111111111101100000111101010
1111111111101100001000011101
1111111111101100001001001111
1111111111101100001010000001
1111111111101100001010110011
1111111111101100001011100110
1111111111101100001100011000
1111111111101100001101001010
1111111111101100001101111101
1111111111101100001110101111
1111111111101100001111100001
1111111111101100010000010011
1111111111101100010001000110
1111111111101100010001111000
1111111111101100010010101010
1111111111101100010011011100
1111111111101100010100001111
1111111111101100010101000001
1111111111101100010101110011
1111111111101100010110100101
1111111111101100010111011000
1111111111101100011000001010
1111111111101100011000111100
1111111111101100011001101111
1111111111101100011010100001
1111111111101100011011010011
1111111111101100011100000101
1111111111101100011100111000
1111111111101100011101101010
1111111111101100011110011100
1111111111101100011111001110
1111111111101100100000000001
1111111111101100100000110011
1111111111101100100001100101
1111111111101100100010010111
1111111111101100100011001010
1111111111101100100011111100
1111111111101100100100101110
1111111111101100100101100001
1111111111101100100110010011
1111111111101100100111000101
1111111111101100100111110111
1111111111101100101000101010
1111111111101100101001011100
1111111111101100101010001110
1111111111101100101011000000
1111111111101100101011110011
1111111111101100101100100101
1111111111101100101101010111
1111111111101100101110001001
1111111111101100101110111100
1111111111101100101111101110
1111111111101100110000100000
1111111111101100110001010010
1111111111101100110010000101
1111111111101100110010110111
1111111111101100110011101001
1111111111101100110100011100
1111111111101100110101001110
1111111111101100110110000000
1111111111101100110110110010
1111111111101100110111100101
1111111111101100111000010111
1111111111101100111001001001
1111111111101100111001111011
1111111111101100111010101110
1111111111101100111011100000
1111111111101100111100010010
1111111111101100111101000100
1111111111101100111101110111
1111111111101100111110101001
1111111111101100111111011011
1111111111101101000000001110
1111111111101101000001000000
1111111111101101000001110010
1111111111101101000010100100
1111111111101101000011010111
1111111111101101000100001001
1111111111101101000100111011
1111111111101101000101101101
1111111111101101000110100000
1111111111101101000111010010
1111111111101101001000000100
1111111111101101001000110110
1111111111101101001001101001
1111111111101101001010011011
1111111111101101001011001101
1111111111101101001100000000
1111111111101101001100110010
1111111111101101001101100100
1111111111101101001110010110
1111111111101101001111001001
1111111111101101001111111011
1111111111101101010000101101
1111111111101101010001011111
1111111111101101010010010010
1111111111101101010011000100
1111111111101101010011110110
1111111111101101010100101000
1111111111101101010101011011
1111111111101101010110001101
1111111111101101010110111111
1111111111101101010111110001
1111111111101101011000100100
1111111111101101011001010110
1111111111101101011010001000
1111111111101101011010111011
1111111111101101011011101101
1111111111101101011100011111
1111111111101101011101010001
1111111111101101011110000100
1111111111101101011110110110
1111111111101101011111101000
1111111111101101100000011010
1111111111101101100001001101
1111111111101101100001111111
1111111111101101100010110001
1111111111101101100011100011
1111111111101101100100010110
1111111111101101100101001000
1111111111101101100101111010
1111111111101101100110101101
1111111111101101100111011111
1111111111101101101000010001
1111111111101101101001000011
1111111111101101101001110110
1111111111101101101010101000
1111111111101101101011011010
1111111111101101101100001100
1111111111101101101100111111
1111111111101101101101110001
1111111111101101101110100011
1111111111101101101111010101
1111111111101101110000001000
1111111111101101110000111010
1111111111101101110001101100
1111111111101101110010011111
1111111111101101110011010001
1111111111101101110100000011
1111111111101101110100110101
1111111111101101110101101000
1111111111101101110110011010
1111111111101101110111001100
1111111111101101110111111110
1111111111101101111000110001
1111111111101101111001100011
1111111111101101111010010101
1111111111101101111011000111
1111111111101101111011111010
1111111111101101111100101100
1111111111101101111101011110
1111111111101101111110010001
1111111111101101111111000011
1111111111101101111111110101
1111111111101110000000100111
1111111111101110000001011010
1111111111101110000010001100
1111111111101110000010111110
1111111111101110000011110000
1111111111101110000100100011
1111111111101110000101010101
1111111111101110000110000111
1111111111101110000110111001
1111111111101110000111101100
1111111111101110001000011110
1111111111101110001001010000
1111111111101110001010000010
1111111111101110001010110101
1111111111101110001011100111
1111111111101110001100011001
1111111111101110001101001100
1111111111101110001101111110
1111111111101110001110110000
1111111111101110001111100010
1111111111101110010000010101
1111111111101110010001000111
1111111111101110010001111001
1111111111101110010010101011
1111111111101110010011011110
1111111111101110010100010000
1111111111101110010101000010
1111111111101110010101110100
1111111111101110010110100111
1111111111101110010111011001
1111111111101110011000001011
1111111111101110011000111110
1111111111101110011001110000
1111111111101110011010100010
1111111111101110011011010100
1111111111101110011100000111
1111111111101110011100111001
1111111111101110011101101011
1111111111101110011110011101
1111111111101110011111010000
1111111111101110100000000010
1111111111101110100000110100
1111111111101110100001100110
1111111111101110100010011001
1111111111101110100011001011
1111111111101110100011111101
1111111111101110100100110000
1111111111101110100101100010
1111111111101110100110010100
1111111111101110100111000110
1111111111101110100111111001
1111111111101110101000101011
1111111111101110101001011101
1111111111101110101010001111
1111111111101110101011000010
1111111111101110101011110100
1111111111101110101100100110
1111111111101110101101011000
1111111111101110101110001011
1111111111101110101110111101
1111111111101110101111101111
1111111111101110110000100001
1111111111101110110001010100
1111111111101110110010000110
1111111111101110110010111000
1111111111101110110011101011
1111111111101110110100011101
1111111111101110110101001111
1111111111101110110110000001
1111111111101110110110110100
1111111111101110110111100110
1111111111101110111000011000
1111111111101110111001001010
1111111111101110111001111101
1111111111101110111010101111
1111111111101110111011100001
1111111111101110111100010011
1111111111101110111101000110
1111111111101110111101111000
1111111111101110111110101010
1111111111101110111111011101
1111111111101111000000001111
1111111111101111000001000001
1111111111101111000001110011
1111111111101111000010100110
1111111111101111000011011000
1111111111101111000100001010
1111111111101111000100111100
1111111111101111000101101111
1111111111101111000110100001
1111111111101111000111010011
1111111111101111001000000101
1111111111101111001000111000
1111111111101111001001101010
1111111111101111001010011100
1111111111101111001011001111
1111111111101111001100000001
1111111111101111001100110011
1111111111101111001101100101
1111111111101111001110011000
1111111111101111001111001010
1111111111101111001111111100
1111111111101111010000101110
1111111111101111010001100001
1111111111101111010010010011
1111111111101111010011000101
1111111111101111010011110111
1111111111101111010100101010
1111111111101111010101011100
1111111111101111010110001110
1111111111101111010111000001
1111111111101111010111110011
1111111111101111011000100101
1111111111101111011001010111
1111111111101111011010001010
1111111111101111011010111100
1111111111101111011011101110
1111111111101111011100100000
1111111111101111011101010011
1111111111101111011110000101
1111111111101111011110110111
1111111111101111011111101001
1111111111101111100000011100
1111111111101111100001001110
1111111111101111100010000000
1111111111101111100010110010
1111111111101111100011100101
1111111111101111100100010111
1111111111101111100101001001
1111111111101111100101111100
1111111111101111100110101110
1111111111101111100111100000
1111111111101111101000010010
1111111111101111101001000101
1111111111101111101001110111
1111111111101111101010101001
1111111111101111101011011011
1111111111101111101100001110
1111111111101111101101000000
1111111111101111101101110010
1111111111101111101110100100
1111111111101111101111010111
1111111111101111110000001001
1111111111101111110000111011
1111111111101111110001101110
1111111111101111110010100000
1111111111101111110011010010
1111111111101111110100000100
1111111111101111110100110111
1111111111101111110101101001
1111111111101111110110011011
1111111111101111110111001101
1111111111101111111000000000
1111111111101111111000110010
1111111111101111111001100100
1111111111101111111010010110
1111111111101111111011001001
1111111111101111111011111011
1111111111101111111100101101
1111111111101111111101100000
1111111111101111111110010010
1111111111101111111111000100
1111111111101111111111110110
1111111111110000000000101001
1111111111110000000001011011
1111111111110000000010001101
1111111111110000000010111111
1111111111110000000011110010
1111111111110000000100100100
1111111111110000000101010110
1111111111110000000110001000
1111111111110000000110111011
1111111111110000000111101101
1111111111110000001000011111
1111111111110000001001010001
1111111111110000001010000100
1111111111110000001010110110
1111111111110000001011101000
1111111111110000001100011011
1111111111110000001101001101
1111111111110000001101111111
1111111111110000001110110001
1111111111110000001111100100
1111111111110000010000010110
1111111111110000010001001000
1111111111110000010001111010
1111111111110000010010101101
1111111111110000010011011111
1111111111110000010100010001
1111111111110000010101000011
1111111111110000010101110110
1111111111110000010110101000
1111111111110000010111011010
1111111111110000011000001101
1111111111110000011000111111
1111111111110000011001110001
1111111111110000011010100011
1111111111110000011011010110
1111111111110000011100001000
1111111111110000011100111010
1111111111110000011101101100
1111111111110000011110011111
1111111111110000011111010001
1111111111110000100000000011
1111111111110000100000110101
1111111111110000100001101000
1111111111110000100010011010
1111111111110000100011001100
1111111111110000100011111111
1111111111110000100100110001
1111111111110000100101100011
1111111111110000100110010101
1111111111110000100111001000
1111111111110000100111111010
1111111111110000101000101100
1111111111110000101001011110
1111111111110000101010010001
1111111111110000101011000011
1111111111110000101011110101
1111111111110000101100100111
1111111111110000101101011010
1111111111110000101110001100
1111111111110000101110111110
1111111111110000101111110001
1111111111110000110000100011
1111111111110000110001010101
1111111111110000110010000111
1111111111110000110010111010
1111111111110000110011101100
1111111111110000110100011110
1111111111110000110101010000
1111111111110000110110000011
1111111111110000110110110101
1111111111110000110111100111
1111111111110000111000011001
1111111111110000111001001100
1111111111110000111001111110
1111111111110000111010110000
1111111111110000111011100010
1111111111110000111100010101
1111111111110000111101000111
1111111111110000111101111001
1111111111110000111110101100
1111111111110000111111011110
1111111111110001000000010000
1111111111110001000001000010
1111111111110001000001110101
1111111111110001000010100111
1111111111110001000011011001
1111111111110001000100001011
1111111111110001000100111110
1111111111110001000101110000
1111111111110001000110100010
1111111111110001000111010100
1111111111110001001000000111
1111111111110001001000111001
1111111111110001001001101011
1111111111110001001010011110
1111111111110001001011010000
1111111111110001001100000010
1111111111110001001100110100
1111111111110001001101100111
1111111111110001001110011001
1111111111110001001111001011
1111111111110001001111111101
1111111111110001010000110000
1111111111110001010001100010
1111111111110001010010010100
1111111111110001010011000110
1111111111110001010011111001
1111111111110001010100101011
1111111111110001010101011101
1111111111110001010110010000
1111111111110001010111000010
1111111111110001010111110100
1111111111110001011000100110
1111111111110001011001011001
1111111111110001011010001011
1111111111110001011010111101
1111111111110001011011101111
1111111111110001011100100010
1111111111110001011101010100
1111111111110001011110000110
1111111111110001011110111000
1111111111110001011111101011
1111111111110001100000011101
1111111111110001100001001111
1111111111110001100010000001
1111111111110001100010110100
1111111111110001100011100110
1111111111110001100100011000
1111111111110001100101001011
1111111111110001100101111101
1111111111110001100110101111
1111111111110001100111100001
1111111111110001101000010100
1111111111110001101001000110
1111111111110001101001111000
1111111111110001101010101010
1111111111110001101011011101
1111111111110001101100001111
1111111111110001101101000001
1111111111110001101101110011
1111111111110001101110100110
1111111111110001101111011000
1111111111110001110000001010
1111111111110001110000111101
1111111111110001110001101111
1111111111110001110010100001
1111111111110001110011010011
1111111111110001110100000110
1111111111110001110100111000
1111111111110001110101101010
1111111111110001110110011100
0000000000001010111111101101
0000000000001011000000100000
0000000000001011000001010010
0000000000001011000010000100
0000000000001011000010110110
0000000000001011000011101001
0000000000001011000100011011
0000000000001011000101001101
0000000000001011000101111111
0000000000001011000110110010
0000000000001011000111100100
0000000000001011001000010110
0000000000001011001001001001
0000000000001011001001111011
0000000000001011001010101101
0000000000001011001011011111
0000000000001011001100010010
0000000000001011001101000100
0000000000001011001101110110
0000000000001011001110101000
0000000000001011001111011011
0000000000001011010000001101
0000000000001011010000111111
0000000000001011010001110001
0000000000001011010010100100
0000000000001011010011010110
0000000000001011010100001000
0000000000001011010100111011
0000000000001011010101101101
0000000000001011010110011111
0000000000001011010111010001
0000000000001011011000000100
0000000000001011011000110110
0000000000001011011001101000
0000000000001011011010011010
0000000000001011011011001101
0000000000001011011011111111
0000000000001011011100110001
0000000000001011011101100011
0000000000001011011110010110
0000000000001011011111001000
0000000000001011011111111010
0000000000001011100000101101
0000000000001011100001011111
0000000000001011100010010001
0000000000001011100011000011
0000000000001011100011110110
0000000000001011100100101000
0000000000001011100101011010
0000000000001011100110001100
0000000000001011100110111111
0000000000001011100111110001
0000000000001011101000100011
0000000000001011101001010101
0000000000001011101010001000
0000000000001011101010111010
0000000000001011101011101100
0000000000001011101100011111
0000000000001011101101010001
0000000000001011101110000011
0000000000001011101110110101
0000000000001011101111101000
0000000000001011110000011010
0000000000001011110001001100
0000000000001011110001111110
0000000000001011110010110001
0000000000001011110011100011
0000000000001011110100010101
0000000000001011110101000111
0000000000001011110101111010
0000000000001011110110101100
0000000000001011110111011110
0000000000001011111000010000
0000000000001011111001000011
0000000000001011111001110101
0000000000001011111010100111
0000000000001011111011011010
0000000000001011111100001100
0000000000001011111100111110
0000000000001011111101110000
0000000000001011111110100011
0000000000001011111111010101
0000000000001100000000000111
0000000000001100000000111001
0000000000001100000001101100
0000000000001100000010011110
0000000000001100000011010000
0000000000001100000100000010
0000000000001100000100110101
0000000000001100000101100111
0000000000001100000110011001
0000000000001100000111001100
0000000000001100000111111110
0000000000001100001000110000
0000000000001100001001100010
0000000000001100001010010101
0000000000001100001011000111
0000000000001100001011111001
0000000000001100001100101011
0000000000001100001101011110
0000000000001100001110010000
0000000000001100001111000010
0000000000001100001111110100
0000000000001100010000100111
0000000000001100010001011001
0000000000001100010010001011
0000000000001100010010111110
0000000000001100010011110000
0000000000001100010100100010
0000000000001100010101010100
0000000000001100010110000111
0000000000001100010110111001
0000000000001100010111101011
0000000000001100011000011101
0000000000001100011001010000
0000000000001100011010000010
0000000000001100011010110100
0000000000001100011011100110
0000000000001100011100011001
0000000000001100011101001011
0000000000001100011101111101
0000000000001100011110101111
0000000000001100011111100010
0000000000001100100000010100
0000000000001100100001000110
0000000000001100100001111001
0000000000001100100010101011
0000000000001100100011011101
