0000000000000000000000000000
0000000000000000000000000000
0000000000000000000000000001
0000000000000000000000000011
0000000000000000000000000110
0000000000000000000000001001
0000000000000000000000001101
0000000000000000000000010011
0000000000000000000000011001
0000000000000000000000011111
0000000000000000000000100110
0000000000000000000000101111
0000000000000000000000111000
0000000000000000000001000010
0000000000000000000001001100
0000000000000000000001011000
0000000000000000000001100100
0000000000000000000001110001
0000000000000000000001111111
0000000000000000000010001111
0000000000000000000010011111
0000000000000000000010101111
0000000000000000000011000001
0000000000000000000011010100
0000000000000000000011100111
0000000000000000000011111011
0000000000000000000100010001
0000000000000000000100100111
0000000000000000000100111110
0000000000000000000101010111
0000000000000000000101110001
0000000000000000000110001011
0000000000000000000110100111
0000000000000000000111000100
0000000000000000000111100010
0000000000000000001000000000
0000000000000000001000100000
0000000000000000001001000011
0000000000000000001001100101
0000000000000000001010001001
0000000000000000001010101110
0000000000000000001011010110
0000000000000000001011111101
0000000000000000001100100111
0000000000000000001101010011
0000000000000000001101111110
0000000000000000001110101011
0000000000000000001111011100
0000000000000000010000001110
0000000000000000010001000010
0000000000000000010001110110
0000000000000000010010101101
0000000000000000010011100100
0000000000000000010100011111
0000000000000000010101011100
0000000000000000010110011011
0000000000000000010111011100
0000000000000000011000100000
0000000000000000011001100110
0000000000000000011010110000
0000000000000000011011111010
0000000000000000011101001000
0000000000000000011110011001
0000000000000000011111101101
0000000000000000100001000001
0000000000000000100010011111
0000000000000000100011110111
0000000000000000100101011011
0000000000000000100110111110
0000000000000000101000100100
0000000000000000101010010010
0000000000000000101100000110
0000000000000000101101111011
0000000000000000101111110011
0000000000000000110001101111
0000000000000000110011110101
0000000000000000110101111100
0000000000000000111000001101
0000000000000000111010100100
0000000000000000111101000010
0000000000000000111111100001
0000000000000001000010001111
0000000000000001000100111111
0000000000000001000111111011
0000000000000001001010111111
0000000000000001001110001011
0000000000000001010001100100
0000000000000001010101000101
0000000000000001011000110011
0000000000000001011100101100
0000000000000001100000110101
0000000000000001100101010000
0000000000000001101001111001
0000000000000001101110110001
0000000000000001110011111110
0000000000000001111001100010
0000000000000001111111011001
0000000000000010000101101011
0000000000000010001100010010
0000000000000010010011100000
0000000000000010011011000111
0000000000000010100011010111
0000000000000010101100010011
0000000000000010110101111010
0000000000000011000000010111
0000000000000011001011101000
0000000000000011011000000010
0000000000000011100101100010
0000000000000011110100100000
0000000000000100000101000000
0000000000000100010111010101
0000000000000100101011111001
0000000000000101000011000000
0000000000000101011101001011
0000000000000101111011000110
0000000000000110011101100101
0000000000000111000101110100
0000000000000111110101010100
0000000000001000101110011010
0000000000001001110011111110
0000000000001011001010111001
0000000000001100111010011011
0000000000001111001110110111
0000000000010010011101111000
0000000000010111010010111010
0000000000011111010001110111
0000000000101111000000001101
0000000001011100010101010001
0000011000110011011111011011
1111111110010100110111100000
1111111111001011100011110010
1111111111011101000000110110
1111111111100101100110100001
1111111111101010101101011010
1111111111101110000110001010
1111111111110000100000011101
1111111111110010010011110001
1111111111110011101101010011
1111111111110100110100110011
1111111111110101101111001110
1111111111110110011111110000
1111111111110111001000111010
1111111111110111101100001100
1111111111111000001010100010
1111111111111000100101001011
1111111111111000111100101010
1111111111111001010001011100
1111111111111001100100000100
1111111111111001110100101110
1111111111111010000100000010
1111111111111010010001110001
1111111111111010011110010111
1111111111111010101001110010
1111111111111010110100011010
1111111111111010111110000110
1111111111111011000111000100
1111111111111011001111011101
1111111111111011010111010000
1111111111111011011110101010
1111111111111011100101010110
1111111111111011101011101111
1111111111111011110001101011
1111111111111011110111010000
1111111111111011111100100110
1111111111111100000001100001
1111111111111100000110001100
1111111111111100001010101100
1111111111111100001110111001
1111111111111100010010111011
1111111111111100010110110000
1111111111111100011010011101
1111111111111100011101111000
1111111111111100100001001001
1111111111111100100100010011
1111111111111100100111010100
1111111111111100101010001111
1111111111111100101101000001
1111111111111100101111101010
1111111111111100110010001110
1111111111111100110100101000
1111111111111100110110111100
1111111111111100111001001011
1111111111111100111011010110
1111111111111100111101010111
1111111111111100111111010101
1111111111111101000001011000
1111111111111101000011010001
1111111111111101000101000000
1111111111111101000110101110
1111111111111101001000011110
1111111111111101001001111111
1111111111111101001011011111
1111111111111101001101000111
1111111111111101001110100101
1111111111111101010000000000
1111111111111101010001011001
1111111111111101010010110001
1111111111111101010100000111
1111111111111101010101011000
1111111111111101010110100100
1111111111111101010111101011
1111111111111101011000110110
1111111111111101011001111101
1111111111111101011011000000
1111111111111101011100001011
1111111111111101011101010000
1111111111111101011110001101
1111111111111101011111001101
1111111111111101100000000101
1111111111111101100000111101
1111111111111101100001110100
1111111111111101100010110110
1111111111111101100011100101
1111111111111101100100100100
1111111111111101100101001111
1111111111111101100110000011
1111111111111101100110101111
1111111111111101100111100100
1111111111111101101000011000
1111111111111101101001000111
1111111111111101101001101110
1111111111111101101010100101
1111111111111101101011001011
1111111111111101101011110011
1111111111111101101100011000
1111111111111101101100111010
1111111111111101101101101011
1111111111111101101110010110
1111111111111101101110111010
1111111111111101101111100001
1111111111111101110000000101
1111111111111101110000100010
1111111111111101110001001001
1111111111111101110001101010
1111111111111101110010001111
1111111111111101110010101010
1111111111111101110011001101
1111111111111101110011101100
1111111111111101110100010011
1111111111111101110100100010
1111111111111101110101010001
1111111111111101110101100101
1111111111111101110110001111
1111111111111101110110011101
1111111111111101110111000011
1111111111111101110111101000
1111111111111101110111110001
1111111111111101111000001100
1111111111111101111000100111
1111111111111101111000111011
1111111111111101111001011011
1111111111111101111001110001
1111111111111101111010000010
1111111111111101111010011111
1111111111111101111010111000
1111111111111101111011001000
1111111111111101111011011110
1111111111111101111011111110
1111111111111101111100010011
1111111111111101111100101010
1111111111111101111100110101
1111111111111101111101001010
1111111111111101111101100011
1111111111111101111101110011
1111111111111101111110000110
1111111111111101111110011010
1111111111111101111110110000
1111111111111101111111000011
1111111111111101111111010110
1111111111111101111111100011
1111111111111101111111111001
1111111111111110000000000101
1111111111111110000000100011
1111111111111110000000101000
1111111111111110000001000010
1111111111111110000001001010
1111111111111110000001011110
1111111111111110000001110000
1111111111111110000001110110
1111111111111110000010010000
1111111111111110000010010111
1111111111111110000010101011
1111111111111110000010111001
1111111111111110000011000000
1111111111111110000011010111
1111111111111110000011101001
1111111111111110000011101010
1111111111111110000100001001
1111111111111110000011111100
1111111111111110000100011111
1111111111111110000100100111
1111111111111110000100101010
1111111111111110000100111110
1111111111111110000101010010
1111111111111110000101011010
1111111111111110000101101111
1111111111111110000101101110
1111111111111110000101111101
1111111111111110000110001000
1111111111111110000110011111
1111111111111110000110100000
1111111111111110000110100111
1111111111111110000110111001
1111111111111110000111001000
1111111111111110000111001111
1111111111111110000111011001
1111111111111110000111011111
1111111111111110000111110101
1111111111111110000111111010
1111111111111110000111111101
1111111111111110001000010100
1111111111111110001000011101
1111111111111110001000100010
1111111111111110001000101001
1111111111111110001000110110
1111111111111110001001000000
1111111111111110001001000010
1111111111111110001001010011
1111111111111110001001100011
1111111111111110001001100111
1111111111111110001001110011
1111111111111110001001110011
1111111111111110001001110111
1111111111111110001010000110
1111111111111110001010000101
1111111111111110001010011100
1111111111111110001010011101
1111111111111110001010110001
1111111111111110001010110010
1111111111111110001011000110
1111111111111110001011001100
1111111111111110001010111110
1111111111111110001011001011
1111111111111110001011100000
1111111111111110001011101101
1111111111111110001011101001
1111111111111110001011110000
1111111111111110001011110111
1111111111111110001011111101
1111111111111110001100000000
1111111111111110001100010101
1111111111111110001100001001
1111111111111110001100011101
1111111111111110001100011110
1111111111111110001100101010
1111111111111110001100110010
1111111111111110001100111011
1111111111111110001101001101
1111111111111110001101000001
1111111111111110001101011010
1111111111111110001101010111
1111111111111110001101100111
1111111111111110001101100110
1111111111111110001101101101
1111111111111110001101101101
1111111111111110001101110111
1111111111111110001101111001
1111111111111110001101111011
1111111111111110001110000011
1111111111111110001110001011
1111111111111110001110011110
1111111111111110001110010110
1111111111111110001110100010
1111111111111110001110101000
1111111111111110001110101111
1111111111111110001110111101
1111111111111110001110110000
1111111111111110001110111010
1111111111111110001111000110
1111111111111110001110111111
1111111111111110001111001111
1111111111111110001110111101
1111111111111110001111011010
1111111111111110001111010101
1111111111111110001111010101
1111111111111110001111010100
1111111111111110001111101000
1111111111111110001111101011
1111111111111110001111110011
1111111111111110001111110100
1111111111111110001111111110
1111111111111110010000000111
1111111111111110010000000111
1111111111111110010000000111
1111111111111110001110001111
1111111111111110010000010101
1111111111111110010000011110
1111111111111110010000011000
1111111111111110010000101001
1111111111111110010000101001
1111111111111110010000110001
1111111111111110010000101000
1111111111111110010000101000
1111111111111110010000110000
1111111111111110010000111011
1111111111111110010001000011
1111111111111110010000111101
1111111111111110010001000001
1111111111111110010001010000
1111111111111110010001001100
1111111111111110010001000110
1111111111111110010001001111
1111111111111110010001010000
1111111111111110010001100010
1111111111111110010001100011
1111111111111110010001101100
1111111111111110010001011110
1111111111111110010001101110
1111111111111110010001110110
1111111111111110010001110010
1111111111111110010001110011
1111111111111110010001110010
1111111111111110010001111011
1111111111111110010010000100
1111111111111110010010001110
1111111111111110010010010101
1111111111111110010010001110
1111111111111110010010100010
1111111111111110010010001100
1111111111111110010010100011
1111111111111110010010100001
1111111111111110010010011011
1111111111111110010010011100
1111111111111110010010101001
1111111111111110010010101101
1111111111111110010010101001
1111111111111110010010110001
1111111111111110010010110001
1111111111111110010010111000
1111111111111110010010111001
1111111111111110010011000110
1111111111111110010010111010
1111111111111110010011001001
1111111111111110010011000001
1111111111111110010011000110
1111111111111110010011010111
1111111111111110010011010001
1111111111111110010011010001
1111111111111110010011001100
1111111111111110010011010110
1111111111111110010011011010
1111111111111110010011100000
1111111111111110010011010000
1111111111111110010011100001
1111111111111110010011100011
1111111111111110010011101010
1111111111111110010011101000
1111111111111110010011011101
1111111111111110010011100011
1111111111111110010011111100
1111111111111110010011101010
1111111111111110010011111101
1111111111111110010011110110
1111111111111110010100001011
1111111111111110010100001111
1111111111111110010100001101
1111111111111110010011111101
1111111111111110010100010110
1111111111111110010100000000
1111111111111110010100011001
1111111111111110010100011010
1111111111111110010100010101
1111111111111110010100001010
1111111111111110010100010010
1111111111111110010100100010
1111111111111110010100011000
1111111111111110010100011000
1111111111111110010100100110
1111111111111110010100010111
1111111111111110010100011100
1111111111111110010100100011
1111111111111110010100100111
1111111111111110010100110111
1111111111111110010100101001
1111111111111110010100111100
1111111111111110010100110000
1111111111111110010101000111
1111111111111110010100110100
1111111111111110010100110111
1111111111111110010100101011
1111111111111110010100111100
1111111111111110010101000110
1111111111111110010100111000
1111111111111110010101000011
1111111111111110010101000000
1111111111111110010100111110
1111111111111110010101001010
1111111111111110010101000110
1111111111111110010101010000
1111111111111110010101010011
1111111111111110010100111111
1111111111111110010101010100
1111111111111110010101100110
1111111111111110010101010010
1111111111111110010101010101
1111111111111110010101100101
1111111111111110010101100100
1111111111111110010101011100
1111111111111110010101011100
1111111111111110010101001010
1111111111111110010101011110
1111111111111110010101100101
1111111111111110010101110010
1111111111111110010101100010
1111111111111110010101101111
1111111111111110010101110100
1111111111111110010101101010
1111111111111110010101111000
1111111111111110010101101000
1111111111111110010101111110
1111111111111110010101101101
1111111111111110010101111101
1111111111111110010101110001
1111111111111110010101111101
1111111111111110010101111101
1111111111111110010101111101
1111111111111110010110000110
1111111111111110010101111100
1111111111111110010110000111
1111111111111110010110001110
1111111111111110010110001101
1111111111111110010110001011
1111111111111110010110011001
1111111111111110010110011001
1111111111111110010110000000
1111111111111110010110000101
1111111111111110010110001101
1111111111111110010110010110
1111111111111110010110011001
1111111111111110010110011000
1111111111111110010110011100
1111111111111110010110000100
1111111111111110010110011111
1111111111111110010110011010
1111111111111110010110010001
1111111111111110010110100111
1111111111111110010110101111
1111111111111110010110010100
1111111111111110010110100101
1111111111111110010110101011
1111111111111110010110010011
1111111111111110010110011010
1111111111111110010110101010
1111111111111110010110101001
1111111111111110010110110000
1111111111111110010110101111
1111111111111110010110101101
1111111111111110010111001101
1111111111111110010110110010
1111111111111110010110111010
1111111111111110010110110101
1111111111111110010110111100
1111111111111110010110110111
1111111111111110010110110000
1111111111111110010110111101
1111111111111110010110110000
1111111111111110010110111110
1111111111111110010111000011
1111111111111110010111000000
1111111111111110010111000001
1111111111111110010111001000
1111111111111110010111000100
1111111111111110010110110001
1111111111111110010111010000
1111111111111110010111010101
1111111111111110010111000001
1111111111111110010111001000
1111111111111110010111010010
1111111111111110010111001000
1111111111111110010111001101
1111111111111110010111000110
1111111111111110010111011001
1111111111111110010111001110
1111111111111110010111100001
1111111111111110010111011111
1111111111111110010111010000
1111111111111110010111010110
1111111111111110010111011001
1111111111111110010111011000
1111111111111110010111011110
1111111111111110010111011101
1111111111111110010111010001
1111111111111110010111100110
1111111111111110010111011001
1111111111111110010111011101
1111111111111110010111100111
1111111111111110010111010011
1111111111111110010111010101
1111111111111110010111101110
1111111111111110010111101100
1111111111111110010111011001
1111111111111110010111010000
1111111111111110010111011001
1111111111111110010111100000
1111111111111110010111100100
1111111111111110010111100000
1111111111111110010111110001
1111111111111110010111101000
1111111111111110010111100111
1111111111111110010111100110
1111111111111110010111100010
1111111111111110011000000000
1111111111111110010111111110
1111111111111110010111110110
1111111111111110011000000100
1111111111111110010111111111
1111111111111110010111111001
1111111111111110010111101101
1111111111111110010111110000
1111111111111110011000000000
1111111111111110010111110100
1111111111111110010111111110
1111111111111110010111101100
1111111111111110010111110000
1111111111111110010111110000
1111111111111110011000001001
1111111111111110010111111101
1111111111111110010111111110
1111111111111110010111100111
1111111111111110010111111011
1111111111111110010111110111
1111111111111110010111111100
1111111111111110011000000011
1111111111111110011000010110
1111111111111110010111111110
1111111111111110011000011100
1111111111111110010111111011
1111111111111110011000011010
1111111111111110011000010010
1111111111111110011000001111
1111111111111110010111111101
1111111111111110011000001000
1111111111111110011000001010
1111111111111110011000100010
1111111111111110011000000000
1111111111111110010111111110
1111111111111110011000000111
1111111111111110011000011001
1111111111111110011000010100
1111111111111110011000000111
1111111111111110010110010000
1111111111111110011000001110
1111111111111110011000010100
1111111111111110011000011010
1111111111111110011000010010
1111111111111110011000100000
1111111111111110011000100111
1111111111111110011000100101
1111111111111110011000011010
1111111111111110011000110001
1111111111111110011000011110
1111111111111110011000011010
1111111111111110011000011001
1111111111111110011000010001
1111111111111110011000101010
1111111111111110011000100000
1111111111111110011000110001
1111111111111110011000101100
1111111111111110011000011010
1111111111111110011000101101
1111111111111110011000010110
1111111111111110011000010101
1111111111111110011000011100
1111111111111110011000010100
1111111111111110011000100101
1111111111111110011000001111
1111111111111110011000111111
1111111111111110011000100010
1111111111111110011000101000
1111111111111110011000100000
1111111111111110011000101010
1111111111111110011000111001
1111111111111110011000100100
1111111111111110011000110001
1111111111111110011000111001
1111111111111110011000101011
1111111111111110011000110111
1111111111111110011000100111
1111111111111110011000011100
1111111111111110011000110111
1111111111111110011000111000
1111111111111110011000101111
1111111111111110011000101101
1111111111111110011000101100
1111111111111110011000110110
1111111111111110011000110101
1111111111111110011000110011
1111111111111110011000110001
1111111111111110011000101001
1111111111111110011000100110
1111111111111110011000110010
1111111111111110011000111001
1111111111111110011000101111
1111111111111110011000111010
1111111111111110011000110100
1111111111111110011000101100
1111111111111110011001010000
1111111111111110011000111100
1111111111111110011001000000
1111111111111110011001000011
1111111111111110011001000101
1111111111111110011000111101
1111111111111110011000111100
1111111111111110011000100101
1111111111111110011000101111
1111111111111110011001001010
1111111111111110011000101011
1111111111111110011001000100
1111111111111110011000110010
1111111111111110011001010000
1111111111111110011001001001
1111111111111110011001000010
1111111111111110011001001001
1111111111111110011001010010
1111111111111110011000111011
1111111111111110011001000010
1111111111111110011000111111
1111111111111110011001001100
1111111111111110011000110000
1111111111111110011000110111
1111111111111110011001000101
1111111111111110011001000100
1111111111111110011001010010
1111111111111110011001001001
1111111111111110011000110000
1111111111111110011001000011
1111111111111110011000111000
1111111111111110011001011110
1111111111111110011001001001
1111111111111110011000111000
1111111111111110011001000010
1111111111111110011000111100
1111111111111110011000111011
1111111111111110011001001111
1111111111111110011001001011
1111111111111110011001011101
1111111111111110011001001011
1111111111111110011001001011
1111111111111110011001001001
1111111111111110011001010010
1111111111111110011001010110
1111111111111110011001001011
1111111111111110011001001001
1111111111111110011001000011
1111111111111110011001011001
1111111111111110011001011011
1111111111111110011001100001
1111111111111110011001010011
1111111111111110011001001011
1111111111111110011001001001
1111111111111110011001100000
1111111111111110011001010001
1111111111111110011001001011
1111111111111110011001001111
1111111111111110011001000100
1111111111111110011001010001
1111111111111110011001100010
1111111111111110011000111111
1111111111111110011001011111
1111111111111110011001110100
1111111111111110011001001100
1111111111111110011001001111
1111111111111110011001001101
1111111111111110011001010111
1111111111111110011001001010
1111111111111110011001011000
1111111111111110011001010110
1111111111111110011001100000
1111111111111110011001001101
1111111111111110011001100010
1111111111111110011001011001
1111111111111110011001001100
1111111111111110011001011100
1111111111111110011001100111
1111111111111110011001010001
1111111111111110011001001000
1111111111111110011001011101
1111111111111110011000111111
1111111111111110011001100001
1111111111111110011001100001
1111111111111110011001101000
1111111111111110011001100111
1111111111111110011001100011
1111111111111110011001011101
1111111111111110011001010100
1111111111111110011001111011
1111111111111110011001011000
1111111111111110011001101001
1111111111111110011001100101
1111111111111110011001101110
1111111111111110011001011000
1111111111111110011001011010
1111111111111110011001101000
1111111111111110011001101110
1111111111111110011001101100
1111111111111110011001101101
1111111111111110011001100010
1111111111111110011001100011
1111111111111110011001011100
1111111111111110011001101001
1111111111111110011001101110
1111111111111110011001010100
1111111111111110011001110000
1111111111111110011001011100
1111111111111110011001101010
1111111111111110011001110110
1111111111111110011001011111
1111111111111110011001010100
1111111111111110011001110110
1111111111111110011010000100
1111111111111110011001100011
1111111111111110011001111101
1111111111111110011001100010
1111111111111110011001110000
1111111111111110011010000000
1111111111111110011001100001
1111111111111110011001100110
1111111111111110011001101010
1111111111111110011001111001
1111111111111110011010000101
1111111111111110011001011010
1111111111111110011001011101
1111111111111110011001110001
1111111111111110011001100110
1111111111111110011001110000
1111111111111110011010000000
1111111111111110011001111001
1111111111111110011001110111
1111111111111110011010000010
1111111111111110011001101010
1111111111111110011001111100
1111111111111110011010000010
1111111111111110011001101010
1111111111111110011010000000
1111111111111110011001100111
1111111111111110011001110000
1111111111111110011001110111
1111111111111110011001110101
1111111111111110011001101110
1111111111111110011001101110
1111111111111110011001111001
1111111111111110011001110000
1111111111111110011001110111
1111111111111110011001110101
1111111111111110011010000011
1111111111111110011010000100
1111111111111110011001111110
1111111111111110011001101110
1111111111111110011001011101
1111111111111110011010000100
1111111111111110011001110001
1111111111111110011001111010
1111111111111110011010011001
1111111111111110011001111101
1111111111111110011001111001
1111111111111110011010000000
1111111111111110011010000000
1111111111111110011001111101
1111111111111110011001111000
1111111111111110011001100001
1111111111111110011010000001
1111111111111110011001101110
1111111111111110011001111011
1111111111111110011010001011
1111111111111110011001110001
1111111111111110011001010101
1111111111111110011001111111
1111111111111110011001111011
1111111111111110011010000100
1111111111111110011001101110
1111111111111110011010000011
1111111111111110011001101011
1111111111111110011010001010
1111111111111110011010001001
1111111111111110011010010011
1111111111111110011010010110
1111111111111110011010010000
1111111111111110011010000010
1111111111111110011001110101
1111111111111110011001101001
1111111111111110011010010001
1111111111111110011001111100
1111111111111110011001101110
1111111111111110011001101000
1111111111111110011010000011
1111111111111110011010010001
1111111111111110011010001100
1111111111111110011001110111
1111111111111110011001110011
1111111111111110011001111000
1111111111111110011010000001
1111111111111110011001110100
1111111111111110011001111111
1111111111111110011010000011
1111111111111110011010001000
1111111111111110011010001001
1111111111111110011000000010
1111111111111110011001111110
1111111111111110011001101101
1111111111111110011001101100
1111111111111110011001110011
1111111111111110011010000001
1111111111111110011010001110
1111111111111110011010000010
1111111111111110011010000010
1111111111111110011001111001
1111111111111110011010000011
1111111111111110011001110001
1111111111111110011010001011
1111111111111110011001110011
1111111111111110011010000011
1111111111111110011001110001
1111111111111110011010010011
1111111111111110011010011100
1111111111111110011001101000
1111111111111110011010000011
1111111111111110011010000101
1111111111111110011010000010
1111111111111110011001101010
1111111111111110011010001011
1111111111111110011010000110
1111111111111110011010000010
1111111111111110011010000111
1111111111111110011001110000
1111111111111110011001111000
1111111111111110011010001011
1111111111111110011010000110
1111111111111110011001110101
1111111111111110011001111000
1111111111111110011001110011
1111111111111110011001111100
1111111111111110011010001111
1111111111111110011001110010
1111111111111110011001110000
1111111111111110011010011000
1111111111111110011010010101
1111111111111110011001101011
1111111111111110011010001010
1111111111111110011010001010
1111111111111110011001111000
1111111111111110011001111010
1111111111111110011010000101
1111111111111110011010001111
1111111111111110011001110101
1111111111111110011010000001
1111111111111110011010000010
1111111111111110011010001111
1111111111111110011001111000
1111111111111110011010000010
1111111111111110011010010011
1111111111111110011010010111
1111111111111110011010001000
1111111111111110011010000101
1111111111111110011001110010
1111111111111110011010011101
1111111111111110011010001000
1111111111111110011010001000
1111111111111110011010001010
1111111111111110011001111010
1111111111111110011010010000
1111111111111110011001110100
1111111111111110011010000001
1111111111111110011010000110
1111111111111110011010001111
1111111111111110011001111100
1111111111111110011001110011
1111111111111110011010000101
1111111111111110011010000001
1111111111111110011010000100
1111111111111110011010001011
1111111111111110011001110010
1111111111111110011010011101
1111111111111110011010001101
1111111111111110011010000101
1111111111111110011010010001
1111111111111110011010010000
1111111111111110011010000111
1111111111111110011010000011
1111111111111110011010000011
1111111111111110011010001011
1111111111111110011010010010
1111111111111110011010011101
1111111111111110011010010000
1111111111111110011010000100
1111111111111110011010000010
1111111111111110011001111111
1111111111111110011010001011
1111111111111110011010000010
1111111111111110011010001000
1111111111111110011010000101
1111111111111110011010001000
1111111111111110011010010001
1111111111111110011001111100
1111111111111110011010011011
1111111111111110011001111000
1111111111111110011010010010
1111111111111110011010001011
1111111111111110011001110010
1111111111111110011010001001
1111111111111110011010000100
1111111111111110011001111101
1111111111111110011001111100
1111111111111110011010000010
1111111111111110011001110101
1111111111111110011001111001
1111111111111110011001111001
1111111111111110011010000001
1111111111111110011010011011
1111111111111110011010010111
1111111111111110011010100001
1111111111111110011010010111
1111111111111110011010001011
1111111111111110011010000010
1111111111111110011010011011
1111111111111110011010010010
1111111111111110011010000011
1111111111111110011010010101
1111111111111110011001111000
1111111111111110011010000100
1111111111111110011010010000
1111111111111110011010010001
1111111111111110011010001010
1111111111111110011001111111
1111111111111110011010100110
1111111111111110011001110100
1111111111111110011010100110
1111111111111110011001111111
1111111111111110011010001010
1111111111111110011010010001
1111111111111110011010010000
1111111111111110011010000100
1111111111111110011001111000
1111111111111110011010010101
1111111111111110011010000011
1111111111111110011010010010
1111111111111110011010011011
1111111111111110011010000010
1111111111111110011010001011
1111111111111110011010010111
1111111111111110011010100001
1111111111111110011010010111
1111111111111110011010011011
1111111111111110011010000001
1111111111111110011001111001
1111111111111110011001111001
1111111111111110011001110101
1111111111111110011010000010
1111111111111110011001111100
1111111111111110011001111101
1111111111111110011010000100
1111111111111110011010001001
1111111111111110011001110010
1111111111111110011010001011
1111111111111110011010010010
1111111111111110011001111000
1111111111111110011010011011
1111111111111110011001111100
1111111111111110011010010001
1111111111111110011010001000
1111111111111110011010000101
1111111111111110011010001000
1111111111111110011010000010
1111111111111110011010001011
1111111111111110011001111111
1111111111111110011010000010
1111111111111110011010000100
1111111111111110011010010000
1111111111111110011010011101
1111111111111110011010010010
1111111111111110011010001011
1111111111111110011010000011
1111111111111110011010000011
1111111111111110011010000111
1111111111111110011010010000
1111111111111110011010010001
1111111111111110011010000101
1111111111111110011010001101
1111111111111110011010011101
1111111111111110011001110010
1111111111111110011010001011
1111111111111110011010000100
1111111111111110011010000001
1111111111111110011010000101
1111111111111110011001110011
1111111111111110011001111100
1111111111111110011010001111
1111111111111110011010000110
1111111111111110011010000001
1111111111111110011001110100
1111111111111110011010010000
1111111111111110011001111010
1111111111111110011010001010
1111111111111110011010001000
1111111111111110011010001000
1111111111111110011010011101
1111111111111110011001110010
1111111111111110011010000101
1111111111111110011010001000
1111111111111110011010010111
1111111111111110011010010011
1111111111111110011010000010
1111111111111110011001111000
1111111111111110011010001111
1111111111111110011010000010
1111111111111110011010000001
1111111111111110011001110101
1111111111111110011010001111
1111111111111110011010000101
1111111111111110011001111010
1111111111111110011001111000
1111111111111110011010001010
1111111111111110011010001010
1111111111111110011001101011
1111111111111110011010010101
1111111111111110011010011000
1111111111111110011001110000
1111111111111110011001110010
1111111111111110011010001111
1111111111111110011001111100
1111111111111110011001110011
1111111111111110011001111000
1111111111111110011001110101
1111111111111110011010000110
1111111111111110011010001011
1111111111111110011001111000
1111111111111110011001110000
1111111111111110011010000111
1111111111111110011010000010
1111111111111110011010000110
1111111111111110011010001011
1111111111111110011001101010
1111111111111110011010000010
1111111111111110011010000101
1111111111111110011010000011
1111111111111110011001101000
1111111111111110011010011100
1111111111111110011010010011
1111111111111110011001110001
1111111111111110011010000011
1111111111111110011001110011
1111111111111110011010001011
1111111111111110011001110001
1111111111111110011010000011
1111111111111110011001111001
1111111111111110011010000010
1111111111111110011010000010
1111111111111110011010001110
1111111111111110011010000001
1111111111111110011001110011
1111111111111110011001101100
1111111111111110011001101101
1111111111111110011001111110
1111111111111110011000000010
1111111111111110011010001001
1111111111111110011010001000
1111111111111110011010000011
1111111111111110011001111111
1111111111111110011001110100
1111111111111110011010000001
1111111111111110011001111000
1111111111111110011001110011
1111111111111110011001110111
1111111111111110011010001100
1111111111111110011010010001
1111111111111110011010000011
1111111111111110011001101000
1111111111111110011001101110
1111111111111110011001111100
1111111111111110011010010001
1111111111111110011001101001
1111111111111110011001110101
1111111111111110011010000010
1111111111111110011010010000
1111111111111110011010010110
1111111111111110011010010011
1111111111111110011010001001
1111111111111110011010001010
1111111111111110011001101011
1111111111111110011010000011
1111111111111110011001101110
1111111111111110011010000100
1111111111111110011001111011
1111111111111110011001111111
1111111111111110011001010101
1111111111111110011001110001
1111111111111110011010001011
1111111111111110011001111011
1111111111111110011001101110
1111111111111110011010000001
1111111111111110011001100001
1111111111111110011001111000
1111111111111110011001111101
1111111111111110011010000000
1111111111111110011010000000
1111111111111110011001111001
1111111111111110011001111101
1111111111111110011010011001
1111111111111110011001111010
1111111111111110011001110001
1111111111111110011010000100
1111111111111110011001011101
1111111111111110011001101110
1111111111111110011001111110
1111111111111110011010000100
1111111111111110011010000011
1111111111111110011001110101
1111111111111110011001110111
1111111111111110011001110000
1111111111111110011001111001
1111111111111110011001101110
1111111111111110011001101110
1111111111111110011001110101
1111111111111110011001110111
1111111111111110011001110000
1111111111111110011001100111
1111111111111110011010000000
1111111111111110011001101010
1111111111111110011010000010
1111111111111110011001111100
1111111111111110011001101010
1111111111111110011010000010
1111111111111110011001110111
1111111111111110011001111001
1111111111111110011010000000
1111111111111110011001110000
1111111111111110011001100110
1111111111111110011001110001
1111111111111110011001011101
1111111111111110011001011010
1111111111111110011010000101
1111111111111110011001111001
1111111111111110011001101010
1111111111111110011001100110
1111111111111110011001100001
1111111111111110011010000000
1111111111111110011001110000
1111111111111110011001100010
1111111111111110011001111101
1111111111111110011001100011
1111111111111110011010000100
1111111111111110011001110110
1111111111111110011001010100
1111111111111110011001011111
1111111111111110011001110110
1111111111111110011001101010
1111111111111110011001011100
1111111111111110011001110000
1111111111111110011001010100
1111111111111110011001101110
1111111111111110011001101001
1111111111111110011001011100
1111111111111110011001100011
1111111111111110011001100010
1111111111111110011001101101
1111111111111110011001101100
1111111111111110011001101110
1111111111111110011001101000
1111111111111110011001011010
1111111111111110011001011000
1111111111111110011001101110
1111111111111110011001100101
1111111111111110011001101001
1111111111111110011001011000
1111111111111110011001111011
1111111111111110011001010100
1111111111111110011001011101
1111111111111110011001100011
1111111111111110011001100111
1111111111111110011001101000
1111111111111110011001100001
1111111111111110011001100001
1111111111111110011000111111
1111111111111110011001011101
1111111111111110011001001000
1111111111111110011001010001
1111111111111110011001100111
1111111111111110011001011100
1111111111111110011001001100
1111111111111110011001011001
1111111111111110011001100010
1111111111111110011001001101
1111111111111110011001100000
1111111111111110011001010110
1111111111111110011001011000
1111111111111110011001001010
1111111111111110011001010111
1111111111111110011001001101
1111111111111110011001001111
1111111111111110011001001100
1111111111111110011001110100
1111111111111110011001011111
1111111111111110011000111111
1111111111111110011001100010
1111111111111110011001010001
1111111111111110011001000100
1111111111111110011001001111
1111111111111110011001001011
1111111111111110011001010001
1111111111111110011001100000
1111111111111110011001001001
1111111111111110011001001011
1111111111111110011001010011
1111111111111110011001100001
1111111111111110011001011011
1111111111111110011001011001
1111111111111110011001000011
1111111111111110011001001001
1111111111111110011001001011
1111111111111110011001010110
1111111111111110011001010010
1111111111111110011001001001
1111111111111110011001001011
1111111111111110011001001011
1111111111111110011001011101
1111111111111110011001001011
1111111111111110011001001111
1111111111111110011000111011
1111111111111110011000111100
1111111111111110011001000010
1111111111111110011000111000
1111111111111110011001001001
1111111111111110011001011110
1111111111111110011000111000
1111111111111110011001000011
1111111111111110011000110000
1111111111111110011001001001
1111111111111110011001010010
1111111111111110011001000100
1111111111111110011001000101
1111111111111110011000110111
1111111111111110011000110000
1111111111111110011001001100
1111111111111110011000111111
1111111111111110011001000010
1111111111111110011000111011
1111111111111110011001010010
1111111111111110011001001001
1111111111111110011001000010
1111111111111110011001001001
1111111111111110011001010000
1111111111111110011000110010
1111111111111110011001000100
1111111111111110011000101011
1111111111111110011001001010
1111111111111110011000101111
1111111111111110011000100101
1111111111111110011000111100
1111111111111110011000111101
1111111111111110011001000101
1111111111111110011001000011
1111111111111110011001000000
1111111111111110011000111100
1111111111111110011001010000
1111111111111110011000101100
1111111111111110011000110100
1111111111111110011000111010
1111111111111110011000101111
1111111111111110011000111001
1111111111111110011000110010
1111111111111110011000100110
1111111111111110011000101001
1111111111111110011000110001
1111111111111110011000110011
1111111111111110011000110101
1111111111111110011000110110
1111111111111110011000101100
1111111111111110011000101101
1111111111111110011000101111
1111111111111110011000111000
1111111111111110011000110111
1111111111111110011000011100
1111111111111110011000100111
1111111111111110011000110111
1111111111111110011000101011
1111111111111110011000111001
1111111111111110011000110001
1111111111111110011000100100
1111111111111110011000111001
1111111111111110011000101010
1111111111111110011000100000
1111111111111110011000101000
1111111111111110011000100010
1111111111111110011000111111
1111111111111110011000001111
1111111111111110011000100101
1111111111111110011000010100
1111111111111110011000011100
1111111111111110011000010101
1111111111111110011000010110
1111111111111110011000101101
1111111111111110011000011010
1111111111111110011000101100
1111111111111110011000110001
1111111111111110011000100000
1111111111111110011000101010
1111111111111110011000010001
1111111111111110011000011001
1111111111111110011000011010
1111111111111110011000011110
1111111111111110011000110001
1111111111111110011000011010
1111111111111110011000100101
1111111111111110011000100111
1111111111111110011000100000
1111111111111110011000010010
1111111111111110011000011010
1111111111111110011000010100
1111111111111110011000001110
1111111111111110010110010000
1111111111111110011000000111
1111111111111110011000010100
1111111111111110011000011001
1111111111111110011000000111
1111111111111110010111111110
1111111111111110011000000000
1111111111111110011000100010
1111111111111110011000001010
1111111111111110011000001000
1111111111111110010111111101
1111111111111110011000001111
1111111111111110011000010010
1111111111111110011000011010
1111111111111110010111111011
1111111111111110011000011100
1111111111111110010111111110
1111111111111110011000010110
1111111111111110011000000011
1111111111111110010111111100
1111111111111110010111110111
1111111111111110010111111011
1111111111111110010111100111
1111111111111110010111111110
1111111111111110010111111101
1111111111111110011000001001
1111111111111110010111110000
1111111111111110010111110000
1111111111111110010111101100
1111111111111110010111111110
1111111111111110010111110100
1111111111111110011000000000
1111111111111110010111110000
1111111111111110010111101101
1111111111111110010111111001
1111111111111110010111111111
1111111111111110011000000100
1111111111111110010111110110
1111111111111110010111111110
1111111111111110011000000000
1111111111111110010111100010
1111111111111110010111100110
1111111111111110010111100111
1111111111111110010111101000
1111111111111110010111110001
1111111111111110010111100000
1111111111111110010111100100
1111111111111110010111100000
1111111111111110010111011001
1111111111111110010111010000
1111111111111110010111011001
1111111111111110010111101100
1111111111111110010111101110
1111111111111110010111010101
1111111111111110010111010011
1111111111111110010111100111
1111111111111110010111011101
1111111111111110010111011001
1111111111111110010111100110
1111111111111110010111010001
1111111111111110010111011101
1111111111111110010111011110
1111111111111110010111011000
1111111111111110010111011001
1111111111111110010111010110
1111111111111110010111010000
1111111111111110010111011111
1111111111111110010111100001
1111111111111110010111001110
1111111111111110010111011001
1111111111111110010111000110
1111111111111110010111001101
1111111111111110010111001000
1111111111111110010111010010
1111111111111110010111001000
1111111111111110010111000001
1111111111111110010111010101
1111111111111110010111010000
1111111111111110010110110001
1111111111111110010111000100
1111111111111110010111001000
1111111111111110010111000001
1111111111111110010111000000
1111111111111110010111000011
1111111111111110010110111110
1111111111111110010110110000
1111111111111110010110111101
1111111111111110010110110000
1111111111111110010110110111
1111111111111110010110111100
1111111111111110010110110101
1111111111111110010110111010
1111111111111110010110110010
1111111111111110010111001101
1111111111111110010110101101
1111111111111110010110101111
1111111111111110010110110000
1111111111111110010110101001
1111111111111110010110101010
1111111111111110010110011010
1111111111111110010110010011
1111111111111110010110101011
1111111111111110010110100101
1111111111111110010110010100
1111111111111110010110101111
1111111111111110010110100111
1111111111111110010110010001
1111111111111110010110011010
1111111111111110010110011111
1111111111111110010110000100
1111111111111110010110011100
1111111111111110010110011000
1111111111111110010110011001
1111111111111110010110010110
1111111111111110010110001101
1111111111111110010110000101
1111111111111110010110000000
1111111111111110010110011001
1111111111111110010110011001
1111111111111110010110001011
1111111111111110010110001101
1111111111111110010110001110
1111111111111110010110000111
1111111111111110010101111100
1111111111111110010110000110
1111111111111110010101111101
1111111111111110010101111101
1111111111111110010101111101
1111111111111110010101110001
1111111111111110010101111101
1111111111111110010101101101
1111111111111110010101111110
1111111111111110010101101000
1111111111111110010101111000
1111111111111110010101101010
1111111111111110010101110100
1111111111111110010101101111
1111111111111110010101100010
1111111111111110010101110010
1111111111111110010101100101
1111111111111110010101011110
1111111111111110010101001010
1111111111111110010101011100
1111111111111110010101011100
1111111111111110010101100100
1111111111111110010101100101
1111111111111110010101010101
1111111111111110010101010010
1111111111111110010101100110
1111111111111110010101010100
1111111111111110010100111111
1111111111111110010101010011
1111111111111110010101010000
1111111111111110010101000110
1111111111111110010101001010
1111111111111110010100111110
1111111111111110010101000000
1111111111111110010101000011
1111111111111110010100111000
1111111111111110010101000110
1111111111111110010100111100
1111111111111110010100101011
1111111111111110010100110111
1111111111111110010100110100
1111111111111110010101000111
1111111111111110010100110000
1111111111111110010100111100
1111111111111110010100101001
1111111111111110010100110111
1111111111111110010100100111
1111111111111110010100100011
1111111111111110010100011100
1111111111111110010100010111
1111111111111110010100100110
1111111111111110010100011000
1111111111111110010100011000
1111111111111110010100100010
1111111111111110010100010010
1111111111111110010100001010
1111111111111110010100010101
1111111111111110010100011010
1111111111111110010100011001
1111111111111110010100000000
1111111111111110010100010110
1111111111111110010011111101
1111111111111110010100001101
1111111111111110010100001111
1111111111111110010100001011
1111111111111110010011110110
1111111111111110010011111101
1111111111111110010011101010
1111111111111110010011111100
1111111111111110010011100011
1111111111111110010011011101
1111111111111110010011101000
1111111111111110010011101010
1111111111111110010011100011
1111111111111110010011100001
1111111111111110010011010000
1111111111111110010011100000
1111111111111110010011011010
1111111111111110010011010110
1111111111111110010011001100
1111111111111110010011010001
1111111111111110010011010001
1111111111111110010011010111
1111111111111110010011000110
1111111111111110010011000001
1111111111111110010011001001
1111111111111110010010111010
1111111111111110010011000110
1111111111111110010010111001
1111111111111110010010111000
1111111111111110010010110001
1111111111111110010010110001
1111111111111110010010101001
1111111111111110010010101101
1111111111111110010010101001
1111111111111110010010011100
1111111111111110010010011011
1111111111111110010010100001
1111111111111110010010100011
1111111111111110010010001100
1111111111111110010010100010
1111111111111110010010001110
1111111111111110010010010101
1111111111111110010010001110
1111111111111110010010000100
1111111111111110010001111011
1111111111111110010001110010
1111111111111110010001110011
1111111111111110010001110010
1111111111111110010001110110
1111111111111110010001101110
1111111111111110010001011110
1111111111111110010001101100
1111111111111110010001100011
1111111111111110010001100010
1111111111111110010001010000
1111111111111110010001001111
1111111111111110010001000110
1111111111111110010001001100
1111111111111110010001010000
1111111111111110010001000001
1111111111111110010000111101
1111111111111110010001000011
1111111111111110010000111011
1111111111111110010000110000
1111111111111110010000101000
1111111111111110010000101000
1111111111111110010000110001
1111111111111110010000101001
1111111111111110010000101001
1111111111111110010000011000
1111111111111110010000011110
1111111111111110010000010101
1111111111111110001110001111
1111111111111110010000000111
1111111111111110010000000111
1111111111111110010000000111
1111111111111110001111111110
1111111111111110001111110100
1111111111111110001111110011
1111111111111110001111101011
1111111111111110001111101000
1111111111111110001111010100
1111111111111110001111010101
1111111111111110001111010101
1111111111111110001111011010
1111111111111110001110111101
1111111111111110001111001111
1111111111111110001110111111
1111111111111110001111000110
1111111111111110001110111010
1111111111111110001110110000
1111111111111110001110111101
1111111111111110001110101111
1111111111111110001110101000
1111111111111110001110100010
1111111111111110001110010110
1111111111111110001110011110
1111111111111110001110001011
1111111111111110001110000011
1111111111111110001101111011
1111111111111110001101111001
1111111111111110001101110111
1111111111111110001101101101
1111111111111110001101101101
1111111111111110001101100110
1111111111111110001101100111
1111111111111110001101010111
1111111111111110001101011010
1111111111111110001101000001
1111111111111110001101001101
1111111111111110001100111011
1111111111111110001100110010
1111111111111110001100101010
1111111111111110001100011110
1111111111111110001100011101
1111111111111110001100001001
1111111111111110001100010101
1111111111111110001100000000
1111111111111110001011111101
1111111111111110001011110111
1111111111111110001011110000
1111111111111110001011101001
1111111111111110001011101101
1111111111111110001011100000
1111111111111110001011001011
1111111111111110001010111110
1111111111111110001011001100
1111111111111110001011000110
1111111111111110001010110010
1111111111111110001010110001
1111111111111110001010011101
1111111111111110001010011100
1111111111111110001010000101
1111111111111110001010000110
1111111111111110001001110111
1111111111111110001001110011
1111111111111110001001110011
1111111111111110001001100111
1111111111111110001001100011
1111111111111110001001010011
1111111111111110001001000010
1111111111111110001001000000
1111111111111110001000110110
1111111111111110001000101001
1111111111111110001000100010
1111111111111110001000011101
1111111111111110001000010100
1111111111111110000111111101
1111111111111110000111111010
1111111111111110000111110101
1111111111111110000111011111
1111111111111110000111011001
1111111111111110000111001111
1111111111111110000111001000
1111111111111110000110111001
1111111111111110000110100111
1111111111111110000110100000
1111111111111110000110011111
1111111111111110000110001000
1111111111111110000101111101
1111111111111110000101101110
1111111111111110000101101111
1111111111111110000101011010
1111111111111110000101010010
1111111111111110000100111110
1111111111111110000100101010
1111111111111110000100100111
1111111111111110000100011111
1111111111111110000011111100
1111111111111110000100001001
1111111111111110000011101010
1111111111111110000011101001
1111111111111110000011010111
1111111111111110000011000000
1111111111111110000010111001
1111111111111110000010101011
1111111111111110000010010111
1111111111111110000010010000
1111111111111110000001110110
1111111111111110000001110000
1111111111111110000001011110
1111111111111110000001001010
1111111111111110000001000010
1111111111111110000000101000
1111111111111110000000100011
1111111111111110000000000101
1111111111111101111111111001
1111111111111101111111100011
1111111111111101111111010110
1111111111111101111111000011
1111111111111101111110110000
1111111111111101111110011010
1111111111111101111110000110
1111111111111101111101110011
1111111111111101111101100011
1111111111111101111101001010
1111111111111101111100110101
1111111111111101111100101010
1111111111111101111100010011
1111111111111101111011111110
1111111111111101111011011110
1111111111111101111011001000
1111111111111101111010111000
1111111111111101111010011111
1111111111111101111010000010
1111111111111101111001110001
1111111111111101111001011011
1111111111111101111000111011
1111111111111101111000100111
1111111111111101111000001100
1111111111111101110111110001
1111111111111101110111101000
1111111111111101110111000011
1111111111111101110110011101
1111111111111101110110001111
1111111111111101110101100101
1111111111111101110101010001
1111111111111101110100100010
1111111111111101110100010011
1111111111111101110011101100
1111111111111101110011001101
1111111111111101110010101010
1111111111111101110010001111
1111111111111101110001101010
1111111111111101110001001001
1111111111111101110000100010
1111111111111101110000000101
1111111111111101101111100001
1111111111111101101110111010
1111111111111101101110010110
1111111111111101101101101011
1111111111111101101100111010
1111111111111101101100011000
1111111111111101101011110011
1111111111111101101011001011
1111111111111101101010100101
1111111111111101101001101110
1111111111111101101001000111
1111111111111101101000011000
1111111111111101100111100100
1111111111111101100110101111
1111111111111101100110000011
1111111111111101100101001111
1111111111111101100100100100
1111111111111101100011100101
1111111111111101100010110110
1111111111111101100001110100
1111111111111101100000111101
1111111111111101100000000101
1111111111111101011111001101
1111111111111101011110001101
1111111111111101011101010000
1111111111111101011100001011
1111111111111101011011000000
1111111111111101011001111101
1111111111111101011000110110
1111111111111101010111101011
1111111111111101010110100100
1111111111111101010101011000
1111111111111101010100000111
1111111111111101010010110001
1111111111111101010001011001
1111111111111101010000000000
1111111111111101001110100101
1111111111111101001101000111
1111111111111101001011011111
1111111111111101001001111111
1111111111111101001000011110
1111111111111101000110101110
1111111111111101000101000000
1111111111111101000011010001
1111111111111101000001011000
1111111111111100111111010101
1111111111111100111101010111
1111111111111100111011010110
1111111111111100111001001011
1111111111111100110110111100
1111111111111100110100101000
1111111111111100110010001110
1111111111111100101111101010
1111111111111100101101000001
1111111111111100101010001111
1111111111111100100111010100
1111111111111100100100010011
1111111111111100100001001001
1111111111111100011101111000
1111111111111100011010011101
1111111111111100010110110000
1111111111111100010010111011
1111111111111100001110111001
1111111111111100001010101100
1111111111111100000110001100
1111111111111100000001100001
1111111111111011111100100110
1111111111111011110111010000
1111111111111011110001101011
1111111111111011101011101111
1111111111111011100101010110
1111111111111011011110101010
1111111111111011010111010000
1111111111111011001111011101
1111111111111011000111000100
1111111111111010111110000110
1111111111111010110100011010
1111111111111010101001110010
1111111111111010011110010111
1111111111111010010001110001
1111111111111010000100000010
1111111111111001110100101110
1111111111111001100100000100
1111111111111001010001011100
1111111111111000111100101010
1111111111111000100101001011
1111111111111000001010100010
1111111111110111101100001100
1111111111110111001000111010
1111111111110110011111110000
1111111111110101101111001110
1111111111110100110100110011
1111111111110011101101010011
1111111111110010010011110001
1111111111110000100000011101
1111111111101110000110001010
1111111111101010101101011010
1111111111100101100110100001
1111111111011101000000110110
1111111111001011100011110010
1111111110010100110111100000
0000011000110011011111011011
0000000001011100010101010001
0000000000101111000000001101
0000000000011111010001110111
0000000000010111010010111010
0000000000010010011101111000
0000000000001111001110110111
0000000000001100111010011011
0000000000001011001010111001
0000000000001001110011111110
0000000000001000101110011010
0000000000000111110101010100
0000000000000111000101110100
0000000000000110011101100101
0000000000000101111011000110
0000000000000101011101001011
0000000000000101000011000000
0000000000000100101011111001
0000000000000100010111010101
0000000000000100000101000000
0000000000000011110100100000
0000000000000011100101100010
0000000000000011011000000010
0000000000000011001011101000
0000000000000011000000010111
0000000000000010110101111010
0000000000000010101100010011
0000000000000010100011010111
0000000000000010011011000111
0000000000000010010011100000
0000000000000010001100010010
0000000000000010000101101011
0000000000000001111111011001
0000000000000001111001100010
0000000000000001110011111110
0000000000000001101110110001
0000000000000001101001111001
0000000000000001100101010000
0000000000000001100000110101
0000000000000001011100101100
0000000000000001011000110011
0000000000000001010101000101
0000000000000001010001100100
0000000000000001001110001011
0000000000000001001010111111
0000000000000001000111111011
0000000000000001000100111111
0000000000000001000010001111
0000000000000000111111100001
0000000000000000111101000010
0000000000000000111010100100
0000000000000000111000001101
0000000000000000110101111100
0000000000000000110011110101
0000000000000000110001101111
0000000000000000101111110011
0000000000000000101101111011
0000000000000000101100000110
0000000000000000101010010010
0000000000000000101000100100
0000000000000000100110111110
0000000000000000100101011011
0000000000000000100011110111
0000000000000000100010011111
0000000000000000100001000001
0000000000000000011111101101
0000000000000000011110011001
0000000000000000011101001000
0000000000000000011011111010
0000000000000000011010110000
0000000000000000011001100110
0000000000000000011000100000
0000000000000000010111011100
0000000000000000010110011011
0000000000000000010101011100
0000000000000000010100011111
0000000000000000010011100100
0000000000000000010010101101
0000000000000000010001110110
0000000000000000010001000010
0000000000000000010000001110
0000000000000000001111011100
0000000000000000001110101011
0000000000000000001101111110
0000000000000000001101010011
0000000000000000001100100111
0000000000000000001011111101
0000000000000000001011010110
0000000000000000001010101110
0000000000000000001010001001
0000000000000000001001100101
0000000000000000001001000011
0000000000000000001000100000
0000000000000000001000000000
0000000000000000000111100010
0000000000000000000111000100
0000000000000000000110100111
0000000000000000000110001011
0000000000000000000101110001
0000000000000000000101010111
0000000000000000000100111110
0000000000000000000100100111
0000000000000000000100010001
0000000000000000000011111011
0000000000000000000011100111
0000000000000000000011010100
0000000000000000000011000001
0000000000000000000010101111
0000000000000000000010011111
0000000000000000000010001111
0000000000000000000001111111
0000000000000000000001110001
0000000000000000000001100100
0000000000000000000001011000
0000000000000000000001001100
0000000000000000000001000010
0000000000000000000000111000
0000000000000000000000101111
0000000000000000000000100110
0000000000000000000000011111
0000000000000000000000011001
0000000000000000000000010011
0000000000000000000000001101
0000000000000000000000001001
0000000000000000000000000110
0000000000000000000000000011
0000000000000000000000000001
0000000000000000000000000000
