0000000000000000000000000000
0000000000000000000100001110
0000000000000000001000001011
0000000000000000001100000101
0000000000000000001111111110
0000000000000000010011100111
0000000000000000010111011000
0000000000000000011011101010
0000000000000000011111111101
0000000000000000100011110111
0000000000000000100111101100
0000000000000000101011101001
0000000000000000101111110001
0000000000000000110011110101
0000000000000000110111100101
0000000000000000111100010001
0000000000000001000000001010
0000000000000001000011111101
0000000000000001001000001010
0000000000000001001100110000
0000000000000001010001000010
0000000000000001010101000000
0000000000000001011001101001
0000000000000001011101111110
0000000000000001100010010001
0000000000000001100110101011
0000000000000001101011000111
0000000000000001101111101010
0000000000000001110011111101
0000000000000001111000101000
0000000000000001111101011010
0000000000000010000001111000
0000000000000010000110111110
0000000000000010001011101101
0000000000000010010000101001
0000000000000010010101000111
0000000000000010011010001101
0000000000000010011111100011
0000000000000010100100101000
0000000000000010101001110110
0000000000000010101111000000
0000000000000010110100100010
0000000000000010111001110010
0000000000000010111111011000
0000000000000011000101001101
0000000000000011001010101111
0000000000000011010000010011
0000000000000011010110100000
0000000000000011011100100000
0000000000000011100010110011
0000000000000011101001000000
0000000000000011101111011000
0000000000000011110101101000
0000000000000011111100011000
0000000000000100000011001110
0000000000000100001010000101
0000000000000100010001001100
0000000000000100011000100110
0000000000000100100000001010
0000000000000100100111111110
0000000000000100101111101001
0000000000000100110111110101
0000000000000101000000000011
0000000000000101001000101101
0000000000000101010000111101
0000000000000101011010100000
0000000000000101100010111011
0000000000000101101100110111
0000000000000101110110010001
0000000000000110000000000011
0000000000000110001010101001
0000000000000110010101110000
0000000000000110100000110000
0000000000000110101011110110
0000000000000110110111000110
0000000000000111000011100101
0000000000000111001111110101
0000000000000111011100111100
0000000000000111101010101100
0000000000000111111000110111
0000000000001000000110111110
0000000000001000010110011100
0000000000001000100101111010
0000000000001000110110011101
0000000000001001000111101001
0000000000001001011001010011
0000000000001001101100001000
0000000000001001111111011111
0000000000001010010011111000
0000000000001010101001000111
0000000000001010111111101011
0000000000001011010111101100
0000000000001011110000110101
0000000000001100001011001011
0000000000001100100111000100
0000000000001101000100111110
0000000000001101100100001110
0000000000001110000101110001
0000000000001110101000101110
0000000000001111001111000000
0000000000001111110111001101
0000000000010000100010101000
0000000000010001010001101111
0000000000010010000100001100
0000000000010010111010111010
0000000000010011110101101101
0000000000010100110110011101
0000000000010101111100110000
0000000000010111001010101001
0000000000011000100000010100
0000000000011001111111010100
0000000000011011101001110110
0000000000011101100001010101
0000000000011111101000100000
0000000000100010000010111110
0000000000100100110100101100
0000000000101000000011111000
0000000000101011111000010010
0000000000110000011101110111
0000000000110110000011010100
0000000000111101000001101011
0000000001000101111110001001
0000000001010001110111101010
0000000001100010011101010001
0000000001111011001101100101
0000000010100100001000010110
0000000011110100101101001011
0000000111011100111101011000
0001111111001001001101011111
0000001000100000111100011000
0000000100001000101110001110
0000000010101111010010001010
0000000010000011010001000101
0000000001101001000101010100
0000000001010111101101111010
0000000001001011010110011101
0000000001000010000110110011
0000000000111010111011001100
0000000000110101001011111110
0000000000110000011111101110
0000000000101100100110001100
0000000000101001010010011110
0000000000100110011100111011
0000000000100100000000100000
0000000000100001110111001110
0000000000011111111110000001
0000000000011110010010101100
0000000000011100110010011001
0000000000011011011100001011
0000000000011010001101000000
0000000000011001000101110100
0000000000011000000100100010
0000000000010111001001000110
0000000000010110010001111101
0000000000010101011111011100
0000000000010100110000101100
0000000000010100000100111010
0000000000010011011100001011
0000000000010010110101100111
0000000000010010010010011110
0000000000010001110000111111
0000000000010001010001110010
0000000000010000110100011110
0000000000010000011000011001
0000000000001111111110010110
0000000000001111100101100111
0000000000001111001101110110
0000000000001110110111100111
0000000000001110100010010000
0000000000001110001101111010
0000000000001101111010010110
0000000000001101101000000010
0000000000001101010110100101
0000000000001101000101101101
0000000000001100110101100011
0000000000001100100101111111
0000000000001100010111000100
0000000000001100001000111000
0000000000001011111011001000
0000000000001011101110000110
0000000000001011100001100011
0000000000001011010101011001
0000000000001011001001101010
0000000000001010111110100101
0000000000001010110011110100
0000000000001010101000110101
0000000000001010011110100101
0000000000001010010100111110
0000000000001010001011011101
0000000000001010000010000010
0000000000001001111001011100
0000000000001001110001000010
0000000000001001101000010001
0000000000001001100000001010
0000000000001001011000001111
0000000000001001010000100011
0000000000001001001000111101
0000000000001001000001100110
0000000000001000111010100001
0000000000001000110011110100
0000000000001000101101010111
0000000000001000100110110110
0000000000001000100000100100
0000000000001000011010100010
0000000000001000010100001101
0000000000001000001110001100
0000000000001000001000101001
0000000000001000000011000000
0000000000000111111101110101
0000000000000111111000101100
0000000000000111110011101100
0000000000000111101110001010
0000000000000111101001100110
0000000000000111100100010110
0000000000000111100000000010
0000000000000111011011011000
0000000000000111010111001001
0000000000000111010010100011
0000000000000111001101111110
0000000000000111001001110000
0000000000000111000101111001
0000000000000111000001010110
0000000000000110111101100110
0000000000000110111001110101
0000000000000110110110001101
0000000000000110110010110010
0000000000000110101110101010
0000000000000110101010111000
0000000000000110100111011100
0000000000000110100011111011
0000000000000110100000100011
0000000000000110011101011111
0000000000000110011010000011
0000000000000110010110111000
0000000000000110010011100100
0000000000000110010000110000
0000000000000110001101100100
0000000000000110001010100110
0000000000000110000111010011
0000000000000110000101000110
0000000000000110000001100001
0000000000000101111111000110
0000000000000101111011110011
0000000000000101111001101110
0000000000000101110110100110
0000000000000101110011100100
0000000000000101110001110001
0000000000000101101111001010
0000000000000101101100101000
0000000000000101101010011011
0000000000000101100111101100
0000000000000101100101011010
0000000000000101100011010110
0000000000000101100000110100
0000000000000101011110011110
0000000000000101011100100001
0000000000000101011010010110
0000000000000101010111110001
0000000000000101010101101001
0000000000000101010011011110
0000000000000101010001110010
0000000000000101001111101111
0000000000000101001101100000
0000000000000101001011101011
0000000000000101001001101101
0000000000000101000111110001
0000000000000101000101101111
0000000000000101000011110110
0000000000000101000001111100
0000000000000101000000010101
0000000000000100111110010101
0000000000000100111100110001
0000000000000100111010100010
0000000000000100111001010000
0000000000000100110111001010
0000000000000100110101110100
0000000000000100110011111110
0000000000000100110010010010
0000000000000100110001000000
0000000000000100101111000000
0000000000000100101101101110
0000000000000100101011111101
0000000000000100101010011100
0000000000000100101001001100
0000000000000100100111011000
0000000000000100100101101110
0000000000000100100100110000
0000000000000100100010101000
0000000000000100100010001010
0000000000000100011111111101
0000000000000100011110110001
0000000000000100011101101110
0000000000000100011100000110
0000000000000100011010011111
0000000000000100011001010010
0000000000000100010111101010
0000000000000100010110110100
0000000000000100010101011010
0000000000000100010100001001
0000000000000100010010011110
0000000000000100010001100100
0000000000000100010000011111
0000000000000100001111000010
0000000000000100001101101010
0000000000000100001100100111
0000000000000100001011011110
0000000000000100001010011011
0000000000000100001000111000
0000000000000100000111111001
0000000000000100000111000001
0000000000000100000101011101
0000000000000100000100010111
0000000000000100000011011100
0000000000000100000010011011
0000000000000100000001001110
0000000000000100000000001000
0000000000000011111111010101
0000000000000011111110000001
0000000000000011111100110000
0000000000000011111011110111
0000000000000011111010110000
0000000000000011111010000010
0000000000000011111001001101
0000000000000011110111111111
0000000000000011110111010110
0000000000000011110101110111
0000000000000011110101001001
0000000000000011110011110100
0000000000000011110011000110
0000000000000011110001110011
0000000000000011110000111100
0000000000000011110000101110
0000000000000011101111101001
0000000000000011101110010011
0000000000000011101101001111
0000000000000011101100101110
0000000000000011101011110111
0000000000000011101011000000
0000000000000011101010001011
0000000000000011101001011110
0000000000000011101000001011
0000000000000011100111111100
0000000000000011100110101101
0000000000000011100110000011
0000000000000011100101000100
0000000000000011100100001111
0000000000000011100011010111
0000000000000011100010001100
0000000000000011100010000000
0000000000000011100000101001
0000000000000011100000001010
0000000000000011011111000110
0000000000000011011110100011
0000000000000011011101110000
0000000000000011011101001101
0000000000000011011100010110
0000000000000011011011101111
0000000000000011011011000111
0000000000000011011010010100
0000000000000011011001100011
0000000000000011011000011100
0000000000000011011000001001
0000000000000011010111001111
0000000000000011010110100010
0000000000000011010101110011
0000000000000011010100111000
0000000000000011010100101101
0000000000000011010011111011
0000000000000011010011000011
0000000000000011010010101111
0000000000000011010001110001
0000000000000011010001110010
0000000000000011010000011100
0000000000000011010000000110
0000000000000011001111100110
0000000000000011001111001001
0000000000000011001110000101
0000000000000011001101100000
0000000000000011001100110011
0000000000000011001100010010
0000000000000011001011100010
0000000000000011001010110011
0000000000000011001010010101
0000000000000011001001110111
0000000000000011001100110010
0000000000000011001000100100
0000000000000011000111110101
0000000000000011000111100100
0000000000000011000110101000
0000000000000011000110001100
0000000000000011000101100001
0000000000000011000101010100
0000000000000011000100111001
0000000000000011000100001101
0000000000000011000011011110
0000000000000011000010110110
0000000000000011000010100011
0000000000000011000010000010
0000000000000011000001001100
0000000000000011000000111001
0000000000000011000000100111
0000000000000010111111111110
0000000000000010111111100001
0000000000000010111110100111
0000000000000010111110001011
0000000000000010111101100010
0000000000000010111101100000
0000000000000010111100101011
0000000000000010111100000011
0000000000000010111011110001
0000000000000010111011010110
0000000000000010111010111110
0000000000000010111010010101
0000000000000010111001101101
0000000000000010111001000100
0000000000000010111000100000
0000000000000010111000010011
0000000000000010110111011001
0000000000000010110111100110
0000000000000010110110101000
0000000000000010110110010010
0000000000000010110110000101
0000000000000010110101101100
0000000000000010110100111111
0000000000000010110100100000
0000000000000010110100001111
0000000000000010110011101100
0000000000000010110011010100
0000000000000010110010110010
0000000000000010110010011001
0000000000000010110001101111
0000000000000010110001101100
0000000000000010110000111100
0000000000000010110000110011
0000000000000010110000010101
0000000000000010101111100011
0000000000000010101111011000
0000000000000010101111000010
0000000000000010101110110011
0000000000000010101110001111
0000000000000010101101110010
0000000000000010101101010101
0000000000000010101101011000
0000000000000010101100101001
0000000000000010101100010001
0000000000000010101011110001
0000000000000010101011011111
0000000000000010101011011100
0000000000000010101010111101
0000000000000010101010000010
0000000000000010101010001001
0000000000000010101001011000
0000000000000010101001001111
0000000000000010101000011001
0000000000000010100111111111
0000000000000010100111101111
0000000000000010100111110101
0000000000000010100110111010
0000000000000010100111001001
0000000000000010100110001111
0000000000000010100101111010
0000000000000010100101101110
0000000000000010100101101110
0000000000000010100101001101
0000000000000010100100100011
0000000000000010100100011111
0000000000000010100100001100
0000000000000010100011100101
0000000000000010100011101001
0000000000000010100011001111
0000000000000010100010110010
0000000000000010100010011010
0000000000000010100001110000
0000000000000010100001110011
0000000000000010100001000100
0000000000000010100001000100
0000000000000010100000010000
0000000000000010100000011100
0000000000000010100000000101
0000000000000010100000000110
0000000000000010011111011100
0000000000000010011110111100
0000000000000010011110111111
0000000000000010011110011110
0000000000000010011110010000
0000000000000010011110000010
0000000000000010011101100001
0000000000000010011101010110
0000000000000010011100110111
0000000000000010011100100010
0000000000000010011100101111
0000000000000010011011111111
0000000000000010011011010100
0000000000000010011011100001
0000000000000010011011001101
0000000000000010011010100110
0000000000000010011010010111
0000000000000010011010010100
0000000000000010011010000100
0000000000000010011010001110
0000000000000010011001100001
0000000000000010011001000111
0000000000000010011000100100
0000000000000010011000101100
0000000000000010011000001010
0000000000000010010111110100
0000000000000010010111110011
0000000000000010010111010001
0000000000000010010111011000
0000000000000010010110101001
0000000000000010010110110011
0000000000000010010110001101
0000000000000010010110010000
0000000000000010010101110000
0000000000000010010101100001
0000000000000010010101010010
0000000000000010010100110111
0000000000000010010100110111
0000000000000010010100011010
0000000000000010010100000001
0000000000000010010011110101
0000000000000010010011101001
0000000000000010010011001000
0000000000000010010010111001
0000000000000010010011001110
0000000000000010010010111001
0000000000000010010010100000
0000000000000010010010000110
0000000000000010010001110100
0000000000000010010001101000
0000000000000010010001010101
0000000000000010010001101001
0000000000000010010000110111
0000000000000010010000110000
0000000000000010010000101111
0000000000000010010000000011
0000000000000010001111101100
0000000000000010010000000011
0000000000000010001111011111
0000000000000010001111001001
0000000000000010001111011110
0000000000000010001111000111
0000000000000010001110100101
0000000000000010001110011001
0000000000000010001110000100
0000000000000010001101110111
0000000000000010001101101110
0000000000000010001100110111
0000000000000010001101001110
0000000000000010001100110111
0000000000000010001100110010
0000000000000010001100011011
0000000000000010001100010111
0000000000000010001100010100
0000000000000010001011110111
0000000000000010001011111011
0000000000000010001011011100
0000000000000010001011001010
0000000000000010001011000010
0000000000000010001010110101
0000000000000010001010100000
0000000000000010001010011010
0000000000000010001010100111
0000000000000010001001110010
0000000000000010001001100001
0000000000000010001001101111
0000000000000010001001011011
0000000000000010001001000011
0000000000000010001001000100
0000000000000010001000110010
0000000000000010001000110000
0000000000000010001000001100
0000000000000010001000010000
0000000000000010000111101100
0000000000000010000111100100
0000000000000010000111101100
0000000000000010000111011001
0000000000000010000111001011
0000000000000010000111000001
0000000000000010000110101111
0000000000000010000110100101
0000000000000010000110101001
0000000000000010000110000100
0000000000000010000110001010
0000000000000010000101111010
0000000000000010000101100010
0000000000000010000101110010
0000000000000010000101100101
0000000000000010000100111011
0000000000000010000100110011
0000000000000010000101000001
0000000000000010000101000010
0000000000000010000100101101
0000000000000010000100011010
0000000000000010000100001011
0000000000000010000100000101
0000000000000010000011100101
0000000000000010000011101000
0000000000000010000011011111
0000000000000010000011010110
0000000000000010000011010001
0000000000000010000010100001
0000000000000010000010011010
0000000000000010000010011011
0000000000000010000010000000
0000000000000010000001111101
0000000000000010000001111011
0000000000000010000010000000
0000000000000010000001110011
0000000000000010000001010110
0000000000000010000001011011
0000000000000010000001000101
0000000000000010000001010010
0000000000000010000001000100
0000000000000010000000111011
0000000000000010000000010010
0000000000000010000000011000
0000000000000010000000001110
0000000000000010000000100001
0000000000000010000000000000
0000000000000001111111111100
0000000000000001111111101101
0000000000000001111111011011
0000000000000001111110111100
0000000000000001111111001111
0000000000000001111110100010
0000000000000001111111000010
0000000000000001111110010100
0000000000000001111110010100
0000000000000001111110001111
0000000000000001111110011101
0000000000000001111110000110
0000000000000001111101111100
0000000000000001111101010110
0000000000000001111101111000
0000000000000001111101110001
0000000000000001111101011101
0000000000000001111100111111
0000000000000001111100111110
0000000000000001111101000101
0000000000000001111111001100
0000000000000001111100101100
0000000000000001111100011101
0000000000000001111100001110
0000000000000001111100010000
0000000000000001111011110110
0000000000000001111011100111
0000000000000001111011100001
0000000000000001111011100110
0000000000000001111011000010
0000000000000001111011010001
0000000000000001111011001111
0000000000000001111011000111
0000000000000001111011001001
0000000000000001111010100011
0000000000000001111010101001
0000000000000001111010001101
0000000000000001111010001011
0000000000000001111010011000
0000000000000001111001111010
0000000000000001111010001110
0000000000000001111010000111
0000000000000001111001111000
0000000000000001111001111010
0000000000000001111001011110
0000000000000001111001110001
0000000000000001111000110010
0000000000000001111001001100
0000000000000001111000111110
0000000000000001111001000000
0000000000000001111000101101
0000000000000001111000010101
0000000000000001111000100110
0000000000000001111000010000
0000000000000001111000000000
0000000000000001111000001000
0000000000000001110111110100
0000000000000001110111111111
0000000000000001111000000110
0000000000000001110111011111
0000000000000001110111010111
0000000000000001110111011011
0000000000000001110111010111
0000000000000001110111010001
0000000000000001110110111111
0000000000000001110110111000
0000000000000001110110110100
0000000000000001110110110000
0000000000000001110110110010
0000000000000001110110110000
0000000000000001110110011100
0000000000000001110110001100
0000000000000001110110010010
0000000000000001110101111110
0000000000000001110101111111
0000000000000001110110000010
0000000000000001110101010010
0000000000000001110101100011
0000000000000001110101011000
0000000000000001110101001111
0000000000000001110101000101
0000000000000001110101001001
0000000000000001110101000011
0000000000000001110101011000
0000000000000001110101000110
0000000000000001110100100010
0000000000000001110100111110
0000000000000001110100011100
0000000000000001110100101010
0000000000000001110100000011
0000000000000001110100000100
0000000000000001110100000111
0000000000000001110011111001
0000000000000001110011101000
0000000000000001110011111100
0000000000000001110011101111
0000000000000001110011101101
0000000000000001110011011000
0000000000000001110011110001
0000000000000001110011100100
0000000000000001110011001111
0000000000000001110011001010
0000000000000001110010110101
0000000000000001110010111001
0000000000000001110011010000
0000000000000001110010110101
0000000000000001110010111100
0000000000000001110010001011
0000000000000001110010011101
0000000000000001110010101010
0000000000000001110010011011
0000000000000001110010011100
0000000000000001110010010111
0000000000000001110001111100
0000000000000001110001111011
0000000000000001110001100010
0000000000000001110001110000
0000000000000001110001101011
0000000000000001110001101000
0000000000000001110001011001
0000000000000001110001001111
0000000000000001110001010110
0000000000000001110001010011
0000000000000001110001010100
0000000000000001110000110111
0000000000000001110000110000
0000000000000001110000100100
0000000000000001110000101111
0000000000000001110000110010
0000000000000001110000110000
0000000000000001110000010010
0000000000000001110000011101
0000000000000001110000011110
0000000000000001110000010101
0000000000000001110000011101
0000000000000001110000001010
0000000000000001101111110010
0000000000000001110000010011
0000000000000001101111101100
0000000000000001101111010000
0000000000000001101111110111
0000000000000001101111110000
0000000000000001101111101100
0000000000000001101111011101
0000000000000001101111100111
0000000000000001101111010011
0000000000000001101111010001
0000000000000001101111000001
0000000000000001101111010001
0000000000000001101110110110
0000000000000001101110111011
0000000000000001101111000101
0000000000000001101110101111
0000000000000001101110011111
0000000000000001101110110010
0000000000000001101110111000
0000000000000001101110011101
0000000000000001101110111001
0000000000000001101110001111
0000000000000001101110001011
0000000000000001101110000000
0000000000000001101101111100
0000000000000001101101111100
0000000000000001101101111110
0000000000000001101110000100
0000000000000001101101010110
0000000000000001101101111000
0000000000000001101101100010
0000000000000001101101100001
0000000000000001101101010011
0000000000000001101101100111
0000000000000001101101100001
0000000000000001101101001110
0000000000000001101101000100
0000000000000001101101000001
0000000000000001101100111101
0000000000000001101101000100
0000000000000001101100111111
0000000000000001101101000011
0000000000000001101100110010
0000000000000001101100101001
0000000000000001101101000001
0000000000000001101100011111
0000000000000001101100110001
0000000000000001101100011110
0000000000000001101100001101
0000000000000001101100100010
0000000000000001101100101010
0000000000000001101100000011
0000000000000001101011101111
0000000000000001101100001111
0000000000000001101011101111
0000000000000001101100001001
0000000000000001101011110110
0000000000000001101011100010
0000000000000001101011111111
0000000000000001101011110111
0000000000000001101011101111
0000000000000001101011011011
0000000000000001101011001100
0000000000000001101011110110
0000000000000001101011101110
0000000000000001101011010110
0000000000000001101011011110
0000000000000001101011010000
0000000000000001101010111100
0000000000000001101011000001
0000000000000001101011000000
0000000000000001101010110000
0000000000000001101011000111
0000000000000001101010110000
0000000000000001101010100111
0000000000000001101010111101
0000000000000001101010100011
0000000000000001101010111010
0000000000000001101010101101
0000000000000001101010100011
0000000000000001101010100001
0000000000000001101010100110
0000000000000001101010100010
0000000000000001101010010101
0000000000000001101010011011
0000000000000001101010010000
0000000000000001101010010000
0000000000000001101001111110
0000000000000001101001111010
0000000000000001101001111101
0000000000000001101010001011
0000000000000001101010011010
0000000000000001101001101110
0000000000000001101001111111
0000000000000001101001110011
0000000000000001101001010000
0000000000000001101001101011
0000000000000001101001101100
0000000000000001101001100001
0000000000000001101001011111
0000000000000001101001100000
0000000000000001101001100010
0000000000000001101001110111
0000000000000001101001010011
0000000000000001101001100100
0000000000000001101001010100
0000000000000001101001000001
0000000000000001101001011001
0000000000000001101001110011
0000000000000001101001000101
0000000000000001101001000111
0000000000000001101000111011
0000000000000001101001001111
0000000000000001101000110111
0000000000000001101001001101
0000000000000001101000101100
0000000000000001101000101010
0000000000000001101000011101
0000000000000001101000011000
0000000000000001101000011100
0000000000000001101000100111
0000000000000001101000110011
0000000000000001101000111100
0000000000000001101000010010
0000000000000001101000100100
0000000000000001101000110000
0000000000000001101000110100
0000000000000001101000010111
0000000000000001101000000101
0000000000000001101000001001
0000000000000001101000011100
0000000000000001101000011110
0000000000000001101000010111
0000000000000001101000001011
0000000000000001101000010110
0000000000000001101000001001
0000000000000001101000000011
0000000000000001100111111100
0000000000000001100111111001
0000000000000001101010000000
0000000000000001101000000000
0000000000000001101000001111
0000000000000001101000001110
0000000000000001101000000110
0000000000000001100111110101
0000000000000001100111100110
0000000000000001100111110001
0000000000000001100111101110
0000000000000001100111110101
0000000000000001100111101001
0000000000000001100111111010
0000000000000001100111011101
0000000000000001100111110101
0000000000000001100111100010
0000000000000001100111110011
0000000000000001100111001111
0000000000000001100111000011
0000000000000001100111110110
0000000000000001100111011001
0000000000000001100111010101
0000000000000001100111010111
0000000000000001100111101101
0000000000000001100111001010
0000000000000001100111001110
0000000000000001100111010001
0000000000000001100111001010
0000000000000001100111011111
0000000000000001100111010110
0000000000000001100111000001
0000000000000001100111000100
0000000000000001100111010100
0000000000000001100111010000
0000000000000001100111010011
0000000000000001100111001001
0000000000000001100110110100
0000000000000001100111010000
0000000000000001100111010001
0000000000000001100110100111
0000000000000001100110101000
0000000000000001100111010001
0000000000000001100110110000
0000000000000001100110110000
0000000000000001100111000000
0000000000000001100110111101
0000000000000001100110110000
0000000000000001100110100101
0000000000000001100110111110
0000000000000001100110110000
0000000000000001100110101110
0000000000000001100110100000
0000000000000001100110110110
0000000000000001100110101010
0000000000000001100110011000
0000000000000001100110010011
0000000000000001100110100010
0000000000000001100110100011
0000000000000001100110110101
0000000000000001100110001001
0000000000000001100110011101
0000000000000001100110011100
0000000000000001100110011001
0000000000000001100110100111
0000000000000001100110010001
0000000000000001100110101100
0000000000000001100110011110
0000000000000001100110011000
0000000000000001100110001101
0000000000000001100110100000
0000000000000001100110101000
0000000000000001100110010101
0000000000000001100110011000
0000000000000001100110010100
0000000000000001100110001100
0000000000000001100110100101
0000000000000001100101111000
0000000000000001100110001000
0000000000000001100110001111
0000000000000001100110000010
0000000000000001100110000010
0000000000000001100110001010
0000000000000001100110001110
0000000000000001100110001110
0000000000000001100110000101
0000000000000001100101111101
0000000000000001100101110001
0000000000000001100101111110
0000000000000001100110001001
0000000000000001100110001010
0000000000000001100110001101
0000000000000001100110000000
0000000000000001100110001001
0000000000000001100110000001
0000000000000001100110000101
0000000000000001100110000001
0000000000000001100101110111
0000000000000001100110001100
0000000000000001100101101101
0000000000000001100110001111
0000000000000001100101110100
0000000000000001100101111011
0000000000000001100110010011
0000000000000001100101111100
0000000000000001100110000000
0000000000000001100110000111
0000000000000001100110001000
0000000000000001100110000010
0000000000000001100110001111
0000000000000001100110001010
0000000000000001100110001010
0000000000000001100110000001
0000000000000001100101100111
0000000000000001100101101011
0000000000000001100101100001
0000000000000001100101101011
0000000000000001100101110110
0000000000000001100101111111
0000000000000001100101100110
0000000000000001100101101111
0000000000000001100101111110
0000000000000001100101101100
0000000000000001100110001000
0000000000000001100101111100
0000000000000001100101110000
0000000000000001100101110000
0000000000000001100101110110
0000000000000001100110000001
0000000000000001100101011010
0000000000000001100110001100
0000000000000001100101011010
0000000000000001100110000001
0000000000000001100101110110
0000000000000001100101110000
0000000000000001100101110000
0000000000000001100101111100
0000000000000001100110001000
0000000000000001100101101100
0000000000000001100101111110
0000000000000001100101101111
0000000000000001100101100110
0000000000000001100101111111
0000000000000001100101110110
0000000000000001100101101011
0000000000000001100101100001
0000000000000001100101101011
0000000000000001100101100111
0000000000000001100110000001
0000000000000001100110001010
0000000000000001100110001010
0000000000000001100110001111
0000000000000001100110000010
0000000000000001100110001000
0000000000000001100110000111
0000000000000001100110000000
0000000000000001100101111100
0000000000000001100110010011
0000000000000001100101111011
0000000000000001100101110100
0000000000000001100110001111
0000000000000001100101101101
0000000000000001100110001100
0000000000000001100101110111
0000000000000001100110000001
0000000000000001100110000101
0000000000000001100110000001
0000000000000001100110001001
0000000000000001100110000000
0000000000000001100110001101
0000000000000001100110001010
0000000000000001100110001001
0000000000000001100101111110
0000000000000001100101110001
0000000000000001100101111101
0000000000000001100110000101
0000000000000001100110001110
0000000000000001100110001110
0000000000000001100110001010
0000000000000001100110000010
0000000000000001100110000010
0000000000000001100110001111
0000000000000001100110001000
0000000000000001100101111000
0000000000000001100110100101
0000000000000001100110001100
0000000000000001100110010100
0000000000000001100110011000
0000000000000001100110010101
0000000000000001100110101000
0000000000000001100110100000
0000000000000001100110001101
0000000000000001100110011000
0000000000000001100110011110
0000000000000001100110101100
0000000000000001100110010001
0000000000000001100110100111
0000000000000001100110011001
0000000000000001100110011100
0000000000000001100110011101
0000000000000001100110001001
0000000000000001100110110101
0000000000000001100110100011
0000000000000001100110100010
0000000000000001100110010011
0000000000000001100110011000
0000000000000001100110101010
0000000000000001100110110110
0000000000000001100110100000
0000000000000001100110101110
0000000000000001100110110000
0000000000000001100110111110
0000000000000001100110100101
0000000000000001100110110000
0000000000000001100110111101
0000000000000001100111000000
0000000000000001100110110000
0000000000000001100110110000
0000000000000001100111010001
0000000000000001100110101000
0000000000000001100110100111
0000000000000001100111010001
0000000000000001100111010000
0000000000000001100110110100
0000000000000001100111001001
0000000000000001100111010011
0000000000000001100111010000
0000000000000001100111010100
0000000000000001100111000100
0000000000000001100111000001
0000000000000001100111010110
0000000000000001100111011111
0000000000000001100111001010
0000000000000001100111010001
0000000000000001100111001110
0000000000000001100111001010
0000000000000001100111101101
0000000000000001100111010111
0000000000000001100111010101
0000000000000001100111011001
0000000000000001100111110110
0000000000000001100111000011
0000000000000001100111001111
0000000000000001100111110011
0000000000000001100111100010
0000000000000001100111110101
0000000000000001100111011101
0000000000000001100111111010
0000000000000001100111101001
0000000000000001100111110101
0000000000000001100111101110
0000000000000001100111110001
0000000000000001100111100110
0000000000000001100111110101
0000000000000001101000000110
0000000000000001101000001110
0000000000000001101000001111
0000000000000001101000000000
0000000000000001101010000000
0000000000000001100111111001
0000000000000001100111111100
0000000000000001101000000011
0000000000000001101000001001
0000000000000001101000010110
0000000000000001101000001011
0000000000000001101000010111
0000000000000001101000011110
0000000000000001101000011100
0000000000000001101000001001
0000000000000001101000000101
0000000000000001101000010111
0000000000000001101000110100
0000000000000001101000110000
0000000000000001101000100100
0000000000000001101000010010
0000000000000001101000111100
0000000000000001101000110011
0000000000000001101000100111
0000000000000001101000011100
0000000000000001101000011000
0000000000000001101000011101
0000000000000001101000101010
0000000000000001101000101100
0000000000000001101001001101
0000000000000001101000110111
0000000000000001101001001111
0000000000000001101000111011
0000000000000001101001000111
0000000000000001101001000101
0000000000000001101001110011
0000000000000001101001011001
0000000000000001101001000001
0000000000000001101001010100
0000000000000001101001100100
0000000000000001101001010011
0000000000000001101001110111
0000000000000001101001100010
0000000000000001101001100000
0000000000000001101001011111
0000000000000001101001100001
0000000000000001101001101100
0000000000000001101001101011
0000000000000001101001010000
0000000000000001101001110011
0000000000000001101001111111
0000000000000001101001101110
0000000000000001101010011010
0000000000000001101010001011
0000000000000001101001111101
0000000000000001101001111010
0000000000000001101001111110
0000000000000001101010010000
0000000000000001101010010000
0000000000000001101010011011
0000000000000001101010010101
0000000000000001101010100010
0000000000000001101010100110
0000000000000001101010100001
0000000000000001101010100011
0000000000000001101010101101
0000000000000001101010111010
0000000000000001101010100011
0000000000000001101010111101
0000000000000001101010100111
0000000000000001101010110000
0000000000000001101011000111
0000000000000001101010110000
0000000000000001101011000000
0000000000000001101011000001
0000000000000001101010111100
0000000000000001101011010000
0000000000000001101011011110
0000000000000001101011010110
0000000000000001101011101110
0000000000000001101011110110
0000000000000001101011001100
0000000000000001101011011011
0000000000000001101011101111
0000000000000001101011110111
0000000000000001101011111111
0000000000000001101011100010
0000000000000001101011110110
0000000000000001101100001001
0000000000000001101011101111
0000000000000001101100001111
0000000000000001101011101111
0000000000000001101100000011
0000000000000001101100101010
0000000000000001101100100010
0000000000000001101100001101
0000000000000001101100011110
0000000000000001101100110001
0000000000000001101100011111
0000000000000001101101000001
0000000000000001101100101001
0000000000000001101100110010
0000000000000001101101000011
0000000000000001101100111111
0000000000000001101101000100
0000000000000001101100111101
0000000000000001101101000001
0000000000000001101101000100
0000000000000001101101001110
0000000000000001101101100001
0000000000000001101101100111
0000000000000001101101010011
0000000000000001101101100001
0000000000000001101101100010
0000000000000001101101111000
0000000000000001101101010110
0000000000000001101110000100
0000000000000001101101111110
0000000000000001101101111100
0000000000000001101101111100
0000000000000001101110000000
0000000000000001101110001011
0000000000000001101110001111
0000000000000001101110111001
0000000000000001101110011101
0000000000000001101110111000
0000000000000001101110110010
0000000000000001101110011111
0000000000000001101110101111
0000000000000001101111000101
0000000000000001101110111011
0000000000000001101110110110
0000000000000001101111010001
0000000000000001101111000001
0000000000000001101111010001
0000000000000001101111010011
0000000000000001101111100111
0000000000000001101111011101
0000000000000001101111101100
0000000000000001101111110000
0000000000000001101111110111
0000000000000001101111010000
0000000000000001101111101100
0000000000000001110000010011
0000000000000001101111110010
0000000000000001110000001010
0000000000000001110000011101
0000000000000001110000010101
0000000000000001110000011110
0000000000000001110000011101
0000000000000001110000010010
0000000000000001110000110000
0000000000000001110000110010
0000000000000001110000101111
0000000000000001110000100100
0000000000000001110000110000
0000000000000001110000110111
0000000000000001110001010100
0000000000000001110001010011
0000000000000001110001010110
0000000000000001110001001111
0000000000000001110001011001
0000000000000001110001101000
0000000000000001110001101011
0000000000000001110001110000
0000000000000001110001100010
0000000000000001110001111011
0000000000000001110001111100
0000000000000001110010010111
0000000000000001110010011100
0000000000000001110010011011
0000000000000001110010101010
0000000000000001110010011101
0000000000000001110010001011
0000000000000001110010111100
0000000000000001110010110101
0000000000000001110011010000
0000000000000001110010111001
0000000000000001110010110101
0000000000000001110011001010
0000000000000001110011001111
0000000000000001110011100100
0000000000000001110011110001
0000000000000001110011011000
0000000000000001110011101101
0000000000000001110011101111
0000000000000001110011111100
0000000000000001110011101000
0000000000000001110011111001
0000000000000001110100000111
0000000000000001110100000100
0000000000000001110100000011
0000000000000001110100101010
0000000000000001110100011100
0000000000000001110100111110
0000000000000001110100100010
0000000000000001110101000110
0000000000000001110101011000
0000000000000001110101000011
0000000000000001110101001001
0000000000000001110101000101
0000000000000001110101001111
0000000000000001110101011000
0000000000000001110101100011
0000000000000001110101010010
0000000000000001110110000010
0000000000000001110101111111
0000000000000001110101111110
0000000000000001110110010010
0000000000000001110110001100
0000000000000001110110011100
0000000000000001110110110000
0000000000000001110110110010
0000000000000001110110110000
0000000000000001110110110100
0000000000000001110110111000
0000000000000001110110111111
0000000000000001110111010001
0000000000000001110111010111
0000000000000001110111011011
0000000000000001110111010111
0000000000000001110111011111
0000000000000001111000000110
0000000000000001110111111111
0000000000000001110111110100
0000000000000001111000001000
0000000000000001111000000000
0000000000000001111000010000
0000000000000001111000100110
0000000000000001111000010101
0000000000000001111000101101
0000000000000001111001000000
0000000000000001111000111110
0000000000000001111001001100
0000000000000001111000110010
0000000000000001111001110001
0000000000000001111001011110
0000000000000001111001111010
0000000000000001111001111000
0000000000000001111010000111
0000000000000001111010001110
0000000000000001111001111010
0000000000000001111010011000
0000000000000001111010001011
0000000000000001111010001101
0000000000000001111010101001
0000000000000001111010100011
0000000000000001111011001001
0000000000000001111011000111
0000000000000001111011001111
0000000000000001111011010001
0000000000000001111011000010
0000000000000001111011100110
0000000000000001111011100001
0000000000000001111011100111
0000000000000001111011110110
0000000000000001111100010000
0000000000000001111100001110
0000000000000001111100011101
0000000000000001111100101100
0000000000000001111111001100
0000000000000001111101000101
0000000000000001111100111110
0000000000000001111100111111
0000000000000001111101011101
0000000000000001111101110001
0000000000000001111101111000
0000000000000001111101010110
0000000000000001111101111100
0000000000000001111110000110
0000000000000001111110011101
0000000000000001111110001111
0000000000000001111110010100
0000000000000001111110010100
0000000000000001111111000010
0000000000000001111110100010
0000000000000001111111001111
0000000000000001111110111100
0000000000000001111111011011
0000000000000001111111101101
0000000000000001111111111100
0000000000000010000000000000
0000000000000010000000100001
0000000000000010000000001110
0000000000000010000000011000
0000000000000010000000010010
0000000000000010000000111011
0000000000000010000001000100
0000000000000010000001010010
0000000000000010000001000101
0000000000000010000001011011
0000000000000010000001010110
0000000000000010000001110011
0000000000000010000010000000
0000000000000010000001111011
0000000000000010000001111101
0000000000000010000010000000
0000000000000010000010011011
0000000000000010000010011010
0000000000000010000010100001
0000000000000010000011010001
0000000000000010000011010110
0000000000000010000011011111
0000000000000010000011101000
0000000000000010000011100101
0000000000000010000100000101
0000000000000010000100001011
0000000000000010000100011010
0000000000000010000100101101
0000000000000010000101000010
0000000000000010000101000001
0000000000000010000100110011
0000000000000010000100111011
0000000000000010000101100101
0000000000000010000101110010
0000000000000010000101100010
0000000000000010000101111010
0000000000000010000110001010
0000000000000010000110000100
0000000000000010000110101001
0000000000000010000110100101
0000000000000010000110101111
0000000000000010000111000001
0000000000000010000111001011
0000000000000010000111011001
0000000000000010000111101100
0000000000000010000111100100
0000000000000010000111101100
0000000000000010001000010000
0000000000000010001000001100
0000000000000010001000110000
0000000000000010001000110010
0000000000000010001001000100
0000000000000010001001000011
0000000000000010001001011011
0000000000000010001001101111
0000000000000010001001100001
0000000000000010001001110010
0000000000000010001010100111
0000000000000010001010011010
0000000000000010001010100000
0000000000000010001010110101
0000000000000010001011000010
0000000000000010001011001010
0000000000000010001011011100
0000000000000010001011111011
0000000000000010001011110111
0000000000000010001100010100
0000000000000010001100010111
0000000000000010001100011011
0000000000000010001100110010
0000000000000010001100110111
0000000000000010001101001110
0000000000000010001100110111
0000000000000010001101101110
0000000000000010001101110111
0000000000000010001110000100
0000000000000010001110011001
0000000000000010001110100101
0000000000000010001111000111
0000000000000010001111011110
0000000000000010001111001001
0000000000000010001111011111
0000000000000010010000000011
0000000000000010001111101100
0000000000000010010000000011
0000000000000010010000101111
0000000000000010010000110000
0000000000000010010000110111
0000000000000010010001101001
0000000000000010010001010101
0000000000000010010001101000
0000000000000010010001110100
0000000000000010010010000110
0000000000000010010010100000
0000000000000010010010111001
0000000000000010010011001110
0000000000000010010010111001
0000000000000010010011001000
0000000000000010010011101001
0000000000000010010011110101
0000000000000010010100000001
0000000000000010010100011010
0000000000000010010100110111
0000000000000010010100110111
0000000000000010010101010010
0000000000000010010101100001
0000000000000010010101110000
0000000000000010010110010000
0000000000000010010110001101
0000000000000010010110110011
0000000000000010010110101001
0000000000000010010111011000
0000000000000010010111010001
0000000000000010010111110011
0000000000000010010111110100
0000000000000010011000001010
0000000000000010011000101100
0000000000000010011000100100
0000000000000010011001000111
0000000000000010011001100001
0000000000000010011010001110
0000000000000010011010000100
0000000000000010011010010100
0000000000000010011010010111
0000000000000010011010100110
0000000000000010011011001101
0000000000000010011011100001
0000000000000010011011010100
0000000000000010011011111111
0000000000000010011100101111
0000000000000010011100100010
0000000000000010011100110111
0000000000000010011101010110
0000000000000010011101100001
0000000000000010011110000010
0000000000000010011110010000
0000000000000010011110011110
0000000000000010011110111111
0000000000000010011110111100
0000000000000010011111011100
0000000000000010100000000110
0000000000000010100000000101
0000000000000010100000011100
0000000000000010100000010000
0000000000000010100001000100
0000000000000010100001000100
0000000000000010100001110011
0000000000000010100001110000
0000000000000010100010011010
0000000000000010100010110010
0000000000000010100011001111
0000000000000010100011101001
0000000000000010100011100101
0000000000000010100100001100
0000000000000010100100011111
0000000000000010100100100011
0000000000000010100101001101
0000000000000010100101101110
0000000000000010100101101110
0000000000000010100101111010
0000000000000010100110001111
0000000000000010100111001001
0000000000000010100110111010
0000000000000010100111110101
0000000000000010100111101111
0000000000000010100111111111
0000000000000010101000011001
0000000000000010101001001111
0000000000000010101001011000
0000000000000010101010001001
0000000000000010101010000010
0000000000000010101010111101
0000000000000010101011011100
0000000000000010101011011111
0000000000000010101011110001
0000000000000010101100010001
0000000000000010101100101001
0000000000000010101101011000
0000000000000010101101010101
0000000000000010101101110010
0000000000000010101110001111
0000000000000010101110110011
0000000000000010101111000010
0000000000000010101111011000
0000000000000010101111100011
0000000000000010110000010101
0000000000000010110000110011
0000000000000010110000111100
0000000000000010110001101100
0000000000000010110001101111
0000000000000010110010011001
0000000000000010110010110010
0000000000000010110011010100
0000000000000010110011101100
0000000000000010110100001111
0000000000000010110100100000
0000000000000010110100111111
0000000000000010110101101100
0000000000000010110110000101
0000000000000010110110010010
0000000000000010110110101000
0000000000000010110111100110
0000000000000010110111011001
0000000000000010111000010011
0000000000000010111000100000
0000000000000010111001000100
0000000000000010111001101101
0000000000000010111010010101
0000000000000010111010111110
0000000000000010111011010110
0000000000000010111011110001
0000000000000010111100000011
0000000000000010111100101011
0000000000000010111101100000
0000000000000010111101100010
0000000000000010111110001011
0000000000000010111110100111
0000000000000010111111100001
0000000000000010111111111110
0000000000000011000000100111
0000000000000011000000111001
0000000000000011000001001100
0000000000000011000010000010
0000000000000011000010100011
0000000000000011000010110110
0000000000000011000011011110
0000000000000011000100001101
0000000000000011000100111001
0000000000000011000101010100
0000000000000011000101100001
0000000000000011000110001100
0000000000000011000110101000
0000000000000011000111100100
0000000000000011000111110101
0000000000000011001000100100
0000000000000011001100110010
0000000000000011001001110111
0000000000000011001010010101
0000000000000011001010110011
0000000000000011001011100010
0000000000000011001100010010
0000000000000011001100110011
0000000000000011001101100000
0000000000000011001110000101
0000000000000011001111001001
0000000000000011001111100110
0000000000000011010000000110
0000000000000011010000011100
0000000000000011010001110010
0000000000000011010001110001
0000000000000011010010101111
0000000000000011010011000011
0000000000000011010011111011
0000000000000011010100101101
0000000000000011010100111000
0000000000000011010101110011
0000000000000011010110100010
0000000000000011010111001111
0000000000000011011000001001
0000000000000011011000011100
0000000000000011011001100011
0000000000000011011010010100
0000000000000011011011000111
0000000000000011011011101111
0000000000000011011100010110
0000000000000011011101001101
0000000000000011011101110000
0000000000000011011110100011
0000000000000011011111000110
0000000000000011100000001010
0000000000000011100000101001
0000000000000011100010000000
0000000000000011100010001100
0000000000000011100011010111
0000000000000011100100001111
0000000000000011100101000100
0000000000000011100110000011
0000000000000011100110101101
0000000000000011100111111100
0000000000000011101000001011
0000000000000011101001011110
0000000000000011101010001011
0000000000000011101011000000
0000000000000011101011110111
0000000000000011101100101110
0000000000000011101101001111
0000000000000011101110010011
0000000000000011101111101001
0000000000000011110000101110
0000000000000011110000111100
0000000000000011110001110011
0000000000000011110011000110
0000000000000011110011110100
0000000000000011110101001001
0000000000000011110101110111
0000000000000011110111010110
0000000000000011110111111111
0000000000000011111001001101
0000000000000011111010000010
0000000000000011111010110000
0000000000000011111011110111
0000000000000011111100110000
0000000000000011111110000001
0000000000000011111111010101
0000000000000100000000001000
0000000000000100000001001110
0000000000000100000010011011
0000000000000100000011011100
0000000000000100000100010111
0000000000000100000101011101
0000000000000100000111000001
0000000000000100000111111001
0000000000000100001000111000
0000000000000100001010011011
0000000000000100001011011110
0000000000000100001100100111
0000000000000100001101101010
0000000000000100001111000010
0000000000000100010000011111
0000000000000100010001100100
0000000000000100010010011110
0000000000000100010100001001
0000000000000100010101011010
0000000000000100010110110100
0000000000000100010111101010
0000000000000100011001010010
0000000000000100011010011111
0000000000000100011100000110
0000000000000100011101101110
0000000000000100011110110001
0000000000000100011111111101
0000000000000100100010001010
0000000000000100100010101000
0000000000000100100100110000
0000000000000100100101101110
0000000000000100100111011000
0000000000000100101001001100
0000000000000100101010011100
0000000000000100101011111101
0000000000000100101101101110
0000000000000100101111000000
0000000000000100110001000000
0000000000000100110010010010
0000000000000100110011111110
0000000000000100110101110100
0000000000000100110111001010
0000000000000100111001010000
0000000000000100111010100010
0000000000000100111100110001
0000000000000100111110010101
0000000000000101000000010101
0000000000000101000001111100
0000000000000101000011110110
0000000000000101000101101111
0000000000000101000111110001
0000000000000101001001101101
0000000000000101001011101011
0000000000000101001101100000
0000000000000101001111101111
0000000000000101010001110010
0000000000000101010011011110
0000000000000101010101101001
0000000000000101010111110001
0000000000000101011010010110
0000000000000101011100100001
0000000000000101011110011110
0000000000000101100000110100
0000000000000101100011010110
0000000000000101100101011010
0000000000000101100111101100
0000000000000101101010011011
0000000000000101101100101000
0000000000000101101111001010
0000000000000101110001110001
0000000000000101110011100100
0000000000000101110110100110
0000000000000101111001101110
0000000000000101111011110011
0000000000000101111111000110
0000000000000110000001100001
0000000000000110000101000110
0000000000000110000111010011
0000000000000110001010100110
0000000000000110001101100100
0000000000000110010000110000
0000000000000110010011100100
0000000000000110010110111000
0000000000000110011010000011
0000000000000110011101011111
0000000000000110100000100011
0000000000000110100011111011
0000000000000110100111011100
0000000000000110101010111000
0000000000000110101110101010
0000000000000110110010110010
0000000000000110110110001101
0000000000000110111001110101
0000000000000110111101100110
0000000000000111000001010110
0000000000000111000101111001
0000000000000111001001110000
0000000000000111001101111110
0000000000000111010010100011
0000000000000111010111001001
0000000000000111011011011000
0000000000000111100000000010
0000000000000111100100010110
0000000000000111101001100110
0000000000000111101110001010
0000000000000111110011101100
0000000000000111111000101100
0000000000000111111101110101
0000000000001000000011000000
0000000000001000001000101001
0000000000001000001110001100
0000000000001000010100001101
0000000000001000011010100010
0000000000001000100000100100
0000000000001000100110110110
0000000000001000101101010111
0000000000001000110011110100
0000000000001000111010100001
0000000000001001000001100110
0000000000001001001000111101
0000000000001001010000100011
0000000000001001011000001111
0000000000001001100000001010
0000000000001001101000010001
0000000000001001110001000010
0000000000001001111001011100
0000000000001010000010000010
0000000000001010001011011101
0000000000001010010100111110
0000000000001010011110100101
0000000000001010101000110101
0000000000001010110011110100
0000000000001010111110100101
0000000000001011001001101010
0000000000001011010101011001
0000000000001011100001100011
0000000000001011101110000110
0000000000001011111011001000
0000000000001100001000111000
0000000000001100010111000100
0000000000001100100101111111
0000000000001100110101100011
0000000000001101000101101101
0000000000001101010110100101
0000000000001101101000000010
0000000000001101111010010110
0000000000001110001101111010
0000000000001110100010010000
0000000000001110110111100111
0000000000001111001101110110
0000000000001111100101100111
0000000000001111111110010110
0000000000010000011000011001
0000000000010000110100011110
0000000000010001010001110010
0000000000010001110000111111
0000000000010010010010011110
0000000000010010110101100111
0000000000010011011100001011
0000000000010100000100111010
0000000000010100110000101100
0000000000010101011111011100
0000000000010110010001111101
0000000000010111001001000110
0000000000011000000100100010
0000000000011001000101110100
0000000000011010001101000000
0000000000011011011100001011
0000000000011100110010011001
0000000000011110010010101100
0000000000011111111110000001
0000000000100001110111001110
0000000000100100000000100000
0000000000100110011100111011
0000000000101001010010011110
0000000000101100100110001100
0000000000110000011111101110
0000000000110101001011111110
0000000000111010111011001100
0000000001000010000110110011
0000000001001011010110011101
0000000001010111101101111010
0000000001101001000101010100
0000000010000011010001000101
0000000010101111010010001010
0000000100001000101110001110
0000001000100000111100011000
0001111111001001001101011111
0000000111011100111101011000
0000000011110100101101001011
0000000010100100001000010110
0000000001111011001101100101
0000000001100010011101010001
0000000001010001110111101010
0000000001000101111110001001
0000000000111101000001101011
0000000000110110000011010100
0000000000110000011101110111
0000000000101011111000010010
0000000000101000000011111000
0000000000100100110100101100
0000000000100010000010111110
0000000000011111101000100000
0000000000011101100001010101
0000000000011011101001110110
0000000000011001111111010100
0000000000011000100000010100
0000000000010111001010101001
0000000000010101111100110000
0000000000010100110110011101
0000000000010011110101101101
0000000000010010111010111010
0000000000010010000100001100
0000000000010001010001101111
0000000000010000100010101000
0000000000001111110111001101
0000000000001111001111000000
0000000000001110101000101110
0000000000001110000101110001
0000000000001101100100001110
0000000000001101000100111110
0000000000001100100111000100
0000000000001100001011001011
0000000000001011110000110101
0000000000001011010111101100
0000000000001010111111101011
0000000000001010101001000111
0000000000001010010011111000
0000000000001001111111011111
0000000000001001101100001000
0000000000001001011001010011
0000000000001001000111101001
0000000000001000110110011101
0000000000001000100101111010
0000000000001000010110011100
0000000000001000000110111110
0000000000000111111000110111
0000000000000111101010101100
0000000000000111011100111100
0000000000000111001111110101
0000000000000111000011100101
0000000000000110110111000110
0000000000000110101011110110
0000000000000110100000110000
0000000000000110010101110000
0000000000000110001010101001
0000000000000110000000000011
0000000000000101110110010001
0000000000000101101100110111
0000000000000101100010111011
0000000000000101011010100000
0000000000000101010000111101
0000000000000101001000101101
0000000000000101000000000011
0000000000000100110111110101
0000000000000100101111101001
0000000000000100100111111110
0000000000000100100000001010
0000000000000100011000100110
0000000000000100010001001100
0000000000000100001010000101
0000000000000100000011001110
0000000000000011111100011000
0000000000000011110101101000
0000000000000011101111011000
0000000000000011101001000000
0000000000000011100010110011
0000000000000011011100100000
0000000000000011010110100000
0000000000000011010000010011
0000000000000011001010101111
0000000000000011000101001101
0000000000000010111111011000
0000000000000010111001110010
0000000000000010110100100010
0000000000000010101111000000
0000000000000010101001110110
0000000000000010100100101000
0000000000000010011111100011
0000000000000010011010001101
0000000000000010010101000111
0000000000000010010000101001
0000000000000010001011101101
0000000000000010000110111110
0000000000000010000001111000
0000000000000001111101011010
0000000000000001111000101000
0000000000000001110011111101
0000000000000001101111101010
0000000000000001101011000111
0000000000000001100110101011
0000000000000001100010010001
0000000000000001011101111110
0000000000000001011001101001
0000000000000001010101000000
0000000000000001010001000010
0000000000000001001100110000
0000000000000001001000001010
0000000000000001000011111101
0000000000000001000000001010
0000000000000000111100010001
0000000000000000110111100101
0000000000000000110011110101
0000000000000000101111110001
0000000000000000101011101001
0000000000000000100111101100
0000000000000000100011110111
0000000000000000011111111101
0000000000000000011011101010
0000000000000000010111011000
0000000000000000010011100111
0000000000000000001111111110
0000000000000000001100000101
0000000000000000001000001011
0000000000000000000100001110
