0.000000
0.382728
0.707175
0.923935
1.000000
0.923788
0.706903
0.382373
-0.000384
-0.383082
-0.707446
-0.924081
-1.000000
-0.923641
-0.706632
-0.382019
0.000767
0.383436
0.707717
0.924228
1.000000
0.923494
0.706361
0.381664
-0.001151
-0.383790
-0.707988
-0.924374
-0.999999
-0.923347
-0.706089
-0.381310
0.001534
0.384145
0.708258
0.924520
0.999999
0.923199
0.705817
0.380955
-0.001918
-0.384499
-0.708529
-0.924666
-0.999998
-0.923052
-0.705546
-0.380601
0.002301
0.384853
0.708800
0.924812
0.999997
0.922904
0.705274
0.380246
-0.002685
-0.385207
-0.709070
-0.924958
-0.999996
-0.922756
-0.705002
-0.379891
0.003068
0.385561
0.709341
0.925104
0.999995
0.922609
0.704730
0.379536
-0.003452
-0.385914
-0.709611
-0.925250
-0.999993
-0.922461
-0.704458
-0.379182
0.003835
0.386268
0.709881
0.925395
0.999992
0.922312
0.704185
0.378827
-0.004219
-0.386622
-0.710151
-0.925540
-0.999990
-0.922164
-0.703913
-0.378472
0.004602
0.386976
0.710421
0.925685
0.999989
0.922016
0.703640
0.378117
-0.004986
-0.387329
-0.710691
-0.925830
-0.999987
-0.921867
-0.703368
-0.377761
0.005370
0.387683
0.710961
0.925975
0.999985
0.921718
0.703095
0.377406
-0.005753
-0.388036
-0.711231
-0.926120
-0.999982
-0.921570
-0.702822
-0.377051
0.006137
0.388390
0.711500
0.926265
0.999980
0.921421
0.702550
0.376696
-0.006520
-0.388743
-0.711770
-0.926409
-0.999977
-0.921272
-0.702277
-0.376341
0.006904
0.389097
0.712039
0.926554
0.999975
0.921122
0.702003
0.375985
-0.007287
-0.389450
-0.712308
-0.926698
-0.999972
-0.920973
-0.701730
-0.375630
0.007671
0.389803
0.712577
0.926842
0.999969
0.920823
0.701457
0.375274
-0.008054
-0.390156
-0.712846
-0.926986
-0.999966
-0.920674
-0.701184
-0.374919
0.008438
0.390509
0.713115
0.927130
0.999963
0.920524
0.700910
0.374563
-0.008821
-0.390863
-0.713384
-0.927273
-0.999959
-0.920374
-0.700636
-0.374207
0.009205
0.391216
0.713653
0.927417
0.999956
0.920224
0.700363
0.373852
-0.009588
-0.391568
-0.713921
-0.927560
-0.999952
-0.920074
-0.700089
-0.373496
0.009972
0.391921
0.714190
0.927703
0.999948
0.919924
0.699815
0.373140
-0.010355
-0.392274
-0.714458
-0.927847
-0.999944
-0.919773
-0.699541
-0.372784
0.010739
0.392627
0.714727
0.927989
0.999940
0.919622
0.699267
0.372428
-0.011122
-0.392980
-0.714995
-0.928132
-0.999936
-0.919472
-0.698993
-0.372072
0.011506
0.393332
0.715263
0.928275
0.999932
0.919321
0.698718
0.371716
-0.011890
-0.393685
-0.715531
-0.928418
-0.999927
-0.919170
-0.698444
-0.371360
0.012273
0.394037
0.715799
0.928560
0.999922
0.919019
0.698169
0.371004
-0.012657
-0.394390
-0.716067
-0.928702
-0.999917
-0.918868
-0.697895
-0.370648
0.013040
0.394742
0.716334
0.928844
0.999912
0.918716
0.697620
0.370292
-0.013424
-0.395095
-0.716602
-0.928987
-0.999907
-0.918565
-0.697345
-0.369935
0.013807
0.395447
0.716869
0.929128
0.999902
0.918413
0.697070
0.369579
-0.014191
-0.395799
-0.717137
-0.929270
-0.999897
-0.918261
-0.696795
-0.369223
0.014574
0.396152
0.717404
0.929412
0.999891
0.918109
0.696520
0.368866
-0.014958
-0.396504
-0.717671
-0.929553
-0.999885
-0.917957
-0.696245
-0.368510
0.015341
0.396856
0.717938
0.929695
0.999879
0.917805
0.695969
0.368153
-0.015725
-0.397208
-0.718205
-0.929836
-0.999873
-0.917653
-0.695694
-0.367796
0.016108
0.397560
0.718472
0.929977
0.999867
0.917500
0.695418
0.367440
-0.016492
-0.397912
-0.718739
-0.930118
-0.999861
-0.917347
-0.695143
-0.367083
0.016875
0.398263
0.719005
0.930259
0.999854
0.917195
0.694867
0.366726
-0.017259
-0.398615
-0.719272
-0.930399
-0.999848
-0.917042
-0.694591
-0.366369
0.017642
0.398967
0.719538
0.930540
0.999841
0.916889
0.694315
0.366012
-0.018025
-0.399319
-0.719804
-0.930680
-0.999834
-0.916736
-0.694039
-0.365656
0.018409
0.399670
0.720071
0.930820
0.999827
0.916582
0.693763
0.365299
-0.018792
-0.400022
-0.720337
-0.930960
-0.999820
-0.916429
-0.693486
-0.364941
0.019176
0.400373
0.720603
0.931100
0.999812
0.916275
0.693210
0.364584
-0.019559
-0.400725
-0.720869
-0.931240
-0.999805
-0.916122
-0.692934
-0.364227
0.019943
0.401076
0.721134
0.931380
0.999797
0.915968
0.692657
0.363870
-0.020326
-0.401427
-0.721400
-0.931520
-0.999789
-0.915814
-0.692380
-0.363513
0.020710
0.401779
0.721666
0.931659
0.999782
0.915660
0.692103
0.363155
-0.021093
-0.402130
-0.721931
-0.931798
-0.999773
-0.915506
-0.691827
-0.362798
0.021477
0.402481
0.722196
0.931937
0.999765
0.915351
0.691550
0.362441
-0.021860
-0.402832
-0.722462
-0.932076
-0.999757
-0.915197
-0.691273
-0.362083
0.022244
0.403183
0.722727
0.932215
0.999748
0.915042
0.690995
0.361725
-0.022627
-0.403534
-0.722992
-0.932354
-0.999740
-0.914887
-0.690718
-0.361368
0.023010
0.403885
0.723257
0.932493
0.999731
0.914732
0.690441
0.361010
-0.023394
-0.404236
-0.723521
-0.932631
-0.999722
-0.914577
-0.690163
-0.360653
0.023777
0.404587
0.723786
0.932769
0.999713
0.914422
0.689886
0.360295
-0.024161
-0.404937
-0.724051
-0.932908
-0.999703
-0.914267
-0.689608
-0.359937
0.024544
0.405288
0.724315
0.933046
0.999694
0.914111
0.689330
0.359579
-0.024928
-0.405638
-0.724580
-0.933184
-0.999684
-0.913956
-0.689052
-0.359221
0.025311
0.405989
0.724844
0.933321
0.999675
0.913800
0.688774
0.358863
-0.025694
-0.406340
-0.725108
-0.933459
-0.999665
-0.913644
-0.688496
-0.358505
0.026078
0.406690
0.725372
0.933596
0.999655
0.913488
0.688218
0.358147
-0.026461
-0.407040
-0.725636
-0.933734
-0.999645
-0.913332
-0.687939
-0.357789
0.026845
0.407391
0.725900
0.933871
0.999634
0.913176
0.687661
0.357431
-0.027228
-0.407741
-0.726164
-0.934008
-0.999624
-0.913019
-0.687383
-0.357073
0.027612
0.408091
0.726427
0.934145
0.999613
0.912863
0.687104
0.356714
-0.027995
-0.408441
-0.726691
-0.934282
-0.999603
-0.912706
-0.686825
-0.356356
0.028378
0.408791
0.726954
0.934419
0.999592
0.912550
0.686546
0.355998
-0.028762
-0.409141
-0.727218
-0.934555
-0.999581
-0.912393
-0.686267
-0.355639
0.029145
0.409491
0.727481
0.934692
0.999570
0.912236
0.685988
0.355281
-0.029528
-0.409841
-0.727744
-0.934828
-0.999558
-0.912078
-0.685709
-0.354922
0.029912
0.410191
0.728007
0.934964
0.999547
0.911921
0.685430
0.354564
-0.030295
-0.410541
-0.728270
-0.935100
-0.999535
-0.911764
-0.685151
-0.354205
0.030679
0.410890
0.728533
0.935236
0.999523
0.911606
0.684871
0.353846
-0.031062
-0.411240
-0.728795
-0.935371
-0.999511
-0.911448
-0.684592
-0.353487
0.031445
0.411590
0.729058
0.935507
0.999499
0.911290
0.684312
0.353129
-0.031829
-0.411939
-0.729320
-0.935642
-0.999487
-0.911132
-0.684032
-0.352770
0.032212
0.412288
0.729583
0.935778
0.999475
0.910974
0.683753
0.352411
-0.032595
-0.412638
-0.729845
-0.935913
-0.999462
-0.910816
-0.683473
-0.352052
0.032979
0.412987
0.730107
0.936048
0.999450
0.910658
0.683193
0.351693
-0.033362
-0.413336
-0.730369
-0.936183
-0.999437
-0.910499
-0.682913
-0.351334
0.033745
0.413686
0.730631
0.936318
0.999424
0.910340
0.682632
0.350975
-0.034129
-0.414035
-0.730893
-0.936452
-0.999411
-0.910182
-0.682352
-0.350615
0.034512
0.414384
0.731155
0.936587
0.999398
0.910023
0.682072
0.350256
-0.034895
-0.414733
-0.731416
-0.936721
-0.999384
-0.909864
-0.681791
-0.349897
0.035279
0.415082
0.731678
0.936855
0.999371
0.909704
0.681510
0.349538
-0.035662
-0.415431
-0.731939
-0.936989
-0.999357
-0.909545
-0.681230
-0.349178
0.036045
0.415780
0.732200
0.937123
0.999343
0.909386
0.680949
0.348819
-0.036428
-0.416129
-0.732462
-0.937257
-0.999329
-0.909226
-0.680668
-0.348459
0.036812
0.416477
0.732723
0.937391
0.999315
0.909066
0.680387
0.348100
-0.037195
-0.416826
-0.732984
-0.937524
-0.999301
-0.908906
-0.680106
-0.347740
0.037578
0.417175
0.733244
0.937658
0.999286
0.908746
0.679825
0.347381
-0.037962
-0.417523
-0.733505
-0.937791
-0.999272
-0.908586
-0.679543
-0.347021
0.038345
0.417872
0.733766
0.937924
0.999257
0.908426
0.679262
0.346661
-0.038728
-0.418220
-0.734026
-0.938057
-0.999242
-0.908266
-0.678980
-0.346301
0.039111
0.418568
0.734287
0.938190
0.999227
0.908105
0.678699
0.345942
-0.039495
-0.418917
-0.734547
-0.938322
-0.999212
-0.907944
-0.678417
-0.345582
0.039878
0.419265
0.734807
0.938455
0.999197
0.907784
0.678135
0.345222
-0.040261
-0.419613
-0.735067
-0.938587
-0.999181
-0.907623
-0.677853
-0.344862
0.040644
0.419961
0.735327
0.938720
0.999166
0.907462
0.677571
0.344502
-0.041027
-0.420309
-0.735587
-0.938852
-0.999150
-0.907300
-0.677289
-0.344142
0.041411
0.420657
0.735847
0.938984
0.999134
0.907139
0.677007
0.343782
-0.041794
-0.421005
-0.736107
-0.939116
-0.999118
-0.906978
-0.676724
-0.343421
0.042177
0.421353
0.736366
0.939247
0.999102
0.906816
0.676442
0.343061
-0.042560
-0.421701
-0.736626
-0.939379
-0.999086
-0.906654
-0.676159
-0.342701
0.042943
0.422048
0.736885
0.939510
0.999069
0.906492
0.675877
0.342340
-0.043327
-0.422396
-0.737144
-0.939642
-0.999053
-0.906330
-0.675594
-0.341980
0.043710
0.422744
0.737403
0.939773
0.999036
0.906168
0.675311
0.341620
-0.044093
-0.423091
-0.737662
-0.939904
-0.999019
-0.906006
-0.675028
-0.341259
0.044476
0.423439
0.737921
0.940035
0.999002
0.905843
0.674745
0.340899
-0.044859
-0.423786
-0.738180
-0.940165
-0.998985
-0.905681
-0.674462
-0.340538
0.045243
0.424134
0.738439
0.940296
0.998967
0.905518
0.674179
0.340177
-0.045626
-0.424481
-0.738697
-0.940427
-0.998950
-0.905355
-0.673896
-0.339817
0.046009
0.424828
0.738956
0.940557
0.998932
0.905193
0.673612
0.339456
-0.046392
-0.425175
-0.739214
-0.940687
-0.998914
-0.905029
-0.673329
-0.339095
0.046775
0.425522
0.739472
0.940817
0.998896
0.904866
0.673045
0.338734
-0.047158
-0.425870
-0.739730
-0.940947
-0.998878
-0.904703
-0.672761
-0.338373
0.047541
0.426217
0.739988
0.941077
0.998860
0.904539
0.672478
0.338012
-0.047924
-0.426563
-0.740246
-0.941206
-0.998842
-0.904376
-0.672194
-0.337651
0.048307
0.426910
0.740504
0.941336
0.998823
0.904212
0.671910
0.337290
-0.048691
-0.427257
-0.740762
-0.941465
-0.998805
-0.904048
-0.671626
-0.336929
0.049074
0.427604
0.741020
0.941595
0.998786
0.903884
0.671341
0.336568
-0.049457
-0.427951
-0.741277
-0.941724
-0.998767
-0.903720
-0.671057
-0.336207
0.049840
0.428297
0.741534
0.941853
0.998748
0.903556
0.670773
0.335846
-0.050223
-0.428644
-0.741792
-0.941981
-0.998728
-0.903391
-0.670488
-0.335484
0.050606
0.428990
0.742049
0.942110
0.998709
0.903227
0.670204
0.335123
-0.050989
-0.429337
-0.742306
-0.942239
-0.998689
-0.903062
-0.669919
-0.334762
0.051372
0.429683
0.742563
0.942367
0.998670
0.902897
0.669634
0.334400
-0.051755
-0.430029
-0.742820
-0.942495
-0.998650
-0.902732
-0.669349
-0.334039
0.052138
0.430376
0.743076
0.942623
0.998630
0.902567
0.669064
0.333677
-0.052521
-0.430722
-0.743333
-0.942751
-0.998610
-0.902402
-0.668779
-0.333316
0.052904
0.431068
0.743590
0.942879
0.998589
0.902237
0.668494
0.332954
-0.053287
-0.431414
-0.743846
-0.943007
-0.998569
-0.902071
-0.668209
-0.332592
0.053670
0.431760
0.744102
0.943134
0.998548
0.901906
0.667923
0.332231
-0.054053
-0.432106
-0.744358
-0.943262
-0.998528
-0.901740
-0.667638
-0.331869
0.054436
0.432452
0.744614
0.943389
0.998507
0.901574
0.667352
0.331507
-0.054819
-0.432797
-0.744870
-0.943516
-0.998486
-0.901408
-0.667066
-0.331145
0.055202
0.433143
0.745126
0.943643
0.998465
0.901242
0.666781
0.330783
-0.055585
-0.433489
-0.745382
-0.943770
-0.998443
-0.901076
-0.666495
-0.330421
0.055968
0.433834
0.745638
0.943897
0.998422
0.900909
0.666209
0.330059
-0.056351
-0.434180
-0.745893
-0.944023
-0.998400
-0.900743
-0.665923
-0.329697
0.056734
0.434525
0.746149
0.944150
0.998378
0.900576
0.665636
0.329335
-0.057117
-0.434871
-0.746404
-0.944276
-0.998357
-0.900409
-0.665350
-0.328973
0.057500
0.435216
0.746659
0.944402
0.998334
0.900243
0.665064
0.328611
-0.057882
-0.435561
-0.746914
-0.944528
-0.998312
-0.900075
-0.664777
-0.328248
0.058265
0.435907
0.747169
0.944654
0.998290
0.899908
0.664491
0.327886
-0.058648
-0.436252
-0.747424
-0.944780
-0.998267
-0.899741
-0.664204
-0.327524
0.059031
0.436597
0.747679
0.944906
0.998245
0.899574
0.663917
0.327161
-0.059414
-0.436942
-0.747933
-0.945031
-0.998222
-0.899406
-0.663630
-0.326799
0.059797
0.437287
0.748188
0.945157
0.998199
0.899238
0.663343
0.326436
-0.060180
-0.437632
-0.748442
-0.945282
-0.998176
-0.899070
-0.663056
-0.326074
0.060563
0.437977
0.748697
0.945407
0.998153
0.898902
0.662769
0.325711
-0.060945
-0.438321
-0.748951
-0.945532
-0.998129
-0.898734
-0.662482
-0.325349
0.061328
0.438666
0.749205
0.945657
0.998106
0.898566
0.662195
0.324986
-0.061711
-0.439011
-0.749459
-0.945781
-0.998082
-0.898398
-0.661907
-0.324623
0.062094
0.439355
0.749713
0.945906
0.998058
0.898229
0.661620
0.324260
-0.062477
-0.439700
-0.749966
-0.946030
-0.998034
-0.898060
-0.661332
-0.323897
0.062859
0.440044
0.750220
0.946154
0.998010
0.897892
0.661044
0.323535
-0.063242
-0.440389
-0.750474
-0.946278
-0.997986
-0.897723
-0.660756
-0.323172
0.063625
0.440733
0.750727
0.946402
0.997962
0.897554
0.660468
0.322809
-0.064008
-0.441077
-0.750980
-0.946526
-0.997937
-0.897385
-0.660180
-0.322446
0.064390
0.441421
0.751234
0.946650
0.997912
0.897215
0.659892
0.322083
-0.064773
-0.441765
-0.751487
-0.946773
-0.997888
-0.897046
-0.659604
-0.321719
0.065156
0.442110
0.751740
0.946897
0.997863
0.896876
0.659316
0.321356
-0.065539
-0.442454
-0.751993
-0.947020
-0.997837
-0.896707
-0.659027
-0.320993
0.065921
0.442797
0.752245
0.947143
0.997812
0.896537
0.658739
0.320630
-0.066304
-0.443141
-0.752498
-0.947266
-0.997787
-0.896367
-0.658450
-0.320266
0.066687
0.443485
0.752751
0.947389
0.997761
0.896197
0.658162
0.319903
-0.067069
-0.443829
-0.753003
-0.947512
-0.997735
-0.896026
-0.657873
-0.319540
0.067452
0.444172
0.753255
0.947634
0.997710
0.895856
0.657584
0.319176
-0.067835
-0.444516
-0.753508
-0.947757
-0.997684
-0.895686
-0.657295
-0.318813
0.068217
0.444860
0.753760
0.947879
0.997657
0.895515
0.657006
0.318449
-0.068600
-0.445203
-0.754012
-0.948001
-0.997631
-0.895344
-0.656717
-0.318086
0.068983
0.445546
0.754263
0.948123
0.997605
0.895173
0.656427
0.317722
-0.069365
-0.445890
-0.754515
-0.948245
-0.997578
-0.895002
-0.656138
-0.317358
0.069748
0.446233
0.754767
0.948367
0.997551
0.894831
0.655848
0.316994
-0.070131
-0.446576
-0.755018
-0.948488
-0.997524
-0.894660
-0.655559
-0.316631
0.070513
0.446919
0.755270
0.948610
0.997497
0.894488
0.655269
0.316267
-0.070896
-0.447263
-0.755521
-0.948731
-0.997470
-0.894317
-0.654979
-0.315903
0.071278
0.447606
0.755772
0.948852
0.997443
0.894145
0.654689
0.315539
-0.071661
-0.447948
-0.756024
-0.948973
-0.997415
-0.893973
-0.654399
-0.315175
0.072043
0.448291
0.756274
0.949094
0.997388
0.893802
0.654109
0.314811
-0.072426
-0.448634
-0.756525
-0.949215
-0.997360
-0.893629
-0.653819
-0.314447
0.072809
0.448977
0.756776
0.949335
0.997332
0.893457
0.653529
0.314083
-0.073191
-0.449320
-0.757027
-0.949456
-0.997304
-0.893285
-0.653239
-0.313719
0.073574
0.449662
0.757277
0.949576
0.997276
0.893112
0.652948
0.313355
-0.073956
-0.450005
-0.757528
-0.949696
-0.997247
-0.892940
-0.652658
-0.312990
0.074339
0.450347
0.757778
0.949816
0.997219
0.892767
0.652367
0.312626
-0.074721
-0.450690
-0.758028
-0.949936
-0.997190
-0.892594
-0.652076
-0.312262
0.075103
0.451032
0.758278
0.950056
0.997161
0.892421
0.651785
0.311897
-0.075486
-0.451374
-0.758528
-0.950176
-0.997132
-0.892248
-0.651495
-0.311533
0.075868
0.451716
0.758778
0.950295
0.997103
0.892075
0.651203
0.311168
-0.076251
-0.452059
-0.759028
-0.950414
-0.997074
-0.891902
-0.650912
-0.310804
0.076633
0.452401
0.759278
0.950534
0.997045
0.891728
0.650621
0.310439
-0.077016
-0.452743
-0.759527
-0.950653
-0.997015
-0.891554
-0.650330
-0.310075
0.077398
0.453085
0.759777
0.950772
0.996985
0.891381
0.650038
0.309710
-0.077780
-0.453427
-0.760026
-0.950890
-0.996956
-0.891207
-0.649747
-0.309345
0.078163
0.453768
0.760275
0.951009
0.996926
0.891033
0.649455
0.308981
-0.078545
-0.454110
-0.760524
-0.951128
-0.996895
-0.890858
-0.649164
-0.308616
0.078927
0.454452
0.760773
0.951246
0.996865
0.890684
0.648872
0.308251
-0.079310
-0.454793
-0.761022
-0.951364
-0.996835
-0.890510
-0.648580
-0.307886
0.079692
0.455135
0.761271
0.951482
0.996804
0.890335
0.648288
0.307521
-0.080074
-0.455476
-0.761520
-0.951600
-0.996774
-0.890160
-0.647996
-0.307156
0.080457
0.455818
0.761768
0.951718
0.996743
0.889986
0.647704
0.306791
-0.080839
-0.456159
-0.762016
-0.951836
-0.996712
-0.889811
-0.647411
-0.306426
0.081221
0.456500
0.762265
0.951953
0.996680
0.889636
0.647119
0.306061
-0.081604
-0.456842
-0.762513
-0.952071
-0.996649
-0.889460
-0.646827
-0.305696
0.081986
0.457183
0.762761
0.952188
0.996618
0.889285
0.646534
0.305331
-0.082368
-0.457524
-0.763009
-0.952305
-0.996586
-0.889110
-0.646241
-0.304965
0.082750
0.457865
0.763257
0.952422
0.996554
0.888934
0.645949
0.304600
-0.083133
-0.458206
-0.763505
-0.952539
-0.996523
-0.888758
-0.645656
-0.304235
0.083515
0.458547
0.763752
0.952655
0.996491
0.888582
0.645363
0.303869
-0.083897
-0.458888
-0.764000
-0.952772
-0.996458
-0.888406
-0.645070
-0.303504
0.084279
0.459228
0.764247
0.952888
0.996426
0.888230
0.644777
0.303138
-0.084661
-0.459569
-0.764495
-0.953005
-0.996394
-0.888054
-0.644484
-0.302773
0.085043
0.459910
0.764742
0.953121
0.996361
0.887878
0.644190
0.302407
-0.085426
-0.460250
-0.764989
-0.953237
-0.996328
-0.887701
-0.643897
-0.302042
0.085808
0.460591
0.765236
0.953353
0.996295
0.887524
0.643603
0.301676
-0.086190
-0.460931
-0.765483
-0.953468
-0.996262
-0.887348
-0.643310
-0.301310
0.086572
0.461271
0.765729
0.953584
0.996229
0.887171
0.643016
0.300945
-0.086954
-0.461612
-0.765976
-0.953699
-0.996196
-0.886994
-0.642722
-0.300579
0.087336
0.461952
0.766222
0.953815
0.996162
0.886816
0.642428
0.300213
-0.087718
-0.462292
-0.766469
-0.953930
-0.996128
-0.886639
-0.642134
-0.299847
0.088100
0.462632
0.766715
0.954045
0.996095
0.886462
0.641840
0.299481
-0.088482
-0.462972
-0.766961
-0.954160
-0.996061
-0.886284
-0.641546
-0.299115
0.088864
0.463312
0.767207
0.954274
0.996027
0.886106
0.641252
0.298749
-0.089246
-0.463652
-0.767453
-0.954389
-0.995992
-0.885929
-0.640958
-0.298383
0.089628
0.463992
0.767699
0.954503
0.995958
0.885751
0.640663
0.298017
-0.090010
-0.464331
-0.767945
-0.954618
-0.995924
-0.885573
-0.640369
-0.297651
0.090392
0.464671
0.768190
0.954732
0.995889
0.885394
0.640074
0.297285
-0.090774
-0.465011
-0.768436
-0.954846
-0.995854
-0.885216
-0.639779
-0.296919
0.091156
0.465350
0.768681
0.954960
0.995819
0.885037
0.639484
0.296552
-0.091538
-0.465689
-0.768927
-0.955073
-0.995784
-0.884859
-0.639190
-0.296186
0.091920
0.466029
0.769172
0.955187
0.995749
0.884680
0.638895
0.295820
-0.092302
-0.466368
-0.769417
-0.955301
-0.995713
-0.884501
-0.638599
-0.295453
0.092684
0.466707
0.769662
0.955414
0.995678
0.884322
0.638304
0.295087
-0.093066
-0.467047
-0.769907
-0.955527
-0.995642
-0.884143
-0.638009
-0.294720
0.093448
0.467386
0.770151
0.955640
0.995606
0.883964
0.637714
0.294354
-0.093830
-0.467725
-0.770396
-0.955753
-0.995570
-0.883784
-0.637418
-0.293987
0.094211
0.468064
0.770640
0.955866
0.995534
0.883605
0.637123
0.293621
-0.094593
-0.468403
-0.770885
-0.955978
-0.995498
-0.883425
-0.636827
-0.293254
0.094975
0.468741
0.771129
0.956091
0.995461
0.883246
0.636531
0.292887
-0.095357
-0.469080
-0.771373
-0.956203
-0.995425
-0.883066
-0.636235
-0.292520
0.095739
0.469419
0.771617
0.956315
0.995388
0.882886
0.635939
0.292154
-0.096120
-0.469758
-0.771861
-0.956427
-0.995351
-0.882705
-0.635643
-0.291787
0.096502
0.470096
0.772105
0.956539
0.995314
0.882525
0.635347
0.291420
-0.096884
-0.470435
-0.772349
-0.956651
-0.995277
-0.882345
-0.635051
-0.291053
0.097266
0.470773
0.772592
0.956763
0.995240
0.882164
0.634755
0.290686
-0.097647
-0.471111
-0.772836
-0.956874
-0.995202
-0.881983
-0.634458
-0.290319
0.098029
0.471450
0.773079
0.956986
0.995165
0.881803
0.634162
0.289952
-0.098411
-0.471788
-0.773322
-0.957097
-0.995127
-0.881622
-0.633865
-0.289585
0.098792
0.472126
0.773565
0.957208
0.995089
0.881441
0.633568
0.289218
-0.099174
-0.472464
-0.773808
-0.957319
-0.995051
-0.881259
-0.633272
-0.288851
0.099556
0.472802
0.774051
0.957430
0.995013
0.881078
0.632975
0.288483
-0.099937
-0.473140
-0.774294
-0.957540
-0.994975
-0.880897
-0.632678
-0.288116
0.100319
0.473478
0.774537
0.957651
0.994936
0.880715
0.632381
0.287749
-0.100701
-0.473816
-0.774779
-0.957761
-0.994897
-0.880533
-0.632083
-0.287382
0.101082
0.474153
0.775022
0.957871
0.994859
0.880351
0.631786
0.287014
-0.101464
-0.474491
-0.775264
-0.957981
-0.994820
-0.880169
-0.631489
-0.286647
0.101845
0.474829
0.775506
0.958091
0.994781
0.879987
0.631191
0.286279
-0.102227
-0.475166
-0.775748
-0.958201
-0.994741
-0.879805
-0.630894
-0.285912
0.102608
0.475503
0.775990
0.958311
0.994702
0.879623
0.630596
0.285544
-0.102990
-0.475841
-0.776232
-0.958420
-0.994663
-0.879440
-0.630299
-0.285177
0.103371
0.476178
0.776474
0.958530
0.994623
0.879257
0.630001
0.284809
-0.103753
-0.476515
-0.776715
-0.958639
-0.994583
-0.879075
-0.629703
-0.284441
0.104134
0.476853
0.776957
0.958748
0.994543
0.878892
0.629405
0.284074
-0.104516
-0.477190
-0.777198
-0.958857
-0.994503
-0.878709
-0.629107
-0.283706
0.104897
0.477527
0.777440
0.958966
0.994463
0.878526
0.628809
0.283338
-0.105279
-0.477864
-0.777681
-0.959074
-0.994423
-0.878342
-0.628510
-0.282970
0.105660
0.478201
0.777922
0.959183
0.994382
0.878159
0.628212
0.282602
-0.106041
-0.478537
-0.778163
-0.959291
-0.994341
-0.877975
-0.627913
-0.282234
0.106423
0.478874
0.778404
0.959400
0.994301
0.877792
0.627615
0.281866
-0.106804
-0.479211
-0.778644
-0.959508
-0.994260
-0.877608
-0.627316
-0.281498
0.107185
0.479547
0.778885
0.959616
0.994218
0.877424
0.627018
0.281130
-0.107567
-0.479884
-0.779125
-0.959723
-0.994177
-0.877240
-0.626719
-0.280762
0.107948
0.480220
0.779366
0.959831
0.994136
0.877056
0.626420
0.280394
-0.108329
-0.480557
-0.779606
-0.959939
-0.994094
-0.876871
-0.626121
-0.280026
0.108711
0.480893
0.779846
0.960046
0.994053
0.876687
0.625822
0.279658
-0.109092
-0.481229
-0.780086
-0.960153
-0.994011
-0.876502
-0.625522
-0.279289
0.109473
0.481565
0.780326
0.960261
0.993969
0.876318
0.625223
0.278921
-0.109854
-0.481902
-0.780566
-0.960367
-0.993927
-0.876133
-0.624924
-0.278553
0.110236
0.482238
0.780806
0.960474
0.993884
0.875948
0.624624
0.278184
-0.110617
-0.482574
-0.781045
-0.960581
-0.993842
-0.875763
-0.624325
-0.277816
0.110998
0.482909
0.781285
0.960688
0.993799
0.875578
0.624025
0.277448
-0.111379
-0.483245
-0.781524
-0.960794
-0.993757
-0.875392
-0.623725
-0.277079
0.111760
0.483581
0.781763
0.960900
0.993714
0.875207
0.623426
0.276710
-0.112141
-0.483917
-0.782002
-0.961006
-0.993671
-0.875021
-0.623126
-0.276342
0.112523
0.484252
0.782241
0.961112
0.993628
0.874836
0.622826
0.275973
-0.112904
-0.484588
-0.782480
-0.961218
-0.993584
-0.874650
-0.622525
-0.275605
0.113285
0.484923
0.782719
0.961324
0.993541
0.874464
0.622225
0.275236
-0.113666
-0.485259
-0.782958
-0.961429
-0.993497
-0.874278
-0.621925
-0.274867
0.114047
0.485594
0.783196
0.961535
0.993453
0.874091
0.621625
0.274498
-0.114428
-0.485929
-0.783435
-0.961640
-0.993410
-0.873905
-0.621324
-0.274130
0.114809
0.486264
0.783673
0.961745
0.993366
0.873718
0.621024
0.273761
-0.115190
-0.486600
-0.783911
-0.961850
-0.993321
-0.873532
-0.620723
-0.273392
0.115571
0.486935
0.784149
0.961955
0.993277
0.873345
0.620422
0.273023
-0.115952
-0.487270
-0.784387
-0.962060
-0.993233
-0.873158
-0.620121
-0.272654
0.116333
0.487604
0.784625
0.962164
0.993188
0.872971
0.619820
0.272285
-0.116714
-0.487939
-0.784863
-0.962269
-0.993143
-0.872784
-0.619519
-0.271916
0.117095
0.488274
0.785100
0.962373
0.993098
0.872597
0.619218
0.271547
-0.117476
-0.488609
-0.785338
-0.962477
-0.993053
-0.872409
-0.618917
-0.271177
0.117856
0.488943
0.785575
0.962581
0.993008
0.872222
0.618616
0.270808
-0.118237
-0.489278
-0.785812
-0.962685
-0.992963
-0.872034
-0.618314
-0.270439
0.118618
0.489612
0.786050
0.962789
0.992917
0.871846
0.618013
0.270070
-0.118999
-0.489947
-0.786287
-0.962893
-0.992872
-0.871658
-0.617711
-0.269700
0.119380
0.490281
0.786523
0.962996
0.992826
0.871470
0.617410
0.269331
-0.119761
-0.490615
-0.786760
-0.963099
-0.992780
-0.871282
-0.617108
-0.268962
0.120141
0.490949
0.786997
0.963202
0.992734
0.871094
0.616806
0.268592
-0.120522
-0.491284
-0.787234
-0.963305
-0.992688
-0.870905
-0.616504
-0.268223
0.120903
0.491618
0.787470
0.963408
0.992641
0.870717
0.616202
0.267853
-0.121283
-0.491952
-0.787706
-0.963511
-0.992595
-0.870528
-0.615900
-0.267484
0.121664
0.492285
0.787943
0.963614
0.992548
0.870339
0.615598
0.267114
-0.122045
-0.492619
-0.788179
-0.963716
-0.992501
-0.870150
-0.615295
-0.266745
0.122426
0.492953
0.788415
0.963818
0.992454
0.869961
0.614993
0.266375
-0.122806
-0.493287
-0.788651
-0.963921
-0.992407
-0.869772
-0.614690
-0.266005
0.123187
0.493620
0.788886
0.964023
0.992360
0.869583
0.614388
0.265635
-0.123567
-0.493954
-0.789122
-0.964124
-0.992312
-0.869393
-0.614085
-0.265266
0.123948
0.494287
0.789357
0.964226
0.992265
0.869204
0.613783
0.264896
-0.124329
-0.494621
-0.789593
-0.964328
-0.992217
-0.869014
-0.613480
-0.264526
0.124709
0.494954
0.789828
0.964429
0.992169
0.868824
0.613177
0.264156
-0.125090
-0.495287
-0.790063
-0.964531
-0.992121
-0.868634
-0.612874
-0.263786
0.125470
0.495620
0.790298
0.964632
0.992073
0.868444
0.612571
0.263416
-0.125851
-0.495953
-0.790533
-0.964733
-0.992025
-0.868254
-0.612267
-0.263046
0.126231
0.496286
0.790768
0.964834
0.991977
0.868064
0.611964
0.262676
-0.126612
-0.496619
-0.791003
-0.964934
-0.991928
-0.867873
-0.611661
-0.262306
0.126992
0.496952
0.791237
0.965035
0.991879
0.867683
0.611357
0.261936
-0.127373
-0.497285
-0.791472
-0.965136
-0.991831
-0.867492
-0.611054
-0.261566
0.127753
0.497618
0.791706
0.965236
0.991782
0.867301
0.610750
0.261195
-0.128133
-0.497950
-0.791941
-0.965336
-0.991732
-0.867110
-0.610446
-0.260825
0.128514
0.498283
0.792175
0.965436
0.991683
0.866919
0.610142
0.260455
-0.128894
-0.498615
-0.792409
-0.965536
-0.991634
-0.866728
-0.609839
-0.260085
0.129274
0.498948
0.792643
0.965636
0.991584
0.866536
0.609535
0.259714
-0.129655
-0.499280
-0.792876
-0.965735
-0.991534
-0.866345
-0.609230
-0.259344
0.130035
0.499612
0.793110
0.965835
0.991484
0.866153
0.608926
0.258973
-0.130415
-0.499945
-0.793344
-0.965934
-0.991434
-0.865961
-0.608622
-0.258603
0.130796
0.500277
0.793577
0.966033
0.991384
0.865770
0.608318
0.258232
-0.131176
-0.500609
-0.793810
-0.966132
-0.991334
-0.865578
-0.608013
-0.257862
0.131556
0.500941
0.794044
0.966231
0.991283
0.865385
0.607709
0.257491
-0.131936
-0.501273
-0.794277
-0.966330
-0.991233
-0.865193
-0.607404
-0.257121
0.132316
0.501605
0.794510
0.966429
0.991182
0.865001
0.607099
0.256750
-0.132697
-0.501936
-0.794742
-0.966527
-0.991131
-0.864808
-0.606794
-0.256379
0.133077
0.502268
0.794975
0.966625
0.991080
0.864616
0.606489
0.256009
-0.133457
-0.502600
-0.795208
-0.966724
-0.991029
-0.864423
-0.606184
-0.255638
0.133837
0.502931
0.795440
0.966822
0.990978
0.864230
0.605879
0.255267
-0.134217
-0.503263
-0.795673
-0.966920
-0.990926
-0.864037
-0.605574
-0.254896
0.134597
0.503594
0.795905
0.967017
0.990875
0.863844
0.605269
0.254525
-0.134977
-0.503925
-0.796137
-0.967115
-0.990823
-0.863651
-0.604964
-0.254154
0.135357
0.504257
0.796369
0.967212
0.990771
0.863457
0.604658
0.253783
-0.135737
-0.504588
-0.796601
-0.967310
-0.990719
-0.863264
-0.604353
-0.253412
0.136117
0.504919
0.796833
0.967407
0.990667
0.863070
0.604047
0.253041
-0.136497
-0.505250
-0.797064
-0.967504
-0.990614
-0.862876
-0.603741
-0.252670
0.136877
0.505581
0.797296
0.967601
0.990562
0.862682
0.603436
0.252299
-0.137257
-0.505912
-0.797528
-0.967698
-0.990509
-0.862488
-0.603130
-0.251928
0.137637
0.506243
0.797759
0.967794
0.990456
0.862294
0.602824
0.251557
-0.138017
-0.506573
-0.797990
-0.967891
-0.990403
-0.862100
-0.602518
-0.251185
0.138397
0.506904
0.798221
0.967987
0.990350
0.861905
0.602211
0.250814
-0.138776
-0.507234
-0.798452
-0.968083
-0.990297
-0.861711
-0.601905
-0.250443
0.139156
0.507565
0.798683
0.968179
0.990244
0.861516
0.601599
0.250072
-0.139536
-0.507895
-0.798914
-0.968275
-0.990190
-0.861321
-0.601292
-0.249700
0.139916
0.508226
0.799144
0.968371
0.990137
0.861126
0.600986
0.249329
-0.140296
-0.508556
-0.799375
-0.968467
-0.990083
-0.860931
-0.600679
-0.248957
0.140675
0.508886
0.799605
0.968562
0.990029
0.860736
0.600373
0.248586
-0.141055
-0.509216
-0.799835
-0.968658
-0.989975
-0.860541
-0.600066
-0.248214
0.141435
0.509546
0.800066
0.968753
0.989920
0.860345
0.599759
0.247843
-0.141814
-0.509876
-0.800296
-0.968848
-0.989866
-0.860150
-0.599452
-0.247471
0.142194
0.510206
0.800526
0.968943
0.989812
0.859954
0.599145
0.247100
-0.142574
-0.510536
-0.800755
-0.969037
-0.989757
-0.859758
-0.598838
-0.246728
0.142953
0.510866
0.800985
0.969132
0.989702
0.859562
0.598531
0.246356
-0.143333
-0.511196
-0.801215
-0.969227
-0.989647
-0.859366
-0.598223
-0.245984
0.143712
0.511525
0.801444
0.969321
0.989592
0.859170
0.597916
0.245613
-0.144092
-0.511855
-0.801673
-0.969415
-0.989537
-0.858974
-0.597609
-0.245241
0.144472
0.512184
0.801903
0.969509
0.989481
0.858777
0.597301
0.244869
-0.144851
-0.512514
-0.802132
-0.969603
-0.989426
-0.858581
-0.596993
-0.244497
0.145231
0.512843
0.802361
0.969697
0.989370
0.858384
0.596686
0.244125
-0.145610
-0.513172
-0.802590
-0.969791
-0.989314
-0.858187
-0.596378
-0.243753
0.145989
0.513501
0.802818
0.969884
0.989258
0.857990
0.596070
0.243381
-0.146369
-0.513830
-0.803047
-0.969977
-0.989202
-0.857793
-0.595762
-0.243009
0.146748
0.514159
0.803275
0.970071
0.989146
0.857596
0.595454
0.242637
-0.147128
-0.514488
-0.803504
-0.970164
-0.989089
-0.857399
-0.595146
-0.242265
0.147507
0.514817
0.803732
0.970257
0.989033
0.857201
0.594837
0.241893
-0.147886
-0.515146
-0.803960
-0.970349
-0.988976
-0.857004
-0.594529
-0.241521
0.148266
0.515475
0.804188
0.970442
0.988919
0.856806
0.594221
0.241149
-0.148645
-0.515803
-0.804416
-0.970534
-0.988862
-0.856608
-0.593912
-0.240776
0.149024
0.516132
0.804644
0.970627
0.988805
0.856410
0.593603
0.240404
-0.149403
-0.516460
-0.804872
-0.970719
-0.988748
-0.856212
-0.593295
-0.240032
0.149783
0.516789
0.805099
0.970811
0.988690
0.856014
0.592986
0.239659
-0.150162
-0.517117
-0.805327
-0.970903
-0.988633
-0.855816
-0.592677
-0.239287
0.150541
0.517445
0.805554
0.970995
0.988575
0.855617
0.592368
0.238915
-0.150920
-0.517773
-0.805781
-0.971086
-0.988517
-0.855419
-0.592059
-0.238542
0.151299
0.518101
0.806008
0.971178
0.988459
0.855220
0.591750
0.238170
-0.151678
-0.518429
-0.806235
-0.971269
-0.988401
-0.855021
-0.591441
-0.237797
0.152058
0.518757
0.806462
0.971360
0.988342
0.854822
0.591131
0.237425
-0.152437
-0.519085
-0.806689
-0.971451
-0.988284
-0.854623
-0.590822
-0.237052
0.152816
0.519413
0.806915
0.971542
0.988225
0.854424
0.590512
0.236679
-0.153195
-0.519741
-0.807142
-0.971633
-0.988167
-0.854224
-0.590203
-0.236307
0.153574
0.520068
0.807368
0.971724
0.988108
0.854025
0.589893
0.235934
-0.153953
-0.520396
-0.807594
-0.971814
-0.988049
-0.853825
-0.589583
-0.235561
0.154332
0.520723
0.807820
0.971905
0.987989
0.853626
0.589274
0.235189
-0.154711
-0.521051
-0.808047
-0.971995
-0.987930
-0.853426
-0.588964
-0.234816
0.155090
0.521378
0.808272
0.972085
0.987871
0.853226
0.588654
0.234443
-0.155468
-0.521705
-0.808498
-0.972175
-0.987811
-0.853026
-0.588344
-0.234070
0.155847
0.522032
0.808724
0.972265
0.987751
0.852825
0.588033
0.233697
-0.156226
-0.522360
-0.808949
-0.972354
-0.987691
-0.852625
-0.587723
-0.233324
0.156605
0.522687
0.809175
0.972444
0.987631
0.852425
0.587413
0.232951
-0.156984
-0.523014
-0.809400
-0.972533
-0.987571
-0.852224
-0.587102
-0.232578
0.157363
0.523340
0.809625
0.972622
0.987511
0.852023
0.586792
0.232205
-0.157741
-0.523667
-0.809850
-0.972711
-0.987450
-0.851822
-0.586481
-0.231832
0.158120
0.523994
0.810075
0.972800
0.987390
0.851622
0.586171
0.231459
-0.158499
-0.524321
-0.810300
-0.972889
-0.987329
-0.851420
-0.585860
-0.231086
0.158877
0.524647
0.810525
0.972978
0.987268
0.851219
0.585549
0.230713
-0.159256
-0.524974
-0.810749
-0.973066
-0.987207
-0.851018
-0.585238
-0.230339
0.159635
0.525300
0.810974
0.973155
0.987146
0.850816
0.584927
0.229966
-0.160013
-0.525626
-0.811198
-0.973243
-0.987084
-0.850615
-0.584616
-0.229593
0.160392
0.525953
0.811422
0.973331
0.987023
0.850413
0.584305
0.229220
-0.160770
-0.526279
-0.811646
-0.973419
-0.986961
-0.850211
-0.583993
-0.228846
0.161149
0.526605
0.811870
0.973506
0.986899
0.850009
0.583682
0.228473
-0.161527
-0.526931
-0.812094
-0.973594
-0.986837
-0.849807
-0.583370
-0.228099
0.161906
0.527257
0.812318
0.973682
0.986775
0.849605
0.583059
0.227726
-0.162284
-0.527583
-0.812542
-0.973769
-0.986713
-0.849403
-0.582747
-0.227353
0.162663
0.527908
0.812765
0.973856
0.986650
0.849200
0.582435
0.226979
-0.163041
-0.528234
-0.812989
-0.973943
-0.986588
-0.848997
-0.582124
-0.226605
0.163420
0.528560
0.813212
0.974030
0.986525
0.848795
0.581812
0.226232
-0.163798
-0.528885
-0.813435
-0.974117
-0.986462
-0.848592
-0.581500
-0.225858
0.164176
0.529211
0.813658
0.974203
0.986399
0.848389
0.581188
0.225485
-0.164555
-0.529536
-0.813881
-0.974290
-0.986336
-0.848186
-0.580876
-0.225111
0.164933
0.529861
0.814104
0.974376
0.986273
0.847983
0.580563
0.224737
-0.165311
-0.530187
-0.814326
-0.974462
-0.986210
-0.847779
-0.580251
-0.224363
0.165690
0.530512
0.814549
0.974549
0.986146
0.847576
0.579939
0.223990
-0.166068
-0.530837
-0.814771
-0.974634
-0.986082
-0.847372
-0.579626
-0.223616
0.166446
0.531162
0.814994
0.974720
0.986019
0.847168
0.579313
0.223242
-0.166824
-0.531487
-0.815216
-0.974806
-0.985955
-0.846965
-0.579001
-0.222868
0.167202
0.531812
0.815438
0.974891
0.985891
0.846761
0.578688
0.222494
-0.167580
-0.532136
-0.815660
-0.974977
-0.985826
-0.846557
-0.578375
-0.222120
0.167959
0.532461
0.815882
0.975062
0.985762
0.846352
0.578062
0.221746
-0.168337
-0.532786
-0.816103
-0.975147
-0.985697
-0.846148
-0.577749
-0.221372
0.168715
0.533110
0.816325
0.975232
0.985633
0.845944
0.577436
0.220998
-0.169093
-0.533435
-0.816547
-0.975317
-0.985568
-0.845739
-0.577123
-0.220624
0.169471
0.533759
0.816768
0.975401
0.985503
0.845534
0.576810
0.220250
-0.169849
-0.534083
-0.816989
-0.975486
-0.985438
-0.845329
-0.576496
-0.219876
0.170227
0.534408
0.817210
0.975570
0.985372
0.845124
0.576183
0.219502
-0.170605
-0.534732
-0.817431
-0.975654
-0.985307
-0.844919
-0.575869
-0.219128
0.170983
0.535056
0.817652
0.975738
0.985241
0.844714
0.575556
0.218753
-0.171360
-0.535380
-0.817873
-0.975822
-0.985176
-0.844509
-0.575242
-0.218379
0.171738
0.535704
0.818093
0.975906
0.985110
0.844303
0.574928
0.218005
-0.172116
-0.536028
-0.818314
-0.975989
-0.985044
-0.844098
-0.574615
-0.217630
0.172494
0.536351
0.818534
0.976073
0.984977
0.843892
0.574301
0.217256
-0.172872
-0.536675
-0.818755
-0.976156
-0.984911
-0.843686
-0.573987
-0.216882
0.173249
0.536999
0.818975
0.976239
0.984845
0.843480
0.573672
0.216507
-0.173627
-0.537322
-0.819195
-0.976323
-0.984778
-0.843274
-0.573358
-0.216133
0.174005
0.537646
0.819415
0.976405
0.984711
0.843068
0.573044
0.215758
-0.174383
-0.537969
-0.819635
-0.976488
-0.984645
-0.842862
-0.572730
-0.215384
0.174760
0.538292
0.819854
0.976571
0.984577
0.842655
0.572415
0.215009
-0.175138
-0.538615
-0.820074
-0.976653
-0.984510
-0.842448
-0.572101
-0.214635
0.175515
0.538938
0.820293
0.976736
0.984443
0.842242
0.571786
0.214260
-0.175893
-0.539261
-0.820512
-0.976818
-0.984376
-0.842035
-0.571471
-0.213885
0.176271
0.539584
0.820732
0.976900
0.984308
0.841828
0.571157
0.213511
-0.176648
-0.539907
-0.820951
-0.976982
-0.984240
-0.841621
-0.570842
-0.213136
0.177026
0.540230
0.821170
0.977063
0.984172
0.841414
0.570527
0.212761
-0.177403
-0.540553
-0.821388
-0.977145
-0.984104
-0.841206
-0.570212
-0.212386
0.177781
0.540875
0.821607
0.977226
0.984036
0.840999
0.569897
0.212012
-0.178158
-0.541198
-0.821826
-0.977308
-0.983968
-0.840791
-0.569581
-0.211637
0.178535
0.541520
0.822044
0.977389
0.983899
0.840584
0.569266
0.211262
-0.178913
-0.541843
-0.822263
-0.977470
-0.983831
-0.840376
-0.568951
-0.210887
0.179290
0.542165
0.822481
0.977551
0.983762
0.840168
0.568635
0.210512
-0.179667
-0.542487
-0.822699
-0.977632
-0.983693
-0.839960
-0.568320
-0.210137
0.180045
0.542810
0.822917
0.977712
0.983624
0.839752
0.568004
0.209762
-0.180422
-0.543132
-0.823135
-0.977793
-0.983555
-0.839543
-0.567688
-0.209387
0.180799
0.543454
0.823352
0.977873
0.983485
0.839335
0.567373
0.209012
-0.181176
-0.543776
-0.823570
-0.977953
-0.983416
-0.839126
-0.567057
-0.208637
0.181554
0.544097
0.823788
0.978033
0.983346
0.838918
0.566741
0.208262
-0.181931
-0.544419
-0.824005
-0.978113
-0.983276
-0.838709
-0.566425
-0.207887
0.182308
0.544741
0.824222
0.978193
0.983207
0.838500
0.566109
0.207512
-0.182685
-0.545062
-0.824439
-0.978272
-0.983136
-0.838291
-0.565792
-0.207136
0.183062
0.545384
0.824656
0.978352
0.983066
0.838082
0.565476
0.206761
-0.183439
-0.545705
-0.824873
-0.978431
-0.982996
-0.837872
-0.565160
-0.206386
0.183816
0.546027
0.825090
0.978510
0.982925
0.837663
0.564843
0.206010
-0.184193
-0.546348
-0.825307
-0.978589
-0.982855
-0.837453
-0.564527
-0.205635
0.184570
0.546669
0.825523
0.978668
0.982784
0.837244
0.564210
0.205260
-0.184947
-0.546990
-0.825739
-0.978747
-0.982713
-0.837034
-0.563893
-0.204884
0.185324
0.547311
0.825956
0.978825
0.982642
0.836824
0.563577
0.204509
-0.185701
-0.547632
-0.826172
-0.978904
-0.982571
-0.836614
-0.563260
-0.204134
0.186078
0.547953
0.826388
0.978982
0.982499
0.836404
0.562943
0.203758
-0.186454
-0.548274
-0.826604
-0.979060
-0.982428
-0.836194
-0.562626
-0.203383
0.186831
0.548595
0.826820
0.979138
0.982356
0.835983
0.562309
0.203007
-0.187208
-0.548915
-0.827035
-0.979216
-0.982284
-0.835773
-0.561991
-0.202631
0.187585
0.549236
0.827251
0.979294
0.982212
0.835562
0.561674
0.202256
-0.187961
-0.549556
-0.827466
-0.979371
-0.982140
-0.835351
-0.561357
-0.201880
0.188338
0.549877
0.827682
0.979449
0.982068
0.835140
0.561039
0.201505
-0.188715
-0.550197
-0.827897
-0.979526
-0.981996
-0.834929
-0.560722
-0.201129
0.189091
0.550517
0.828112
0.979603
0.981923
0.834718
0.560404
0.200753
-0.189468
-0.550838
-0.828327
-0.979680
-0.981851
-0.834507
-0.560086
-0.200377
0.189845
0.551158
0.828542
0.979757
0.981778
0.834295
0.559769
0.200002
-0.190221
-0.551478
-0.828756
-0.979834
-0.981705
-0.834084
-0.559451
-0.199626
0.190598
0.551797
0.828971
0.979910
0.981632
0.833872
0.559133
0.199250
-0.190974
-0.552117
-0.829185
-0.979987
-0.981558
-0.833661
-0.558815
-0.198874
0.191351
0.552437
0.829400
0.980063
0.981485
0.833449
0.558497
0.198498
-0.191727
-0.552757
-0.829614
-0.980139
-0.981411
-0.833237
-0.558179
-0.198122
0.192104
0.553076
0.829828
0.980215
0.981338
0.833025
0.557860
0.197746
-0.192480
-0.553396
-0.830042
-0.980291
-0.981264
-0.832812
-0.557542
-0.197370
0.192856
0.553715
0.830256
0.980367
0.981190
0.832600
0.557223
0.196994
-0.193233
-0.554035
-0.830469
-0.980442
-0.981116
-0.832387
-0.556905
-0.196618
0.193609
0.554354
0.830683
0.980518
0.981042
0.832175
0.556586
0.196242
-0.193985
-0.554673
-0.830897
-0.980593
-0.980967
-0.831962
-0.556268
-0.195866
0.194361
0.554992
0.831110
0.980668
0.980893
0.831749
0.555949
0.195490
-0.194738
-0.555311
-0.831323
-0.980743
-0.980818
-0.831536
-0.555630
-0.195114
0.195114
0.555630
0.831536
0.980818
0.980743
0.831323
0.555311
0.194738
-0.195490
-0.555949
-0.831749
-0.980893
-0.980668
-0.831110
-0.554992
-0.194361
0.195866
0.556268
0.831962
0.980967
0.980593
0.830897
0.554673
0.193985
-0.196242
-0.556586
-0.832175
-0.981042
-0.980518
-0.830683
-0.554354
-0.193609
0.196618
0.556905
0.832387
0.981116
0.980442
0.830469
0.554035
0.193233
-0.196994
-0.557223
-0.832600
-0.981190
-0.980367
-0.830256
-0.553715
-0.192856
0.197370
0.557542
0.832812
0.981264
0.980291
0.830042
0.553396
0.192480
-0.197746
-0.557860
-0.833025
-0.981338
-0.980215
-0.829828
-0.553076
-0.192104
0.198122
0.558179
0.833237
0.981411
0.980139
0.829614
0.552757
0.191727
-0.198498
-0.558497
-0.833449
-0.981485
-0.980063
-0.829400
-0.552437
-0.191351
0.198874
0.558815
0.833661
0.981558
0.979987
0.829185
0.552117
0.190974
-0.199250
-0.559133
-0.833872
-0.981632
-0.979910
-0.828971
-0.551797
-0.190598
0.199626
0.559451
0.834084
0.981705
0.979834
0.828756
0.551478
0.190221
-0.200002
-0.559769
-0.834295
-0.981778
-0.979757
-0.828542
-0.551158
-0.189845
0.200377
0.560086
0.834507
0.981851
0.979680
0.828327
0.550838
0.189468
-0.200753
-0.560404
-0.834718
-0.981923
-0.979603
-0.828112
-0.550517
-0.189091
0.201129
0.560722
0.834929
0.981996
0.979526
0.827897
0.550197
0.188715
-0.201505
-0.561039
-0.835140
-0.982068
-0.979449
-0.827682
-0.549877
-0.188338
0.201880
0.561357
0.835351
0.982140
0.979371
0.827466
0.549556
0.187961
-0.202256
-0.561674
-0.835562
-0.982212
-0.979294
-0.827251
-0.549236
-0.187585
0.202631
0.561991
0.835773
0.982284
0.979216
0.827035
0.548915
0.187208
-0.203007
-0.562309
-0.835983
-0.982356
-0.979138
-0.826820
-0.548595
-0.186831
0.203383
0.562626
0.836194
0.982428
0.979060
0.826604
0.548274
0.186454
-0.203758
-0.562943
-0.836404
-0.982499
-0.978982
-0.826388
-0.547953
-0.186078
0.204134
0.563260
0.836614
0.982571
0.978904
0.826172
0.547632
0.185701
-0.204509
-0.563577
-0.836824
-0.982642
-0.978825
-0.825956
-0.547311
-0.185324
0.204884
0.563893
0.837034
0.982713
0.978747
0.825739
0.546990
0.184947
-0.205260
-0.564210
-0.837244
-0.982784
-0.978668
-0.825523
-0.546669
-0.184570
0.205635
0.564527
0.837453
0.982855
0.978589
0.825307
0.546348
0.184193
-0.206010
-0.564843
-0.837663
-0.982925
-0.978510
-0.825090
-0.546027
-0.183816
0.206386
0.565160
0.837872
0.982996
0.978431
0.824873
0.545705
0.183439
-0.206761
-0.565476
-0.838082
-0.983066
-0.978352
-0.824656
-0.545384
-0.183062
0.207136
0.565792
0.838291
0.983136
0.978272
0.824439
0.545062
0.182685
-0.207512
-0.566109
-0.838500
-0.983207
-0.978193
-0.824222
-0.544741
-0.182308
0.207887
0.566425
0.838709
0.983276
0.978113
0.824005
0.544419
0.181931
-0.208262
-0.566741
-0.838918
-0.983346
-0.978033
-0.823788
-0.544097
-0.181554
0.208637
0.567057
0.839126
0.983416
0.977953
0.823570
0.543776
0.181176
-0.209012
-0.567373
-0.839335
-0.983485
-0.977873
-0.823352
-0.543454
-0.180799
0.209387
0.567688
0.839543
0.983555
0.977793
0.823135
0.543132
0.180422
-0.209762
-0.568004
-0.839752
-0.983624
-0.977712
-0.822917
-0.542810
-0.180045
0.210137
0.568320
0.839960
0.983693
0.977632
0.822699
0.542487
0.179667
-0.210512
-0.568635
-0.840168
-0.983762
-0.977551
-0.822481
-0.542165
-0.179290
0.210887
0.568951
0.840376
0.983831
0.977470
0.822263
0.541843
0.178913
-0.211262
-0.569266
-0.840584
-0.983899
-0.977389
-0.822044
-0.541520
-0.178535
0.211637
0.569581
0.840791
0.983968
0.977308
0.821826
0.541198
0.178158
-0.212012
-0.569897
-0.840999
-0.984036
-0.977226
-0.821607
-0.540875
-0.177781
0.212386
0.570212
0.841206
0.984104
0.977145
0.821388
0.540553
0.177403
-0.212761
-0.570527
-0.841414
-0.984172
-0.977063
-0.821170
-0.540230
-0.177026
0.213136
0.570842
0.841621
0.984240
0.976982
0.820951
0.539907
0.176648
-0.213511
-0.571157
-0.841828
-0.984308
-0.976900
-0.820732
-0.539584
-0.176271
0.213885
0.571471
0.842035
0.984376
0.976818
0.820512
0.539261
0.175893
-0.214260
-0.571786
-0.842242
-0.984443
-0.976736
-0.820293
-0.538938
-0.175515
0.214635
0.572101
0.842448
0.984510
0.976653
0.820074
0.538615
0.175138
-0.215009
-0.572415
-0.842655
-0.984577
-0.976571
-0.819854
-0.538292
-0.174760
0.215384
0.572730
0.842862
0.984645
0.976488
0.819635
0.537969
0.174383
-0.215758
-0.573044
-0.843068
-0.984711
-0.976405
-0.819415
-0.537646
-0.174005
0.216133
0.573358
0.843274
0.984778
0.976323
0.819195
0.537322
0.173627
-0.216507
-0.573672
-0.843480
-0.984845
-0.976239
-0.818975
-0.536999
-0.173249
0.216882
0.573987
0.843686
0.984911
0.976156
0.818755
0.536675
0.172872
-0.217256
-0.574301
-0.843892
-0.984977
-0.976073
-0.818534
-0.536351
-0.172494
0.217630
0.574615
0.844098
0.985044
0.975989
0.818314
0.536028
0.172116
-0.218005
-0.574928
-0.844303
-0.985110
-0.975906
-0.818093
-0.535704
-0.171738
0.218379
0.575242
0.844509
0.985176
0.975822
0.817873
0.535380
0.171360
-0.218753
-0.575556
-0.844714
-0.985241
-0.975738
-0.817652
-0.535056
-0.170983
0.219128
0.575869
0.844919
0.985307
0.975654
0.817431
0.534732
0.170605
-0.219502
-0.576183
-0.845124
-0.985372
-0.975570
-0.817210
-0.534408
-0.170227
0.219876
0.576496
0.845329
0.985438
0.975486
0.816989
0.534083
0.169849
-0.220250
-0.576810
-0.845534
-0.985503
-0.975401
-0.816768
-0.533759
-0.169471
0.220624
0.577123
0.845739
0.985568
0.975317
0.816547
0.533435
0.169093
-0.220998
-0.577436
-0.845944
-0.985633
-0.975232
-0.816325
-0.533110
-0.168715
0.221372
0.577749
0.846148
0.985697
0.975147
0.816103
0.532786
0.168337
-0.221746
-0.578062
-0.846352
-0.985762
-0.975062
-0.815882
-0.532461
-0.167959
0.222120
0.578375
0.846557
0.985826
0.974977
0.815660
0.532136
0.167580
-0.222494
-0.578688
-0.846761
-0.985891
-0.974891
-0.815438
-0.531812
-0.167202
0.222868
0.579001
0.846965
0.985955
0.974806
0.815216
0.531487
0.166824
-0.223242
-0.579313
-0.847168
-0.986019
-0.974720
-0.814994
-0.531162
-0.166446
0.223616
0.579626
0.847372
0.986082
0.974634
0.814771
0.530837
0.166068
-0.223990
-0.579939
-0.847576
-0.986146
-0.974549
-0.814549
-0.530512
-0.165690
0.224363
0.580251
0.847779
0.986210
0.974462
0.814326
0.530187
0.165311
-0.224737
-0.580563
-0.847983
-0.986273
-0.974376
-0.814104
-0.529861
-0.164933
0.225111
0.580876
0.848186
0.986336
0.974290
0.813881
0.529536
0.164555
-0.225485
-0.581188
-0.848389
-0.986399
-0.974203
-0.813658
-0.529211
-0.164176
0.225858
0.581500
0.848592
0.986462
0.974117
0.813435
0.528885
0.163798
-0.226232
-0.581812
-0.848795
-0.986525
-0.974030
-0.813212
-0.528560
-0.163420
0.226605
0.582124
0.848997
0.986588
0.973943
0.812989
0.528234
0.163041
-0.226979
-0.582435
-0.849200
-0.986650
-0.973856
-0.812765
-0.527908
-0.162663
0.227353
0.582747
0.849403
0.986713
0.973769
0.812542
0.527583
0.162284
-0.227726
-0.583059
-0.849605
-0.986775
-0.973682
-0.812318
-0.527257
-0.161906
0.228099
0.583370
0.849807
0.986837
0.973594
0.812094
0.526931
0.161527
-0.228473
-0.583682
-0.850009
-0.986899
-0.973506
-0.811870
-0.526605
-0.161149
0.228846
0.583993
0.850211
0.986961
0.973419
0.811646
0.526279
0.160770
-0.229220
-0.584305
-0.850413
-0.987023
-0.973331
-0.811422
-0.525953
-0.160392
0.229593
0.584616
0.850615
0.987084
0.973243
0.811198
0.525626
0.160013
-0.229966
-0.584927
-0.850816
-0.987146
-0.973155
-0.810974
-0.525300
-0.159635
0.230339
0.585238
0.851018
0.987207
0.973066
0.810749
0.524974
0.159256
-0.230713
-0.585549
-0.851219
-0.987268
-0.972978
-0.810525
-0.524647
-0.158877
0.231086
0.585860
0.851420
0.987329
0.972889
0.810300
0.524321
0.158499
-0.231459
-0.586171
-0.851622
-0.987390
-0.972800
-0.810075
-0.523994
-0.158120
0.231832
0.586481
0.851822
0.987450
0.972711
0.809850
0.523667
0.157741
-0.232205
-0.586792
-0.852023
-0.987511
-0.972622
-0.809625
-0.523340
-0.157363
0.232578
0.587102
0.852224
0.987571
0.972533
0.809400
0.523014
0.156984
-0.232951
-0.587413
-0.852425
-0.987631
-0.972444
-0.809175
-0.522687
-0.156605
0.233324
0.587723
0.852625
0.987691
0.972354
0.808949
0.522360
0.156226
-0.233697
-0.588033
-0.852825
-0.987751
-0.972265
-0.808724
-0.522032
-0.155847
0.234070
0.588344
0.853026
0.987811
0.972175
0.808498
0.521705
0.155468
-0.234443
-0.588654
-0.853226
-0.987871
-0.972085
-0.808272
-0.521378
-0.155090
0.234816
0.588964
0.853426
0.987930
0.971995
0.808047
0.521051
0.154711
-0.235189
-0.589274
-0.853626
-0.987989
-0.971905
-0.807820
-0.520723
-0.154332
0.235561
0.589583
0.853825
0.988049
0.971814
0.807594
0.520396
0.153953
-0.235934
-0.589893
-0.854025
-0.988108
-0.971724
-0.807368
-0.520068
-0.153574
0.236307
0.590203
0.854224
0.988167
0.971633
0.807142
0.519741
0.153195
-0.236679
-0.590512
-0.854424
-0.988225
-0.971542
-0.806915
-0.519413
-0.152816
0.237052
0.590822
0.854623
0.988284
0.971451
0.806689
0.519085
0.152437
-0.237425
-0.591131
-0.854822
-0.988342
-0.971360
-0.806462
-0.518757
-0.152058
0.237797
0.591441
0.855021
0.988401
0.971269
0.806235
0.518429
0.151678
-0.238170
-0.591750
-0.855220
-0.988459
-0.971178
-0.806008
-0.518101
-0.151299
0.238542
0.592059
0.855419
0.988517
0.971086
0.805781
0.517773
0.150920
-0.238915
-0.592368
-0.855617
-0.988575
-0.970995
-0.805554
-0.517445
-0.150541
0.239287
0.592677
0.855816
0.988633
0.970903
0.805327
0.517117
0.150162
-0.239659
-0.592986
-0.856014
-0.988690
-0.970811
-0.805099
-0.516789
-0.149783
0.240032
0.593295
0.856212
0.988748
0.970719
0.804872
0.516460
0.149403
-0.240404
-0.593603
-0.856410
-0.988805
-0.970627
-0.804644
-0.516132
-0.149024
0.240776
0.593912
0.856608
0.988862
0.970534
0.804416
0.515803
0.148645
-0.241149
-0.594221
-0.856806
-0.988919
-0.970442
-0.804188
-0.515475
-0.148266
0.241521
0.594529
0.857004
0.988976
0.970349
0.803960
0.515146
0.147886
-0.241893
-0.594837
-0.857201
-0.989033
-0.970257
-0.803732
-0.514817
-0.147507
0.242265
0.595146
0.857399
0.989089
0.970164
0.803504
0.514488
0.147128
-0.242637
-0.595454
-0.857596
-0.989146
-0.970071
-0.803275
-0.514159
-0.146748
0.243009
0.595762
0.857793
0.989202
0.969977
0.803047
0.513830
0.146369
-0.243381
-0.596070
-0.857990
-0.989258
-0.969884
-0.802818
-0.513501
-0.145989
0.243753
0.596378
0.858187
0.989314
0.969791
0.802590
0.513172
0.145610
-0.244125
-0.596686
-0.858384
-0.989370
-0.969697
-0.802361
-0.512843
-0.145231
0.244497
0.596993
0.858581
0.989426
0.969603
0.802132
0.512514
0.144851
-0.244869
-0.597301
-0.858777
-0.989481
-0.969509
-0.801903
-0.512184
-0.144472
0.245241
0.597609
0.858974
0.989537
0.969415
0.801673
0.511855
0.144092
-0.245613
-0.597916
-0.859170
-0.989592
-0.969321
-0.801444
-0.511525
-0.143712
0.245984
0.598223
0.859366
0.989647
0.969227
0.801215
0.511196
0.143333
-0.246356
-0.598531
-0.859562
-0.989702
-0.969132
-0.800985
-0.510866
-0.142953
0.246728
0.598838
0.859758
0.989757
0.969037
0.800755
0.510536
0.142574
-0.247100
-0.599145
-0.859954
-0.989812
-0.968943
-0.800526
-0.510206
-0.142194
0.247471
0.599452
0.860150
0.989866
0.968848
0.800296
0.509876
0.141814
-0.247843
-0.599759
-0.860345
-0.989920
-0.968753
-0.800066
-0.509546
-0.141435
0.248214
0.600066
0.860541
0.989975
0.968658
0.799835
0.509216
0.141055
-0.248586
-0.600373
-0.860736
-0.990029
-0.968562
-0.799605
-0.508886
-0.140675
0.248957
0.600679
0.860931
0.990083
0.968467
0.799375
0.508556
0.140296
-0.249329
-0.600986
-0.861126
-0.990137
-0.968371
-0.799144
-0.508226
-0.139916
0.249700
0.601292
0.861321
0.990190
0.968275
0.798914
0.507895
0.139536
-0.250072
-0.601599
-0.861516
-0.990244
-0.968179
-0.798683
-0.507565
-0.139156
0.250443
0.601905
0.861711
0.990297
0.968083
0.798452
0.507234
0.138776
-0.250814
-0.602211
-0.861905
-0.990350
-0.967987
-0.798221
-0.506904
-0.138397
0.251185
0.602518
0.862100
0.990403
0.967891
0.797990
0.506573
0.138017
-0.251557
-0.602824
-0.862294
-0.990456
-0.967794
-0.797759
-0.506243
-0.137637
0.251928
0.603130
0.862488
0.990509
0.967698
0.797528
0.505912
0.137257
-0.252299
-0.603436
-0.862682
-0.990562
-0.967601
-0.797296
-0.505581
-0.136877
0.252670
0.603741
0.862876
0.990614
0.967504
0.797064
0.505250
0.136497
-0.253041
-0.604047
-0.863070
-0.990667
-0.967407
-0.796833
-0.504919
-0.136117
0.253412
0.604353
0.863264
0.990719
0.967310
0.796601
0.504588
0.135737
-0.253783
-0.604658
-0.863457
-0.990771
-0.967212
-0.796369
-0.504257
-0.135357
0.254154
0.604964
0.863651
0.990823
0.967115
0.796137
0.503925
0.134977
-0.254525
-0.605269
-0.863844
-0.990875
-0.967017
-0.795905
-0.503594
-0.134597
0.254896
0.605574
0.864037
0.990926
0.966920
0.795673
0.503263
0.134217
-0.255267
-0.605879
-0.864230
-0.990978
-0.966822
-0.795440
-0.502931
-0.133837
0.255638
0.606184
0.864423
0.991029
0.966724
0.795208
0.502600
0.133457
-0.256009
-0.606489
-0.864616
-0.991080
-0.966625
-0.794975
-0.502268
-0.133077
0.256379
0.606794
0.864808
0.991131
0.966527
0.794742
0.501936
0.132697
-0.256750
-0.607099
-0.865001
-0.991182
-0.966429
-0.794510
-0.501605
-0.132316
0.257121
0.607404
0.865193
0.991233
0.966330
0.794277
0.501273
0.131936
-0.257491
-0.607709
-0.865385
-0.991283
-0.966231
-0.794044
-0.500941
-0.131556
0.257862
0.608013
0.865578
0.991334
0.966132
0.793810
0.500609
0.131176
-0.258232
-0.608318
-0.865770
-0.991384
-0.966033
-0.793577
-0.500277
-0.130796
0.258603
0.608622
0.865961
0.991434
0.965934
0.793344
0.499945
0.130415
-0.258973
-0.608926
-0.866153
-0.991484
-0.965835
-0.793110
-0.499612
-0.130035
0.259344
0.609230
0.866345
0.991534
0.965735
0.792876
0.499280
0.129655
-0.259714
-0.609535
-0.866536
-0.991584
-0.965636
-0.792643
-0.498948
-0.129274
0.260085
0.609839
0.866728
0.991634
0.965536
0.792409
0.498615
0.128894
-0.260455
-0.610142
-0.866919
-0.991683
-0.965436
-0.792175
-0.498283
-0.128514
0.260825
0.610446
0.867110
0.991732
0.965336
0.791941
0.497950
0.128133
-0.261195
-0.610750
-0.867301
-0.991782
-0.965236
-0.791706
-0.497618
-0.127753
0.261566
0.611054
0.867492
0.991831
0.965136
0.791472
0.497285
0.127373
-0.261936
-0.611357
-0.867683
-0.991879
-0.965035
-0.791237
-0.496952
-0.126992
0.262306
0.611661
0.867873
0.991928
0.964934
0.791003
0.496619
0.126612
-0.262676
-0.611964
-0.868064
-0.991977
-0.964834
-0.790768
-0.496286
-0.126231
0.263046
0.612267
0.868254
0.992025
0.964733
0.790533
0.495953
0.125851
-0.263416
-0.612571
-0.868444
-0.992073
-0.964632
-0.790298
-0.495620
-0.125470
0.263786
0.612874
0.868634
0.992121
0.964531
0.790063
0.495287
0.125090
-0.264156
-0.613177
-0.868824
-0.992169
-0.964429
-0.789828
-0.494954
-0.124709
0.264526
0.613480
0.869014
0.992217
0.964328
0.789593
0.494621
0.124329
-0.264896
-0.613783
-0.869204
-0.992265
-0.964226
-0.789357
-0.494287
-0.123948
0.265266
0.614085
0.869393
0.992312
0.964124
0.789122
0.493954
0.123567
-0.265635
-0.614388
-0.869583
-0.992360
-0.964023
-0.788886
-0.493620
-0.123187
0.266005
0.614690
0.869772
0.992407
0.963921
0.788651
0.493287
0.122806
-0.266375
-0.614993
-0.869961
-0.992454
-0.963818
-0.788415
-0.492953
-0.122426
0.266745
0.615295
0.870150
0.992501
0.963716
0.788179
0.492619
0.122045
-0.267114
-0.615598
-0.870339
-0.992548
-0.963614
-0.787943
-0.492285
-0.121664
0.267484
0.615900
0.870528
0.992595
0.963511
0.787706
0.491952
0.121283
-0.267853
-0.616202
-0.870717
-0.992641
-0.963408
-0.787470
-0.491618
-0.120903
0.268223
0.616504
0.870905
0.992688
0.963305
0.787234
0.491284
0.120522
-0.268592
-0.616806
-0.871094
-0.992734
-0.963202
-0.786997
-0.490949
-0.120141
0.268962
0.617108
0.871282
0.992780
0.963099
0.786760
0.490615
0.119761
-0.269331
-0.617410
-0.871470
-0.992826
-0.962996
-0.786523
-0.490281
-0.119380
0.269700
0.617711
0.871658
0.992872
0.962893
0.786287
0.489947
0.118999
-0.270070
-0.618013
-0.871846
-0.992917
-0.962789
-0.786050
-0.489612
-0.118618
0.270439
0.618314
0.872034
0.992963
0.962685
0.785812
0.489278
0.118237
-0.270808
-0.618616
-0.872222
-0.993008
-0.962581
-0.785575
-0.488943
-0.117856
0.271177
0.618917
0.872409
0.993053
0.962477
0.785338
0.488609
0.117476
-0.271547
-0.619218
-0.872597
-0.993098
-0.962373
-0.785100
-0.488274
-0.117095
0.271916
0.619519
0.872784
0.993143
0.962269
0.784863
0.487939
0.116714
-0.272285
-0.619820
-0.872971
-0.993188
-0.962164
-0.784625
-0.487604
-0.116333
0.272654
0.620121
0.873158
0.993233
0.962060
0.784387
0.487270
0.115952
-0.273023
-0.620422
-0.873345
-0.993277
-0.961955
-0.784149
-0.486935
-0.115571
0.273392
0.620723
0.873532
0.993321
0.961850
0.783911
0.486600
0.115190
-0.273761
-0.621024
-0.873718
-0.993366
-0.961745
-0.783673
-0.486264
-0.114809
0.274130
0.621324
0.873905
0.993410
0.961640
0.783435
0.485929
0.114428
-0.274498
-0.621625
-0.874091
-0.993453
-0.961535
-0.783196
-0.485594
-0.114047
0.274867
0.621925
0.874278
0.993497
0.961429
0.782958
0.485259
0.113666
-0.275236
-0.622225
-0.874464
-0.993541
-0.961324
-0.782719
-0.484923
-0.113285
0.275605
0.622525
0.874650
0.993584
0.961218
0.782480
0.484588
0.112904
-0.275973
-0.622826
-0.874836
-0.993628
-0.961112
-0.782241
-0.484252
-0.112523
0.276342
0.623126
0.875021
0.993671
0.961006
0.782002
0.483917
0.112141
-0.276710
-0.623426
-0.875207
-0.993714
-0.960900
-0.781763
-0.483581
-0.111760
0.277079
0.623725
0.875392
0.993757
0.960794
0.781524
0.483245
0.111379
-0.277448
-0.624025
-0.875578
-0.993799
-0.960688
-0.781285
-0.482909
-0.110998
0.277816
0.624325
0.875763
0.993842
0.960581
0.781045
0.482574
0.110617
-0.278184
-0.624624
-0.875948
-0.993884
-0.960474
-0.780806
-0.482238
-0.110236
0.278553
0.624924
0.876133
0.993927
0.960367
0.780566
0.481902
0.109854
-0.278921
-0.625223
-0.876318
-0.993969
-0.960261
-0.780326
-0.481565
-0.109473
0.279289
0.625522
0.876502
0.994011
0.960153
0.780086
0.481229
0.109092
-0.279658
-0.625822
-0.876687
-0.994053
-0.960046
-0.779846
-0.480893
-0.108711
0.280026
0.626121
0.876871
0.994094
0.959939
0.779606
0.480557
0.108329
-0.280394
-0.626420
-0.877056
-0.994136
-0.959831
-0.779366
-0.480220
-0.107948
0.280762
0.626719
0.877240
0.994177
0.959723
0.779125
0.479884
0.107567
-0.281130
-0.627018
-0.877424
-0.994218
-0.959616
-0.778885
-0.479547
-0.107185
0.281498
0.627316
0.877608
0.994260
0.959508
0.778644
0.479211
0.106804
-0.281866
-0.627615
-0.877792
-0.994301
-0.959400
-0.778404
-0.478874
-0.106423
0.282234
0.627913
0.877975
0.994341
0.959291
0.778163
0.478537
0.106041
-0.282602
-0.628212
-0.878159
-0.994382
-0.959183
-0.777922
-0.478201
-0.105660
0.282970
0.628510
0.878342
0.994423
0.959074
0.777681
0.477864
0.105279
-0.283338
-0.628809
-0.878526
-0.994463
-0.958966
-0.777440
-0.477527
-0.104897
0.283706
0.629107
0.878709
0.994503
0.958857
0.777198
0.477190
0.104516
-0.284074
-0.629405
-0.878892
-0.994543
-0.958748
-0.776957
-0.476853
-0.104134
0.284441
0.629703
0.879075
0.994583
0.958639
0.776715
0.476515
0.103753
-0.284809
-0.630001
-0.879257
-0.994623
-0.958530
-0.776474
-0.476178
-0.103371
0.285177
0.630299
0.879440
0.994663
0.958420
0.776232
0.475841
0.102990
-0.285544
-0.630596
-0.879623
-0.994702
-0.958311
-0.775990
-0.475503
-0.102608
0.285912
0.630894
0.879805
0.994741
0.958201
0.775748
0.475166
0.102227
-0.286279
-0.631191
-0.879987
-0.994781
-0.958091
-0.775506
-0.474829
-0.101845
0.286647
0.631489
0.880169
0.994820
0.957981
0.775264
0.474491
0.101464
-0.287014
-0.631786
-0.880351
-0.994859
-0.957871
-0.775022
-0.474153
-0.101082
0.287382
0.632083
0.880533
0.994897
0.957761
0.774779
0.473816
0.100701
-0.287749
-0.632381
-0.880715
-0.994936
-0.957651
-0.774537
-0.473478
-0.100319
0.288116
0.632678
0.880897
0.994975
0.957540
0.774294
0.473140
0.099937
-0.288483
-0.632975
-0.881078
-0.995013
-0.957430
-0.774051
-0.472802
-0.099556
0.288851
0.633272
0.881259
0.995051
0.957319
0.773808
0.472464
0.099174
-0.289218
-0.633568
-0.881441
-0.995089
-0.957208
-0.773565
-0.472126
-0.098792
0.289585
0.633865
0.881622
0.995127
0.957097
0.773322
0.471788
0.098411
-0.289952
-0.634162
-0.881803
-0.995165
-0.956986
-0.773079
-0.471450
-0.098029
0.290319
0.634458
0.881983
0.995202
0.956874
0.772836
0.471111
0.097647
-0.290686
-0.634755
-0.882164
-0.995240
-0.956763
-0.772592
-0.470773
-0.097266
0.291053
0.635051
0.882345
0.995277
0.956651
0.772349
0.470435
0.096884
-0.291420
-0.635347
-0.882525
-0.995314
-0.956539
-0.772105
-0.470096
-0.096502
0.291787
0.635643
0.882705
0.995351
0.956427
0.771861
0.469758
0.096120
-0.292154
-0.635939
-0.882886
-0.995388
-0.956315
-0.771617
-0.469419
-0.095739
0.292520
0.636235
0.883066
0.995425
0.956203
0.771373
0.469080
0.095357
-0.292887
-0.636531
-0.883246
-0.995461
-0.956091
-0.771129
-0.468741
-0.094975
0.293254
0.636827
0.883425
0.995498
0.955978
0.770885
0.468403
0.094593
-0.293621
-0.637123
-0.883605
-0.995534
-0.955866
-0.770640
-0.468064
-0.094211
0.293987
0.637418
0.883784
0.995570
0.955753
0.770396
0.467725
0.093830
-0.294354
-0.637714
-0.883964
-0.995606
-0.955640
-0.770151
-0.467386
-0.093448
0.294720
0.638009
0.884143
0.995642
0.955527
0.769907
0.467047
0.093066
-0.295087
-0.638304
-0.884322
-0.995678
-0.955414
-0.769662
-0.466707
-0.092684
0.295453
0.638599
0.884501
0.995713
0.955301
0.769417
0.466368
0.092302
-0.295820
-0.638895
-0.884680
-0.995749
-0.955187
-0.769172
-0.466029
-0.091920
0.296186
0.639190
0.884859
0.995784
0.955073
0.768927
0.465689
0.091538
-0.296552
-0.639484
-0.885037
-0.995819
-0.954960
-0.768681
-0.465350
-0.091156
0.296919
0.639779
0.885216
0.995854
0.954846
0.768436
0.465011
0.090774
-0.297285
-0.640074
-0.885394
-0.995889
-0.954732
-0.768190
-0.464671
-0.090392
0.297651
0.640369
0.885573
0.995924
0.954618
0.767945
0.464331
0.090010
-0.298017
-0.640663
-0.885751
-0.995958
-0.954503
-0.767699
-0.463992
-0.089628
0.298383
0.640958
0.885929
0.995992
0.954389
0.767453
0.463652
0.089246
-0.298749
-0.641252
-0.886106
-0.996027
-0.954274
-0.767207
-0.463312
-0.088864
0.299115
0.641546
0.886284
0.996061
0.954160
0.766961
0.462972
0.088482
-0.299481
-0.641840
-0.886462
-0.996095
-0.954045
-0.766715
-0.462632
-0.088100
0.299847
0.642134
0.886639
0.996128
0.953930
0.766469
0.462292
0.087718
-0.300213
-0.642428
-0.886816
-0.996162
-0.953815
-0.766222
-0.461952
-0.087336
0.300579
0.642722
0.886994
0.996196
0.953699
0.765976
0.461612
0.086954
-0.300945
-0.643016
-0.887171
-0.996229
-0.953584
-0.765729
-0.461271
-0.086572
0.301310
0.643310
0.887348
0.996262
0.953468
0.765483
0.460931
0.086190
-0.301676
-0.643603
-0.887524
-0.996295
-0.953353
-0.765236
-0.460591
-0.085808
0.302042
0.643897
0.887701
0.996328
0.953237
0.764989
0.460250
0.085426
-0.302407
-0.644190
-0.887878
-0.996361
-0.953121
-0.764742
-0.459910
-0.085043
0.302773
0.644484
0.888054
0.996394
0.953005
0.764495
0.459569
0.084661
-0.303138
-0.644777
-0.888230
-0.996426
-0.952888
-0.764247
-0.459228
-0.084279
0.303504
0.645070
0.888406
0.996458
0.952772
0.764000
0.458888
0.083897
-0.303869
-0.645363
-0.888582
-0.996491
-0.952655
-0.763752
-0.458547
-0.083515
0.304235
0.645656
0.888758
0.996523
0.952539
0.763505
0.458206
0.083133
-0.304600
-0.645949
-0.888934
-0.996554
-0.952422
-0.763257
-0.457865
-0.082750
0.304965
0.646241
0.889110
0.996586
0.952305
0.763009
0.457524
0.082368
-0.305331
-0.646534
-0.889285
-0.996618
-0.952188
-0.762761
-0.457183
-0.081986
0.305696
0.646827
0.889460
0.996649
0.952071
0.762513
0.456842
0.081604
-0.306061
-0.647119
-0.889636
-0.996680
-0.951953
-0.762265
-0.456500
-0.081221
0.306426
0.647411
0.889811
0.996712
0.951836
0.762016
0.456159
0.080839
-0.306791
-0.647704
-0.889986
-0.996743
-0.951718
-0.761768
-0.455818
-0.080457
0.307156
0.647996
0.890160
0.996774
0.951600
0.761520
0.455476
0.080074
-0.307521
-0.648288
-0.890335
-0.996804
-0.951482
-0.761271
-0.455135
-0.079692
0.307886
0.648580
0.890510
0.996835
0.951364
0.761022
0.454793
0.079310
-0.308251
-0.648872
-0.890684
-0.996865
-0.951246
-0.760773
-0.454452
-0.078927
0.308616
0.649164
0.890858
0.996895
0.951128
0.760524
0.454110
0.078545
-0.308981
-0.649455
-0.891033
-0.996926
-0.951009
-0.760275
-0.453768
-0.078163
0.309345
0.649747
0.891207
0.996956
0.950890
0.760026
0.453427
0.077780
-0.309710
-0.650038
-0.891381
-0.996985
-0.950772
-0.759777
-0.453085
-0.077398
0.310075
0.650330
0.891554
0.997015
0.950653
0.759527
0.452743
0.077016
-0.310439
-0.650621
-0.891728
-0.997045
-0.950534
-0.759278
-0.452401
-0.076633
0.310804
0.650912
0.891902
0.997074
0.950414
0.759028
0.452059
0.076251
-0.311168
-0.651203
-0.892075
-0.997103
-0.950295
-0.758778
-0.451716
-0.075868
0.311533
0.651495
0.892248
0.997132
0.950176
0.758528
0.451374
0.075486
-0.311897
-0.651785
-0.892421
-0.997161
-0.950056
-0.758278
-0.451032
-0.075103
0.312262
0.652076
0.892594
0.997190
0.949936
0.758028
0.450690
0.074721
-0.312626
-0.652367
-0.892767
-0.997219
-0.949816
-0.757778
-0.450347
-0.074339
0.312990
0.652658
0.892940
0.997247
0.949696
0.757528
0.450005
0.073956
-0.313355
-0.652948
-0.893112
-0.997276
-0.949576
-0.757277
-0.449662
-0.073574
0.313719
0.653239
0.893285
0.997304
0.949456
0.757027
0.449320
0.073191
-0.314083
-0.653529
-0.893457
-0.997332
-0.949335
-0.756776
-0.448977
-0.072809
0.314447
0.653819
0.893629
0.997360
0.949215
0.756525
0.448634
0.072426
-0.314811
-0.654109
-0.893802
-0.997388
-0.949094
-0.756274
-0.448291
-0.072043
0.315175
0.654399
0.893973
0.997415
0.948973
0.756024
0.447948
0.071661
-0.315539
-0.654689
-0.894145
-0.997443
-0.948852
-0.755772
-0.447606
-0.071278
0.315903
0.654979
0.894317
0.997470
0.948731
0.755521
0.447263
0.070896
-0.316267
-0.655269
-0.894488
-0.997497
-0.948610
-0.755270
-0.446919
-0.070513
0.316631
0.655559
0.894660
0.997524
0.948488
0.755018
0.446576
0.070131
-0.316994
-0.655848
-0.894831
-0.997551
-0.948367
-0.754767
-0.446233
-0.069748
0.317358
0.656138
0.895002
0.997578
0.948245
0.754515
0.445890
0.069365
-0.317722
-0.656427
-0.895173
-0.997605
-0.948123
-0.754263
-0.445546
-0.068983
0.318086
0.656717
0.895344
0.997631
0.948001
0.754012
0.445203
0.068600
-0.318449
-0.657006
-0.895515
-0.997657
-0.947879
-0.753760
-0.444860
-0.068217
0.318813
0.657295
0.895686
0.997684
0.947757
0.753508
0.444516
0.067835
-0.319176
-0.657584
-0.895856
-0.997710
-0.947634
-0.753255
-0.444172
-0.067452
0.319540
0.657873
0.896026
0.997735
0.947512
0.753003
0.443829
0.067069
-0.319903
-0.658162
-0.896197
-0.997761
-0.947389
-0.752751
-0.443485
-0.066687
0.320266
0.658450
0.896367
0.997787
0.947266
0.752498
0.443141
0.066304
-0.320630
-0.658739
-0.896537
-0.997812
-0.947143
-0.752245
-0.442797
-0.065921
0.320993
0.659027
0.896707
0.997837
0.947020
0.751993
0.442454
0.065539
-0.321356
-0.659316
-0.896876
-0.997863
-0.946897
-0.751740
-0.442110
-0.065156
0.321719
0.659604
0.897046
0.997888
0.946773
0.751487
0.441765
0.064773
-0.322083
-0.659892
-0.897215
-0.997912
-0.946650
-0.751234
-0.441421
-0.064390
0.322446
0.660180
0.897385
0.997937
0.946526
0.750980
0.441077
0.064008
-0.322809
-0.660468
-0.897554
-0.997962
-0.946402
-0.750727
-0.440733
-0.063625
0.323172
0.660756
0.897723
0.997986
0.946278
0.750474
0.440389
0.063242
-0.323535
-0.661044
-0.897892
-0.998010
-0.946154
-0.750220
-0.440044
-0.062859
0.323897
0.661332
0.898060
0.998034
0.946030
0.749966
0.439700
0.062477
-0.324260
-0.661620
-0.898229
-0.998058
-0.945906
-0.749713
-0.439355
-0.062094
0.324623
0.661907
0.898398
0.998082
0.945781
0.749459
0.439011
0.061711
-0.324986
-0.662195
-0.898566
-0.998106
-0.945657
-0.749205
-0.438666
-0.061328
0.325349
0.662482
0.898734
0.998129
0.945532
0.748951
0.438321
0.060945
-0.325711
-0.662769
-0.898902
-0.998153
-0.945407
-0.748697
-0.437977
-0.060563
0.326074
0.663056
0.899070
0.998176
0.945282
0.748442
0.437632
0.060180
-0.326436
-0.663343
-0.899238
-0.998199
-0.945157
-0.748188
-0.437287
-0.059797
0.326799
0.663630
0.899406
0.998222
0.945031
0.747933
0.436942
0.059414
-0.327161
-0.663917
-0.899574
-0.998245
-0.944906
-0.747679
-0.436597
-0.059031
0.327524
0.664204
0.899741
0.998267
0.944780
0.747424
0.436252
0.058648
-0.327886
-0.664491
-0.899908
-0.998290
-0.944654
-0.747169
-0.435907
-0.058265
0.328248
0.664777
0.900075
0.998312
0.944528
0.746914
0.435561
0.057882
-0.328611
-0.665064
-0.900243
-0.998334
-0.944402
-0.746659
-0.435216
-0.057500
0.328973
0.665350
0.900409
0.998357
0.944276
0.746404
0.434871
0.057117
-0.329335
-0.665636
-0.900576
-0.998378
-0.944150
-0.746149
-0.434525
-0.056734
0.329697
0.665923
0.900743
0.998400
0.944023
0.745893
0.434180
0.056351
-0.330059
-0.666209
-0.900909
-0.998422
-0.943897
-0.745638
-0.433834
-0.055968
0.330421
0.666495
0.901076
0.998443
0.943770
0.745382
0.433489
0.055585
-0.330783
-0.666781
-0.901242
-0.998465
-0.943643
-0.745126
-0.433143
-0.055202
0.331145
0.667066
0.901408
0.998486
0.943516
0.744870
0.432797
0.054819
-0.331507
-0.667352
-0.901574
-0.998507
-0.943389
-0.744614
-0.432452
-0.054436
0.331869
0.667638
0.901740
0.998528
0.943262
0.744358
0.432106
0.054053
-0.332231
-0.667923
-0.901906
-0.998548
-0.943134
-0.744102
-0.431760
-0.053670
0.332592
0.668209
0.902071
0.998569
0.943007
0.743846
0.431414
0.053287
-0.332954
-0.668494
-0.902237
-0.998589
-0.942879
-0.743590
-0.431068
-0.052904
0.333316
0.668779
0.902402
0.998610
0.942751
0.743333
0.430722
0.052521
-0.333677
-0.669064
-0.902567
-0.998630
-0.942623
-0.743076
-0.430376
-0.052138
0.334039
0.669349
0.902732
0.998650
0.942495
0.742820
0.430029
0.051755
-0.334400
-0.669634
-0.902897
-0.998670
-0.942367
-0.742563
-0.429683
-0.051372
0.334762
0.669919
0.903062
0.998689
0.942239
0.742306
0.429337
0.050989
-0.335123
-0.670204
-0.903227
-0.998709
-0.942110
-0.742049
-0.428990
-0.050606
0.335484
0.670488
0.903391
0.998728
0.941981
0.741792
0.428644
0.050223
-0.335846
-0.670773
-0.903556
-0.998748
-0.941853
-0.741534
-0.428297
-0.049840
0.336207
0.671057
0.903720
0.998767
0.941724
0.741277
0.427951
0.049457
-0.336568
-0.671341
-0.903884
-0.998786
-0.941595
-0.741020
-0.427604
-0.049074
0.336929
0.671626
0.904048
0.998805
0.941465
0.740762
0.427257
0.048691
-0.337290
-0.671910
-0.904212
-0.998823
-0.941336
-0.740504
-0.426910
-0.048307
0.337651
0.672194
0.904376
0.998842
0.941206
0.740246
0.426563
0.047924
-0.338012
-0.672478
-0.904539
-0.998860
-0.941077
-0.739988
-0.426217
-0.047541
0.338373
0.672761
0.904703
0.998878
0.940947
0.739730
0.425870
0.047158
-0.338734
-0.673045
-0.904866
-0.998896
-0.940817
-0.739472
-0.425522
-0.046775
0.339095
0.673329
0.905029
0.998914
0.940687
0.739214
0.425175
0.046392
-0.339456
-0.673612
-0.905193
-0.998932
-0.940557
-0.738956
-0.424828
-0.046009
0.339817
0.673896
0.905355
0.998950
0.940427
0.738697
0.424481
0.045626
-0.340177
-0.674179
-0.905518
-0.998967
-0.940296
-0.738439
-0.424134
-0.045243
0.340538
0.674462
0.905681
0.998985
0.940165
0.738180
0.423786
0.044859
-0.340899
-0.674745
-0.905843
-0.999002
-0.940035
-0.737921
-0.423439
-0.044476
0.341259
0.675028
0.906006
0.999019
0.939904
0.737662
0.423091
0.044093
-0.341620
-0.675311
-0.906168
-0.999036
-0.939773
-0.737403
-0.422744
-0.043710
0.341980
0.675594
0.906330
0.999053
0.939642
0.737144
0.422396
0.043327
-0.342340
-0.675877
-0.906492
-0.999069
-0.939510
-0.736885
-0.422048
-0.042943
0.342701
0.676159
0.906654
0.999086
0.939379
0.736626
0.421701
0.042560
-0.343061
-0.676442
-0.906816
-0.999102
-0.939247
-0.736366
-0.421353
-0.042177
0.343421
0.676724
0.906978
0.999118
0.939116
0.736107
0.421005
0.041794
-0.343782
-0.677007
-0.907139
-0.999134
-0.938984
-0.735847
-0.420657
-0.041411
0.344142
0.677289
0.907300
0.999150
0.938852
0.735587
0.420309
0.041027
-0.344502
-0.677571
-0.907462
-0.999166
-0.938720
-0.735327
-0.419961
-0.040644
0.344862
0.677853
0.907623
0.999181
0.938587
0.735067
0.419613
0.040261
-0.345222
-0.678135
-0.907784
-0.999197
-0.938455
-0.734807
-0.419265
-0.039878
0.345582
0.678417
0.907944
0.999212
0.938322
0.734547
0.418917
0.039495
-0.345942
-0.678699
-0.908105
-0.999227
-0.938190
-0.734287
-0.418568
-0.039111
0.346301
0.678980
0.908266
0.999242
0.938057
0.734026
0.418220
0.038728
-0.346661
-0.679262
-0.908426
-0.999257
-0.937924
-0.733766
-0.417872
-0.038345
0.347021
0.679543
0.908586
0.999272
0.937791
0.733505
0.417523
0.037962
-0.347381
-0.679825
-0.908746
-0.999286
-0.937658
-0.733244
-0.417175
-0.037578
0.347740
0.680106
0.908906
0.999301
0.937524
0.732984
0.416826
0.037195
-0.348100
-0.680387
-0.909066
-0.999315
-0.937391
-0.732723
-0.416477
-0.036812
0.348459
0.680668
0.909226
0.999329
0.937257
0.732462
0.416129
0.036428
-0.348819
-0.680949
-0.909386
-0.999343
-0.937123
-0.732200
-0.415780
-0.036045
0.349178
0.681230
0.909545
0.999357
0.936989
0.731939
0.415431
0.035662
-0.349538
-0.681510
-0.909704
-0.999371
-0.936855
-0.731678
-0.415082
-0.035279
0.349897
0.681791
0.909864
0.999384
0.936721
0.731416
0.414733
0.034895
-0.350256
-0.682072
-0.910023
-0.999398
-0.936587
-0.731155
-0.414384
-0.034512
0.350615
0.682352
0.910182
0.999411
0.936452
0.730893
0.414035
0.034129
-0.350975
-0.682632
-0.910340
-0.999424
-0.936318
-0.730631
-0.413686
-0.033745
0.351334
0.682913
0.910499
0.999437
0.936183
0.730369
0.413336
0.033362
-0.351693
-0.683193
-0.910658
-0.999450
-0.936048
-0.730107
-0.412987
-0.032979
0.352052
0.683473
0.910816
0.999462
0.935913
0.729845
0.412638
0.032595
-0.352411
-0.683753
-0.910974
-0.999475
-0.935778
-0.729583
-0.412288
-0.032212
0.352770
0.684032
0.911132
0.999487
0.935642
0.729320
0.411939
0.031829
-0.353129
-0.684312
-0.911290
-0.999499
-0.935507
-0.729058
-0.411590
-0.031445
0.353487
0.684592
0.911448
0.999511
0.935371
0.728795
0.411240
0.031062
-0.353846
-0.684871
-0.911606
-0.999523
-0.935236
-0.728533
-0.410890
-0.030679
0.354205
0.685151
0.911764
0.999535
0.935100
0.728270
0.410541
0.030295
-0.354564
-0.685430
-0.911921
-0.999547
-0.934964
-0.728007
-0.410191
-0.029912
0.354922
0.685709
0.912078
0.999558
0.934828
0.727744
0.409841
0.029528
-0.355281
-0.685988
-0.912236
-0.999570
-0.934692
-0.727481
-0.409491
-0.029145
0.355639
0.686267
0.912393
0.999581
0.934555
0.727218
0.409141
0.028762
-0.355998
-0.686546
-0.912550
-0.999592
-0.934419
-0.726954
-0.408791
-0.028378
0.356356
0.686825
0.912706
0.999603
0.934282
0.726691
0.408441
0.027995
-0.356714
-0.687104
-0.912863
-0.999613
-0.934145
-0.726427
-0.408091
-0.027612
0.357073
0.687383
0.913019
0.999624
0.934008
0.726164
0.407741
0.027228
-0.357431
-0.687661
-0.913176
-0.999634
-0.933871
-0.725900
-0.407391
-0.026845
0.357789
0.687939
0.913332
0.999645
0.933734
0.725636
0.407040
0.026461
-0.358147
-0.688218
-0.913488
-0.999655
-0.933596
-0.725372
-0.406690
-0.026078
0.358505
0.688496
0.913644
0.999665
0.933459
0.725108
0.406340
0.025694
-0.358863
-0.688774
-0.913800
-0.999675
-0.933321
-0.724844
-0.405989
-0.025311
0.359221
0.689052
0.913956
0.999684
0.933184
0.724580
0.405638
0.024928
-0.359579
-0.689330
-0.914111
-0.999694
-0.933046
-0.724315
-0.405288
-0.024544
0.359937
0.689608
0.914267
0.999703
0.932908
0.724051
0.404937
0.024161
-0.360295
-0.689886
-0.914422
-0.999713
-0.932769
-0.723786
-0.404587
-0.023777
0.360653
0.690163
0.914577
0.999722
0.932631
0.723521
0.404236
0.023394
-0.361010
-0.690441
-0.914732
-0.999731
-0.932493
-0.723257
-0.403885
-0.023010
0.361368
0.690718
0.914887
0.999740
0.932354
0.722992
0.403534
0.022627
-0.361725
-0.690995
-0.915042
-0.999748
-0.932215
-0.722727
-0.403183
-0.022244
0.362083
0.691273
0.915197
0.999757
0.932076
0.722462
0.402832
0.021860
-0.362441
-0.691550
-0.915351
-0.999765
-0.931937
-0.722196
-0.402481
-0.021477
0.362798
0.691827
0.915506
0.999773
0.931798
0.721931
0.402130
0.021093
-0.363155
-0.692103
-0.915660
-0.999782
-0.931659
-0.721666
-0.401779
-0.020710
0.363513
0.692380
0.915814
0.999789
0.931520
0.721400
0.401427
0.020326
-0.363870
-0.692657
-0.915968
-0.999797
-0.931380
-0.721134
-0.401076
-0.019943
0.364227
0.692934
0.916122
0.999805
0.931240
0.720869
0.400725
0.019559
-0.364584
-0.693210
-0.916275
-0.999812
-0.931100
-0.720603
-0.400373
-0.019176
0.364941
0.693486
0.916429
0.999820
0.930960
0.720337
0.400022
0.018792
-0.365299
-0.693763
-0.916582
-0.999827
-0.930820
-0.720071
-0.399670
-0.018409
0.365656
0.694039
0.916736
0.999834
0.930680
0.719804
0.399319
0.018025
-0.366012
-0.694315
-0.916889
-0.999841
-0.930540
-0.719538
-0.398967
-0.017642
0.366369
0.694591
0.917042
0.999848
0.930399
0.719272
0.398615
0.017259
-0.366726
-0.694867
-0.917195
-0.999854
-0.930259
-0.719005
-0.398263
-0.016875
0.367083
0.695143
0.917347
0.999861
0.930118
0.718739
0.397912
0.016492
-0.367440
-0.695418
-0.917500
-0.999867
-0.929977
-0.718472
-0.397560
-0.016108
0.367796
0.695694
0.917653
0.999873
0.929836
0.718205
0.397208
0.015725
-0.368153
-0.695969
-0.917805
-0.999879
-0.929695
-0.717938
-0.396856
-0.015341
0.368510
0.696245
0.917957
0.999885
0.929553
0.717671
0.396504
0.014958
-0.368866
-0.696520
-0.918109
-0.999891
-0.929412
-0.717404
-0.396152
-0.014574
0.369223
0.696795
0.918261
0.999897
0.929270
0.717137
0.395799
0.014191
-0.369579
-0.697070
-0.918413
-0.999902
-0.929128
-0.716869
-0.395447
-0.013807
0.369935
0.697345
0.918565
0.999907
0.928987
0.716602
0.395095
0.013424
-0.370292
-0.697620
-0.918716
-0.999912
-0.928844
-0.716334
-0.394742
-0.013040
0.370648
0.697895
0.918868
0.999917
0.928702
0.716067
0.394390
0.012657
-0.371004
-0.698169
-0.919019
-0.999922
-0.928560
-0.715799
-0.394037
-0.012273
0.371360
0.698444
0.919170
0.999927
0.928418
0.715531
0.393685
0.011890
-0.371716
-0.698718
-0.919321
-0.999932
-0.928275
-0.715263
-0.393332
-0.011506
0.372072
0.698993
0.919472
0.999936
0.928132
0.714995
0.392980
0.011122
-0.372428
-0.699267
-0.919622
-0.999940
-0.927989
-0.714727
-0.392627
-0.010739
0.372784
0.699541
0.919773
0.999944
0.927847
0.714458
0.392274
0.010355
-0.373140
-0.699815
-0.919924
-0.999948
-0.927703
-0.714190
-0.391921
-0.009972
0.373496
0.700089
0.920074
0.999952
0.927560
0.713921
0.391568
0.009588
-0.373852
-0.700363
-0.920224
-0.999956
-0.927417
-0.713653
-0.391216
-0.009205
0.374207
0.700636
0.920374
0.999959
0.927273
0.713384
0.390863
0.008821
-0.374563
-0.700910
-0.920524
-0.999963
-0.927130
-0.713115
-0.390509
-0.008438
0.374919
0.701184
0.920674
0.999966
0.926986
0.712846
0.390156
0.008054
-0.375274
-0.701457
-0.920823
-0.999969
-0.926842
-0.712577
-0.389803
-0.007671
0.375630
0.701730
0.920973
0.999972
0.926698
0.712308
0.389450
0.007287
-0.375985
-0.702003
-0.921122
-0.999975
-0.926554
-0.712039
-0.389097
-0.006904
0.376341
0.702277
0.921272
0.999977
0.926409
0.711770
0.388743
0.006520
-0.376696
-0.702550
-0.921421
-0.999980
-0.926265
-0.711500
-0.388390
-0.006137
0.377051
0.702822
0.921570
0.999982
0.926120
0.711231
0.388036
0.005753
-0.377406
-0.703095
-0.921718
-0.999985
-0.925975
-0.710961
-0.387683
-0.005370
0.377761
0.703368
0.921867
0.999987
0.925830
0.710691
0.387329
0.004986
-0.378117
-0.703640
-0.922016
-0.999989
-0.925685
-0.710421
-0.386976
-0.004602
0.378472
0.703913
0.922164
0.999990
0.925540
0.710151
0.386622
0.004219
-0.378827
-0.704185
-0.922312
-0.999992
-0.925395
-0.709881
-0.386268
-0.003835
0.379182
0.704458
0.922461
0.999993
0.925250
0.709611
0.385914
0.003452
-0.379536
-0.704730
-0.922609
-0.999995
-0.925104
-0.709341
-0.385561
-0.003068
0.379891
0.705002
0.922756
0.999996
0.924958
0.709070
0.385207
0.002685
-0.380246
-0.705274
-0.922904
-0.999997
-0.924812
-0.708800
-0.384853
-0.002301
0.380601
0.705546
0.923052
0.999998
0.924666
0.708529
0.384499
0.001918
-0.380955
-0.705817
-0.923199
-0.999999
-0.924520
-0.708258
-0.384145
-0.001534
0.381310
0.706089
0.923347
0.999999
0.924374
0.707988
0.383790
0.001151
-0.381664
-0.706361
-0.923494
-1.000000
-0.924228
-0.707717
-0.383436
-0.000767
0.382019
0.706632
0.923641
1.000000
0.924081
0.707446
0.383082
0.000384
-0.382373
-0.706903
-0.923788
-1.000000
-0.923935
-0.707175
-0.382728
-0.000000
