0.01247406005859375
2.0000379512676716
2.86140655050642
3.44603280603466
3.9091419433502534
4.344552131940586
4.799101056974496
5.252985567875888
5.548094205945299
5.937177623453275
6.2525048266994165
6.5455174052079075
6.816801654511238
7.123903812633116
7.3950985995902005
7.670965188462638
7.925429481244213
8.170061264666066
8.418721129874541
8.660244450071753
8.909253496926691
9.129266916906063
9.397457946254393
9.588387628587657
9.791559422134597
10.040522039280152
10.219444116716415
10.46569288258875
10.659476071202596
10.871378662840165
11.058054670811027
11.284635325997664
11.509470930583813
11.676594747569377
11.875617531352587
12.099801847640691
12.288159902326228
12.491198698758264
12.724186999395025
12.902222783132714
13.104093129575322
13.288798338268037
13.496464423847142
13.674728553329908
13.8968726140518
14.098907665831561
14.28606235271776
14.47943208151599
14.68728392485192
14.909012274863116
15.079904762740064
15.303091175480278
15.501917086557023
15.692252046345411
15.90783105494181
16.140868029805635
16.3428865056615
16.569805637064025
16.777834950092377
16.98883530066904
17.225388595881284
17.44172464419985
17.676636691763758
17.916317321041358
18.144224462233993
18.375256746987603
18.617692768626977
18.859497121788767
19.099876119917937
19.365526109614997
19.628376588393408
19.88539641831693
20.153095460424737
20.41498917414115
20.696225395596553
20.966984900337504
21.25267913825214
21.556338106963434
21.85863722735907
22.158927854649402
22.476761578154118
22.79084805244674
23.137157872953487
23.48235218988337
23.81467305993212
24.180571719622545
24.55692548489735
24.93699732744473
25.332340131334586
25.725858347724827
26.1379648703802
26.591894979983067
27.04051569037374
27.500566788437883
27.98935314408782
28.494432336817663
29.03379244804523
29.582859426628346
30.144730937095463
30.744632046323627
31.377889724571105
32.034238054608835
32.73567990651283
33.45790652071421
34.25300751151817
35.0759685152642
35.94356792829643
36.88612766567339
37.88857008050295
38.961108513387515
40.12888284127342
41.3808086255475
42.75737051096734
44.249404097679964
45.90283861143645
47.74605288909854
49.78996267180294
52.1132045197134
54.76921316037238
57.837738495083904
61.45684177206345
65.8154085674758
71.20926628052676
78.11555991344188
87.4368509814205
101.02075219605345
123.62687896999682
173.76395030473617
973.25448732481
99.62397077513594
70.00487969192052
57.16956421377329
49.58252495746063
44.44381136282939
40.68535838993569
37.761412826894116
35.43574302533687
33.4945647499384
31.885144304170765
30.472902487322422
29.26803891144009
28.20069590262299
27.25715788968906
26.420461400723312
25.659630235066768
24.97094166164906
24.343151234706838
23.765968831382164
23.220269923343604
22.75162121642992
22.271761233460463
21.85082648553917
21.474832336652646
21.09216057038656
20.742403166780317
20.416533387431844
20.106384015422964
19.810331077263523
19.540206176421794
19.280895733709006
19.041054033927786
18.786519205005778
18.57818293458419
18.352171203749577
18.161242835044654
17.94915327959559
17.752143652442786
17.598266741698016
17.429594471301467
17.282799768286374
17.084526169277257
16.941204137042273
16.807822820221567
16.685554371468488
16.532174720515776
16.40118885789938
16.27491367762353
16.156363348414036
16.043750808199025
15.919556580098199
15.83193401607673
15.717003095527742
15.576174635528153
15.48358491501946
15.406674571061675
15.325302627336006
15.219905553113426
15.131337696468108
15.044326290497802
14.957855521915718
14.870882008559875
14.793964190715856
14.717705672933693
14.668770886977615
14.589720442403959
14.519924826925626
14.454117882764837
14.374973395053459
14.295393442181277
14.228549646024426
14.177931306795635
14.126026960619921
14.075041285281927
14.007148385371718
13.955730313428777
13.878252491345123
13.8274853400583
13.808251163864407
13.740180040908186
13.683192455836233
13.65117353458819
13.56965519012241
13.526975347400615
13.474887259038592
13.458635370880355
13.396953745210293
13.360742539766086
13.327949575012719
13.280965705944487
13.192427362777941
13.172270341461175
13.173447850166816
13.106852680691247
13.069838498963593
13.035116273048075
12.982260792927908
12.973826921494714
12.949710895956965
12.91224802192625
12.883168002821575
12.840644294992515
12.81384078624185
12.771085500411042
12.757614014480163
12.703605654895613
12.666647801793781
12.653067975962848
12.617201437562757
12.579991091229259
12.5551211796141
12.52271687517467
12.49148116730182
12.462674199610756
12.44510548848698
12.45137668598948
12.392253856039241
12.358159561780093
12.348038296644352
12.327771222846357
12.284598148238336
12.308736261752578
12.251476694060333
12.241266721364696
12.23232642250462
12.186251129778237
12.156723298904545
12.152861460050397
12.132270124402494
12.11680222016568
12.094858327636043
12.056037261446537
12.03787603331021
12.01838799636351
11.99105193360953
11.998865087707923
11.97018026755743
11.942734016950615
11.913914491144963
11.923088430889896
11.896848092600315
11.882388721592354
11.857375596794805
11.85869124918791
11.805867165419066
11.804542077999114
11.795270331182941
11.782015395823837
11.744821133581523
11.727511470356259
11.75811371765965
11.719510642379834
11.726172829215244
11.672750318101494
11.6874621489573
11.668729797393617
11.635203530095652
11.608312203143226
11.608310545613223
11.608309225365534
11.589447481974636
11.561099358850958
11.561097525370565
11.559744209943604
11.539449841708315
11.525899346395516
11.513691691338293
11.501469127568297
11.479711267519265
11.451090830169434
11.45791008450476
11.457907619653863
11.451085977403048
11.42102630126197
11.42786348175908
11.40048405039715
11.403223678816948
11.382650628332716
11.384021403459798
11.367537834202007
11.348276913865986
11.353781924827484
11.349651088545732
11.312418503156538
11.311035916307615
11.308271025159028
11.299976653746006
11.286139176832245
11.268126789991973
11.28752158902922
11.269511054822935
11.241745607313382
11.230620462470927
11.211124547939395
11.226443430774191
11.209728289176864
11.197175306706766
11.18460911997447
11.188797546479119
11.186003360583316
11.16642962249264
11.156628961822951
11.163628261967853
11.142613555929604
11.124368433318285
11.111718931060055
11.11031153560113
11.12155540931397
11.093421044003719
11.08637480485693
11.092010040425512
11.075092331088218
11.079323434530988
11.07226950534686
11.051080442441265
11.052492974940165
11.044006255675127
11.031265908434449
11.036929146014266
11.025596492136062
11.021343460649113
11.039757160829213
11.008575129810156
11.015668089719798
10.985840957407587
10.98299523950379
10.990105664546268
10.98157132200691
10.941658986061723
10.925938421139412
10.951649360578283
10.917353309674521
10.925937090061776
10.895863240399743
10.94165396667435
10.915918938458056
10.895861102512585
10.892991162480161
10.885816768092342
10.900159605620688
10.891554675449804
10.867139700997688
10.881506665377293
10.877198253472976
10.859945799728164
10.823916589403543
10.864260088456913
10.82535825299389
10.842664881166527
10.828243468367704
10.831128180828312
10.781968053654488
10.80946740246123
10.795002889950348
10.809466004404168
10.914483838391666
10.797894310605706
10.802233913445198
10.773265657271592
10.813797685089792
10.7732651275128
10.752940731965428
10.78341151909935
10.80223070436561
10.771812436152217
10.732576306966333
10.776161770427597
10.744215609873567
10.751483512561455
10.731118044044695
10.734029190196077
10.703417046280324
10.701956937827319
10.723833251871136
10.701955524605125
10.7180030780366
10.694652192274104
10.696112846174316
10.723830317429503
10.67710423165144
10.693188828864889
10.663925284724579
10.684417596888759
10.675638800532282
10.685879166645812
10.653662159942966
10.656594314730656
10.66978051065602
10.659524530259802
10.61693094826813
10.618402104808727
10.653658893508945
10.653659318767923
10.653658718861248
10.663918998251303
10.634574472970606
10.603674856468386
10.622813422377918
10.644852865887808
10.622812564439537
10.609565830410595
10.581547141352106
10.622811374602492
10.599250340610597
10.574160316853307
10.583021076065181
10.624280491268879
10.565289304481079
10.588925440245967
10.596299511456596
10.571202035662994
10.58301987339977
10.57858917897776
10.565287516174582
10.569722806209926
10.571200568476288
10.575633866401786
10.569721217685489
10.551967328582345
10.551966666697057
10.572676663875674
10.546041538861271
10.517854049876592
10.565283900224047
10.508936450046829
10.54159487378221
10.51785247125262
10.535663653119261
10.538629156928405
10.49852235919344
10.514880017401483
10.504472680805343
10.531211792579592
10.529727263261623
10.488097132422224
10.491075954800712
10.497030915125519
10.505957926202669
10.532693991537197
10.495541560907295
10.52527305066981
10.461244688338946
10.48809529476029
10.485114300387815
10.497028763652386
10.495539993180397
10.495539699999691
10.49553926226675
10.458255836124012
10.459748764493195
10.465721978222769
10.488091698859806
10.462735487857891
10.48809208801468
10.429829266451728
10.447790215371503
10.446294209530036
10.48362015361799
10.461239952831706
10.437315306004345
10.470198055068058
10.470197234163734
10.435817027441635
10.441804142668447
10.447787985064412
10.43132441609662
10.426829177809147
10.432821648194333
10.423831083607405
10.43731271722443
10.435815228862385
10.423830405321349
10.404325156926332
10.44329801539951
10.417832171014426
10.39981884393984
10.381774108295405
10.37876322750118
10.40282216965475
10.401320103129319
10.381773009479895
10.390799125219852
10.401319466866003
10.405824831167891
10.386286496875298
10.396811703929378
10.38327665857616
10.39230198633386
10.405824424691898
10.342566933523008
10.405823547232648
10.380265791204819
10.368216654269775
10.378760205745326
10.395306921315079
10.354644625408705
10.383275007516525
10.356152763218487
10.387788119156593
10.368215827365455
10.369722034035085
10.344075240824175
10.342564042600216
10.37725292719717
10.354642900426741
10.37273443834657
10.357660147485998
10.3772519362186
10.366706591744519
10.319877303460506
10.351623111830806
10.362183582882828
10.327444619853202
10.347093580265787
10.342562422183134
10.34860338435642
10.331981338200592
10.319875724821088
10.32138991445075
10.324416807073144
10.333492736216407
10.319875408304656
10.328955445331781
10.33651615486514
10.315331305891203
10.378754220798953
10.342560279368817
10.304722608104022
10.327441378171626
10.325928520448832
10.341048587135132
10.309269644333185
10.333490951089937
10.300171891929669
10.327440914381725
10.315329689866386
10.288028629366961
10.295619605041946
10.315329158808272
10.336513579571927
10.309268309908393
10.303204485667202
10.300170512917033
10.28954631919379
10.313813944453923
10.30775232917954
10.271307501085616
10.288027403114011
10.309267619963126
10.286508128274788
10.303202937923729
10.298652389353471
10.29865228429185
10.274348848174748
10.26826344575922
10.280429620209574
10.278909486139835
10.27738918676268
10.26978481563896
10.260652045545232
10.269784347156648
10.30168474973014
10.286506453296987
10.304717778135021
10.283467937614644
10.274347059423373
10.263696284723338
10.277387912846383
10.257604715431423
10.254558037452838
10.283467108989875
10.26673971240315
10.306232750014605
10.281946998457274
10.295614820845625
10.259127294023207
10.288023409904639
10.277387222516644
10.245410517762307
10.251508644107641
10.236256007205755
10.246935046909377
10.268260435341237
10.242359258945386
10.260648974837622
10.224037219687794
10.272824009927199
10.27130256578246
10.25912585798434
10.256079175269198
10.288021984951655
10.240832915376638
10.222507545194542
10.25607877889715
10.23625463199024
10.216391740030874
10.256078387632972
10.256078530503423
10.230146562018875
10.227091278816483
10.27586390700563
10.239306040019498
10.239306180747759
10.227090818828092
10.25455407733278
10.213331477016842
10.236253290722482
10.233199835262658
10.208740584733134
10.23625303983752
10.222506143448527
10.345570384458238
10.228617814578728
10.240830825482115
10.219448013255597
10.234725951366437
10.211800277913055
10.219447721677557
10.22250521823336
10.234725526683679
10.201083898575781
10.219447481201993
10.205677763314057
10.213329792465984
10.19648719107258
10.199551709077364
10.216388504971365
10.19342176563407
10.230143956221799
10.202614591082845
10.214858922650222
10.230143410280867
10.216387963651004
10.208738008272771
10.17808157624218
10.190355100070864
10.19648662365776
10.179616216437775
10.208737805575595
10.199550577105398
10.193420854724398
10.220974642667276
10.219445419445595
10.194953394188895
10.182685273820441
10.155027548555049
10.190354418359503
10.204144697783708
10.196485508197311
10.219445136889588
10.190354145110026
10.178080079614318
10.204144124417269
10.18728677271066
10.187286698017598
10.165791528873791
10.193419767480048
10.184218555369608
10.230141498535756
10.207205665375508
10.159641145068939
10.190353149639343
10.188819854241455
10.191886442091505
10.17654408584777
10.158102768389629
10.205674355382888
10.178079058466171
10.168863897229288
10.190352741343023
10.207205030025468
10.171936391019473
10.179613994719453
10.165790465345399
10.16117813115655
10.190352381690387
10.201079872644788
10.158101703692376
10.182682809095672
10.153486470415885
10.165789586031408
10.201079441565676
10.13962703447015
10.162715065627555
10.153485995825166
10.16578949006637
10.156563261899489
10.175007104905387
10.175006907946242
10.162714677100709
10.161177022116915
10.156562912549669
10.12266152528156
10.18114722262603
10.148868002763205
10.159638831980104
10.133460357918116
10.164251428649496
10.196482178393007
10.173470844572423
10.176541948932396
10.145787719339877
10.145787604146994
10.176541742588189
10.159638437964391
10.151945860412583
10.161175971535863
10.156561868147941
10.170397872712266
10.159638106604337
10.155023158289726
10.165788049811951
10.122660390792179
10.156561559703372
10.145786958505168
10.148866633726817
10.17193380457028
10.128832691187942
10.155022938172984
10.153484051221497
10.11957246962238
10.131917181539544
10.13345901039406
10.135000494674138
10.124203300745775
10.17654053564422
10.188816019965364
10.14424635936582
10.15502230901864
10.150405421437997
10.136541846659716
10.165786964064075
10.142705731580984
10.150405200016868
10.173468955605653
10.156560453816036
10.131916387698185
10.139624096838014
10.135000030618096
10.151944248727647
10.147325797801482
10.144245527749192
10.158098580493649
10.10411938124912
10.144245587653892
10.131915966346952
10.13191586929412
10.11957102721059
10.15656006960993
10.124202104568946
10.158098260546575
10.15809818040151
10.147325292666745
10.141164217620261
10.128831028311303
10.127288071021194
10.136540777102253
10.11493769432741
10.096383920311453
10.130373010478563
10.153482246230666
10.162711251554994
10.125744691025611
10.131915237851786
10.122658092895106
10.125744508732623
10.124201461828088
10.124201373894529
10.133457012780541
10.121114197386092
10.161173270416853
10.161173178349381
10.118026139302733
10.107210595723249
10.130372531742479
10.096383267783166
10.122657685482336
10.141163123200736
10.121113695417526
10.13345654419926
10.107210301451554
10.15502015082581
10.125744118640622
10.11802568203895
10.125743968398286
10.124200779364871
10.088641965310645
10.134998155914863
10.130371870911567
10.125743797300455
10.09947731251625
10.14886343036161
10.131914078948292
10.110301037033983
10.134997879573435
10.151942035405066
10.138080672150947
10.11802517850195
10.158096540050511
10.124200256219218
10.114936100296498
10.131913825663535
10.111846130325127
10.125743228485222
10.122656746512037
10.13962146114702
10.110300691635626
10.111846030233135
10.122656635417487
10.136539050302835
10.090189908354343
10.107209145200837
10.124199957241052
10.099476644842685
10.122656457140055
10.085543208398798
10.114935660974055
10.131913373004917
10.122656178920645
10.10875473332223
10.110300398576538
10.110300271125121
10.113390734146755
10.121112478033515
10.108754673207212
10.111845552761283
10.08709198762206
10.102570052434134
10.110300060325802
10.127285637326494
10.118024179988149
10.125742609778873
10.131912984279314
10.113390372551454
10.105662542322364
10.087091704405445
10.076242967920637
10.136538231766645
10.101022972383518
10.107208437232462
10.08089380605967
10.110299739934087
10.10411607462415
10.09638119761522
10.130370405720981
10.080893570963141
10.0948333659711
10.09638116752952
10.0932855621599
10.096381108205609
10.121111933092545
10.082443340780102
10.113389893290606
10.104115789421982
10.085542153061521
10.1102994917989
10.113389921714164
10.121111694593875
10.104115769820902
10.107208073731469
10.122655325493598
10.118023589447569
10.131912261951172
10.114934600065734
10.09792826782054
10.114934546892993
10.125741848849254
10.306216237480472
10.094833036857414
10.07314054959769
10.102569137550255
10.11647910729394
10.111844472253503
10.122655011967705
10.127284714050932
10.108753591784602
10.08554181772319
10.10256888245523
10.114934264686152
10.076242127496997
10.104115339389276
10.08554168863725
10.110298941700968
10.083992373205922
10.114934155900707
10.101022126936563
10.128827199289994
10.116478730952853
10.096380384096406
10.107207555511378
10.118023041452295
10.06848562140176
10.116478700860755
10.105661428345066
10.062276279325658
10.082442573641226
10.094832563231218
10.111844085297843
10.102568569380521
10.09638022812466
10.114933931470299
10.104115126087477
10.090188094706251
10.125741229521983
10.08709045878602
10.133453636416887
10.09328454305576
10.108753099255967
10.104114941825804
10.088639257986799
10.05761655924943
10.107207192822374
10.076241595345248
10.107207190527403
10.104114906612988
10.110298526374807
10.068485326145668
10.12111077650047
10.0762415464164
10.118022685280664
10.085541226270458
10.108752950741904
10.097927411499489
10.10102156944714
10.090187794919306
10.080892384740663
10.113388831687747
10.107207042304491
10.096379879353057
10.077792035561165
10.074690714221898
10.090187727448132
10.094832166164194
10.096379848627418
10.06382846186938
10.110298338043176
10.114933580668296
10.077791924665139
10.118022543975814
10.136536657805495
10.118022490577681
10.076241336158105
10.113388681814394
10.116478121910067
10.104114617237096
10.07624131016285
10.114933522040166
10.077791838573434
10.076241286039252
10.068485028764988
10.080892186089956
10.104114592868964
10.049845504467607
10.074690483420712
10.07313946783609
10.087089999176394
10.093284064953819
10.099474327749121
10.118022388156472
10.11647800820163
10.091735896988766
10.087089995229364
10.105660789640577
10.091735883102656
10.057616090181844
10.063828285285586
10.063828291176437
10.071588144621686
10.099474302306438
10.11338851057948
10.09018746125543
10.107206778676467
10.093284014766766
10.119566470023743
10.073139380060637
10.097927051391032
10.101021233752554
10.065380711064831
10.107206750598337
10.090187438895796
10.088638799760322
10.093283987177585
10.090187428070758
10.097927035317232
10.1010212157417
10.07003659994651
10.096379585803424
10.096379587115006
10.11029808139296
10.097927031685712
10.079341982882038
10.096379581407458
10.096379580476377
10.108752674255951
10.097927027708334
10.088638784805454
10.08708995037807
10.125740672180582
10.124197551685931
10.13499545404189
10.079342020173755
10.170392070137492
10.17500019579867
10.162707871152863
10.18114093950926
10.134995601849786
10.136537043043313
10.175000232605361
10.181141012712342
10.228605866876334
10.204135398550127
10.208728271231848
10.26824576229025
10.239293600655069
10.227078373553162
10.249969722601593
10.25911202840956
10.292564148603219
10.259111830628225
10.309249547220052
10.319853439971041
10.307733611434669
10.304701906074447
10.295600155345214
10.31379576488789
10.29560024328765
10.303185690205558
10.338006520525925
10.368190597682524
10.351600485000441
10.339517944502237
10.383249661972084
10.366683562772915
10.413302888472082
10.377228800903291
10.35612755183541
10.402794390195465
10.360653263017614
10.392275146063122
10.431293199587065
10.390771755522898
10.428297299066223
10.41930329739412
10.434288746394643
10.480607215582012
10.431293520091273
10.4761335848191
10.511868219910358
10.51484066018537
10.456726568267602
10.491037638069015
10.569679083384257
10.587403542591405
10.517812359458704
10.523753074449571
10.581499037884768
10.526722272303145
10.548963239540607
10.5356243228776
10.584452084400542
10.615407359358569
10.585928362131133
10.59920369827433
10.610990630539684
10.627176189350221
10.62276433819921
10.64627276980091
10.627176189350221
10.65067467641594
10.659473352601596
10.68290106251216
10.672657418057579
10.656541461973227
10.675585150561522
10.67558538643275
10.70481756433561
10.716488248152748
10.675585417696865
10.69751718754268
10.723775803024353
10.719404175668355
10.713571757530627
10.713571973777958
10.773201263228684
10.784797821750875
10.793487128741269
10.742701013415338
10.800722867445645
10.793487234856386
10.846917212083882
10.833944785252896
10.802169581397369
10.823844541008784
10.846917212083882
10.83538710827859
10.838271010760906
10.842595047560375
10.848357540636238
10.864189563652044
10.839712621775293
10.865627647530815
10.895784223621408
10.854117538112261
10.911547050073567
10.961551164466972
10.964401748238798
10.921566345592543
10.928717440215147
10.924427247252916
10.937292346132658
10.958699925703431
10.951569011569944
10.95870025579489
10.988600990296014
10.957274401008032
11.004231290092168
11.024091912779676
11.028342936268688
11.00707086038082
11.07076557431057
11.056642920947304
11.052402874459949
11.041087227752202
11.222157512135512
11.072176841961676
11.076409593713688
11.04391727815578
11.08627985816195
11.06935418202502
11.089098360844218
11.08627988557966
11.093324669503142
11.111620070757441
11.110213894475013
11.14391537726659
11.134096290721542
11.098957406761004
11.127077307968799
11.159327826376176
11.131289450628746
11.177515244363793
11.170523756719009
11.178913154248827
11.195673168049256
11.155126591508367
11.156527608369583
11.215194682527372
11.191485445547919
11.178913232883671
11.244413772422142
11.215195085079682
11.233291763374787
11.276328714566723
11.315059838310294
11.245803556702931
11.244413991282967
11.284639426672168
11.288792666893762
11.323342454989342
11.337132906224245
11.304007707697592
11.301242808814418
11.302625386856274
11.338511220273663
11.313679474045944
11.40446522634158
11.37840408766819
11.372909966675145
11.386640483585072
11.389384600468542
11.419526301640953
11.382523147471412
11.397612889045108
11.4536816141568
11.4427629857555
11.40446562636256
11.485015045656644
11.431834085003866
11.44139756138093
11.429100148861735
11.414052236366745
11.491815374387881
11.491815516009211
11.478210901544523
11.483654679094485
11.525756619664154
11.525756654965225
11.497252757720982
11.536596909741075
11.517620112597772
11.531178287956436
11.550132774611573
11.632360040338263
11.571757178230358
11.585252041478146
11.602771612981298
11.605464782202782
11.589297491188352
11.574457519155104
11.612194446050838
11.581205359477455
11.644443267780828
11.629673531592056
11.661874017466177
11.640417139861531
11.661874039587522
11.657854062809422
11.669910343071695
11.722011309145769
11.69532165448299
11.681954343798502
11.7019999177496
11.675264801312322
11.700664648613602
11.715344639827874
11.716678483399429
11.747310177490316
11.775209025041445
11.769900058433437
11.78184151359694
11.818916413756892
11.797745274097029
11.81891659150353
11.808335562880874
11.793771601350524
11.829488041058617
11.841369789674024
11.844008505961053
11.828167183426634
11.86641401010664
11.866413989543855
11.84268926719995
11.859828829285833
11.842689398633867
11.874311957927464
11.897973876089944
11.918967168611939
11.894033535270669
11.915033660921273
11.935997007643666
11.954309856259673
11.953002740835265
11.968678723599364
11.90978730384771
11.980422400630676
12.010381602317855
11.956923784735197
11.962149810203666
12.015584338305239
11.97520449345485
12.003875168724484
12.044158822603078
12.012983393998203
12.04545607446309
12.036372592130625
12.054532654728499
12.066192750127463
12.067487623877536
12.073959909232384
12.12819018270366
12.099814369692577
12.11916876640941
12.12819030212156
12.1294785750916
12.1320546559839
12.157785379776328
12.123036176155999
12.1049785819795
12.164209750103506
12.179613870193684
12.161640585836427
12.166778423997735
12.192435944530315
12.214202504240994
12.234653012915407
12.211643684577863
12.202683804985746
12.218039444171499
12.262717188258518
12.260168528795088
12.291988321742535
12.26016860532334
12.267812705059502
12.25761945009017
12.25251959929426
12.323725971126601
12.299612874686874
12.314847758928707
12.311040869495601
12.300883217030952
12.349057470432049
12.368021855935005
12.373074116134443
12.35538214219485
12.321190179688779
12.360439674603983
12.395784023439353
12.405863970177657
12.388218792637868
12.408382755968894
12.4347981220478
12.407123493776448
12.43354163726476
12.456141115306616
12.438567316179062
12.487461531441419
12.488712785138558
12.457395569283777
12.46742572210472
12.508714762883942
12.504966762202097
12.507465668523832
12.549867953508237
12.479951942399417
12.587163249965807
12.568529446748594
12.539903937981938
12.602050463016758
12.57971318181083
12.571015634141185
12.640427950488611
12.609487463672151
12.590886779873466
12.608248372865253
12.619396754786463
12.620634979116488
12.599570778406362
12.676224412462549
12.640428133551032
12.679921702038637
12.666359653585642
12.695930831770596
12.700852763313978
12.722977434838814
12.71806416138143
12.715606966744575
12.705772759734838
12.740159084082647
12.764663968962541
12.738932636457665
12.757317498418637
12.7768988698051
12.817191127422326
12.813533421407273
12.776899006325626
12.791565525140813
12.824503471979632
12.825721719784962
12.824503358664332
12.85127933155223
12.888914766484643
12.88163911101681
12.89739781266218
12.881639092648484
12.896186384251433
12.903453861417502
12.907086131332711
12.916766965398155
12.905875466448467
12.946973072724596
12.996359147959847
12.94214489648693
13.019181919747759
12.940937594082238
12.959035884405175
13.00477225858193
12.987940759296414
13.02877953628015
13.031177833074498
13.062315613704063
13.034774522027458
13.079051326266656
13.068295148835317
13.086217300978642
13.092185892390553
13.123178865790393
13.081440529943352
13.117224435369275
13.161224012224038
13.815711513806223
13.179019768195326
13.174276633285837
13.152911072847663
13.179019773296604
13.180205387108566
13.21335700647745
13.201526698117073
13.21217452745444
13.226358227702717
13.251143140386366
13.24406646837591
13.257037565478901
13.261751178973407
13.313490511925147
13.28411788699037
13.284117984344054
13.308795321773133
13.309969336464928
13.309969322899144
13.324048907585693
13.331083084603145
13.335770525033908
13.347481965000751
13.375547284785403
13.391891657043942
13.41986427193401
13.393058372678416
13.391891717225379
13.419864209084716
13.443130191686981
13.403554105011636
13.428011932153046
13.45823153840677
13.479113136059485
13.472156169950205
13.488383521990853
13.535794240671152
13.503434130784923
13.570380070221688
13.525401260835721
13.545025788890023
13.587640079149445
13.578437515799408
13.563470030781644
13.592239000417681
13.572682746473872
13.64043431539897
13.63585160948811
13.61061926296067
13.623241318839119
13.633559745838717
13.648450401343778
13.679325249540874
13.681609456164146
13.687318459699222
13.695307011092847
13.705571203065084
13.723799656179308
13.720383643231091
13.752233222209842
13.761319584116016
13.760184131584886
13.794207358417873
13.797605094662257
13.784009217883936
13.814581088945456
13.838312528056722
13.81684301497765
13.841699447730253
13.876648819952253
13.858621444986763
13.891278830139436
13.869891317185337
13.910387250038019
13.901398390988515
13.907017077409803
13.957483973928236
13.955244897465874
13.986559594513897
13.94964558431312
14.006653542749968
13.999958789830112
13.986559623479227
13.986559671284509
14.035627340878383
14.0033065916714
14.052315852461785
14.064541465105126
14.085633497119634
14.075646464463157
14.09117877044362
14.112230931566621
14.111123721397894
14.133251784112536
14.150929271223458
14.174097568161686
14.192825157768084
14.179608260107697
14.208229351052763
14.209328988406966
14.213726771988178
14.210428594602218
14.249956719568774
14.277342455672034
14.289375565836517
14.299213288012963
14.298120558833617
14.328685936988954
14.306860188969546
14.31013619424968
14.371150816074719
14.375499130653774
14.379846088493276
14.393964655397616
14.374412191865801
14.402646146807657
14.436237524793679
14.406984909167491
14.423243706662397
14.449219688549547
14.468671074841081
14.489174784277473
14.522566010122416
14.539770198587945
14.507495614084363
14.53869553514162
14.554807176994329
14.55480717407491
14.588048184889812
14.597684623759127
14.59447319063525
14.606245007183288
14.63830185800743
14.61586945156358
14.653237728017979
14.6660277903097
14.69795424867758
14.693701396104547
14.701143082135282
14.719200082484738
14.740415291391404
14.74359493997715
14.769007483471198
14.797544424832559
14.800711799363087
14.831294878629208
14.833401734297935
14.847088996915733
14.82813403670753
14.878626929978243
14.935227373908932
14.900663758275345
14.891223395058176
14.920573802675632
14.92894902299212
14.956136128223788
14.987444573643197
14.99369843797142
14.992656302014309
15.002032848840715
15.020768350362063
15.038441554584486
15.055056201990114
15.068542132869343
15.073725801887663
15.109961765969638
15.116164925216458
15.12649784567775
15.154361594972082
15.160546572309501
15.184232387131196
15.188347859235282
15.214044501953895
15.184232353699871
15.245848146487367
15.258141430542558
15.277585606548781
15.286787376591638
15.288831437905596
15.311298328482263
15.343918746539865
15.346973316702432
15.380533997541683
15.387643502352928
15.385612537629758
15.419089095911472
15.423141888723421
15.452493115068247
15.4595695176266
15.470683042335908
15.518078592209568
15.496919760259928
15.503975864596
15.518078554399912
15.587398058852663
15.597418839831104
15.608434261480083
15.621442395577468
15.649423304655869
15.658406533082825
15.654414603759044
15.690305293252148
15.698269786717757
15.697274433059635
15.749941275341882
15.735053463088752
15.770760539799328
15.776703914521352
15.804409894900811
15.810340537620602
15.860661847420632
15.88822143659297
15.88920483193367
15.879368116293634
15.901000642279373
15.952994924325656
15.96670096446973
15.970614748273677
16.020432618887792
16.004820164551628
15.996031447563334
16.041874812616804
16.05258526045239
16.062315799859576
16.09244299920777
16.142852683703282
16.138980612347112
16.169931377562555
16.19503522598931
16.201787191887096
16.220100265363037
16.22684185350971
16.27491544057921
16.28163434135554
16.29602278267674
16.338155841577237
16.350583357527896
16.329546551295483
16.37350178845585
16.391622916459976
16.426854044296267
16.450616069288944
16.47624059501711
16.498037490737484
16.516021972227282
16.535876680430963
16.563256092871544
16.60188796011531
16.615999046886145
16.59624001968429
16.629158409757576
16.660136472520765
16.66294961331068
16.702286296481898
16.733128726044555
16.837385903359063
16.77509533046159
16.815098756361945
16.847589608252832
16.799294717988065
16.847589536389773
16.86056831455401
16.919773328886215
16.90776402192564
16.994408838517025
16.956671309758836
17.010031427210208
17.057729603978967
17.0549813884318
17.084272504935885
17.114426735139226
17.136323592108827
17.16456567241439
17.174576003976615
17.20547982388738
17.21455869626236
17.239047701007717
17.297860332841907
17.328544414460154
17.31862310314021
17.380762747630044
17.376267318358355
17.42385953097873
17.457007539895734
17.500809394714768
17.49187907226613
17.543611312586858
17.546283045911366
17.57564429155912
17.63244832169528
17.637764165586326
17.65547261945055
17.710256084290215
17.724366291317807
17.749912435205733
17.79211504810923
17.78333100456751
17.855232078491092
17.86835324734952
17.894567011227185
17.903296298751783
17.932944496346902
17.990357102426426
18.017260655898873
18.044123999093337
18.053646340184066
18.102047122126066
18.139985620508252
18.170107461566204
18.205329623907193
18.240483676381462
18.270439771500115
18.296931410649478
18.33190971413566
18.354056580614145
18.40166715708792
18.427122218364513
18.461853920251375
18.52100170770653
18.520157973972196
18.561451114586184
18.605172019029233
18.621960409848693
18.658841778517033
18.704841302163747
18.75572682018073
18.787356377972227
18.818102408456973
18.862885173443164
18.90094975715095
18.921604897875575
18.95790321376797
19.006467308419353
19.020437314092092
19.091770810148493
19.104860674865826
19.1522363592792
19.183212015770287
19.21657729396434
19.256376878179893
19.29933284980651
19.336538325212857
19.376898002080793
19.44210275390549
19.459774860851958
19.495872696823206
19.536702768242986
19.606158120289475
19.654710288714046
19.695210929130667
19.72533406051888
19.77991394692041
19.816216851000593
19.850879307156408
19.907469661973103
19.963899618870244
19.988146748980135
20.054480285944784
20.09884031855288
20.1438782055623
20.230564200661888
20.242145728646292
20.28224362244477
20.362203114468674
20.398236067509668
20.441849558465975
20.48003085732892
20.55922128195954
20.583525941681422
20.672147680084677
20.718955656741674
20.776189496761713
20.80024058108169
20.880461341186948
20.931282696220265
20.99463654233458
21.036270940763707
21.102271418286133
21.15772993030596
21.219671260732962
21.28510300894862
21.335692920780133
21.391276383517482
21.464921574228057
21.547743127596178
21.59699408563833
21.683635347275022
21.725387754222584
21.78141158804958
21.860890353133062
21.903017839135533
22.00266006863285
22.07638846460015
22.1202251729011
22.223814989486776
22.284896492488972
22.342314254060067
22.426772272225286
22.50883124957114
22.56775638078798
22.65827035401619
22.7394938510374
22.81358046654546
22.90244126368129
22.966479774335475
23.04254862789238
23.12782765534158
23.224232432656223
23.3202390177144
23.398496699673743
23.509746848146612
23.58340089859578
23.66739067195962
23.760291367873837
23.85283024417265
23.95349256456892
24.044637978031357
24.136733928096394
24.267785504426946
24.350697486694177
24.44611458592447
24.57042950322098
24.692853039604813
24.79073438895753
24.891997398311787
25.023463711119508
25.135601539918873
25.248479110987766
25.347296715427124
25.50460898894889
25.616470289808667
25.754552102877078
25.886465984400285
26.004495647675753
26.130962883095535
26.277044762398567
26.419953552638823
26.56268140338543
26.7180998313581
26.859824983163985
27.010641145966073
27.178447320603933
27.341795288222677
27.501900619814723
27.664467361325123
27.85694975353081
28.012437480806465
28.18702795833833
28.381470945315066
28.55216354778144
28.757178696860407
28.94833144000355
29.158063003904218
29.36895586680702
29.56672214770379
29.796751754598734
30.012006767540083
30.254661145821462
30.502557674106537
30.764709891806447
31.00046481537249
31.25794168124672
31.543047182379414
31.80742935588295
32.09057375080528
32.39343496243085
32.70782427039582
33.02111190669641
33.345044730945936
33.68905715807407
34.052539771921246
34.41717588123486
34.80358558104727
35.19019108115419
35.60727459996173
36.038174732949436
36.48625487554181
36.96653143619384
37.448990715395134
37.98417574631107
38.51597840001658
39.09612132647107
39.69337027987034
40.31936651969513
40.98918421388512
41.70483269711242
42.46362550136933
43.25895857379676
44.10656662695339
45.01599044222473
45.9971518167455
47.03791764485119
48.17789457221182
49.40357149199897
50.749379795324344
52.21171303641611
53.82693344122938
55.60868110662333
57.60795480305294
59.85044510093796
62.38980059102238
65.31363523464852
68.7249611982756
72.76178082147806
77.64133964117613
83.72406748945988
91.57170875878687
102.24103922392023
117.96158537307619
144.52509555585843
205.5072070065968
255.5154329270191
7.714370620206396
3.901037646893995
2.603490622687731
1.9497947060094674
1.5555764202501106
1.2923523171842894
1.1037659202982917
0.9622863948445367
0.8520675404083661
0.7637134187647423
0.691611397989272
0.6309730620462911
0.5800194559106233
0.5361931509904673
0.4982542541775299
0.46503969728778194
0.43549255527646297
0.40955480780482945
0.38594969060429474
0.36498234789758
0.3457701781002543
0.32838594267802335
0.312804963739835
0.2982073714526341
0.2845790113274503
0.2722695286743227
0.26074434810361174
0.2501000283639688
0.2401057401476339
0.23089679119912007
0.2222708805643239
0.21402644189590733
0.2062494293581138
0.19895232330323606
0.19196442369849373
0.18567341611647234
0.17959722309421025
0.1735169092322006
0.16819633823227123
0.16289664339278226
0.15781605908008747
0.15302469560721219
0.14854460639316974
0.14403516982673897
0.14012732727700816
0.13593112644410074
0.131988943683645
0.1284545571634305
0.12481227017442616
0.12139483507762297
0.11810828032134857
0.1148608549449944
0.1118051161959084
0.10888795707622866
0.10607588876176288
0.10323091763068139
0.10062294604416483
0.09808102404619153
0.09548691764058037
0.0929030397797937
0.09068482686119866
0.0883814563699445
0.08598601803136102
0.08397519295699607
0.08194792473545218
0.0799547038801398
0.07779402436070076
0.07584456660315772
0.07396798096284925
0.07201204723017335
0.0702629875324741
0.06852660330691097
0.06681502274165586
0.06498798782770551
0.06328136481242302
0.06180693480773773
0.060342455631314434
0.058594446376794965
0.05729841745450276
0.05575239185772687
0.054240353971898025
0.05282561755516272
0.05156899200466495
0.050164313359866805
0.0486484422281308
0.047439031024215476
0.04613311673099583
0.04493998662574819
0.04366346749296873
0.042549084052374925
0.041130521612910316
0.039839012931438385
0.038738207720794164
0.03754094804465273
0.03647699935518314
0.03553091682650705
0.03429345712651831
0.0331818366876565
0.03228761388132881
0.031179797211840884
0.03003028930016593
0.029045274321671418
0.028176279515039142
0.027044236470769846
0.026124120850634723
0.025344359446563814
0.024355858325136873
0.023422874914288485
0.02237735751929424
0.021646263587814893
0.020733659759415546
0.020080422919783975
0.019253449402754676
0.018435307489573286
0.017824878239851127
0.017129112155964226
0.0162997760177085
0.01572281981021796
0.015111280801010431
0.014528819285923917
0.014028680802070901
0.013591737985380605
0.013247146894470518
0.012971056724407728
0.012632786851767252
0.012470174761805987
0.012342523596144211
