0.00000000
-0.85718899
-1.74087765
-2.67976689
-3.71056987
-4.87876257
-6.25063328
-7.92665724
-10.07032191
-12.96948355
-17.19124233
-24.03789434
-37.30167654
-74.72397386
-970.86798022
95.56679693
47.03603852
31.76384964
24.25600333
19.77587222
16.78798326
14.64698030
13.03430362
11.77111144
10.75385629
9.91401215
9.20956641
8.60802689
8.08877729
7.63353156
7.23167267
6.87518074
6.55530813
6.26651738
6.00372940
5.76437637
5.54607335
5.34465074
5.15770696
4.98523214
4.82476403
4.67541150
4.53816572
4.40149748
4.27873625
4.16283953
4.05288138
3.95006947
3.85145158
3.75799593
3.66924242
3.58561991
3.50474052
3.42829162
3.35546821
3.28573003
3.21856369
3.15435610
3.09289774
3.03340789
2.97701949
2.92221356
2.86954400
2.81876792
2.77019335
2.72343845
2.67738500
2.63366289
2.59085081
2.54934402
2.51053822
2.47124600
2.43322585
2.39819909
2.36294021
2.32848104
2.29573051
2.26330851
2.23218513
2.20241211
2.17239353
2.14313311
2.11555850
2.08793513
2.06164070
2.03609364
2.01029994
1.98606329
1.96156353
1.93813111
1.91521102
1.89270000
1.87093399
1.84996292
1.82919787
1.80860326
1.78833404
1.76880984
1.74978028
1.73221046
1.71340778
1.69582674
1.67789821
1.66080937
1.64385075
1.62650768
1.61081906
1.59505544
1.57985412
1.56447572
1.54939447
1.53432928
1.52003658
1.50610028
1.49168814
1.47881283
1.46529827
1.45214917
1.43870213
1.42658823
1.41428621
1.40162241
1.38920007
1.37778186
1.36595598
1.35429137
1.34285678
1.33381492
1.32135420
1.31059007
1.29982422
1.28996228
1.27910100
1.26887037
1.25927930
1.24938844
1.23949503
1.23060112
1.22090171
1.21123589
1.20256572
1.19392973
1.18496497
1.17573680
1.16765658
1.15859316
1.15026804
1.14157121
1.13400247
1.12601022
1.11790454
1.11050501
1.10268554
1.09544848
1.08734841
1.08182520
1.07297039
1.06637385
1.05878015
1.05143537
1.04453346
1.03805823
1.03106176
1.02412370
1.01753906
1.01127854
1.00456444
0.99794380
0.99145386
0.98569059
0.97942655
0.97349783
0.96783327
0.96176702
0.95558954
0.95023948
0.94414940
0.93910178
0.93298709
0.92753199
0.92202247
0.91641435
0.91139646
0.90726024
0.90034530
0.89571797
0.88998491
0.88505067
0.87999575
0.87493953
0.87001539
0.86540114
0.86012882
0.85566249
0.85090544
0.84645166
0.84141966
0.83723681
0.83246421
0.82779574
0.82356728
0.81885145
0.81527125
0.81063865
0.80602076
0.80123164
0.79821060
0.79345260
0.78921615
0.78549247
0.78175769
0.77793253
0.77285671
0.76911033
0.76586355
0.76184203
0.75806639
0.75378291
0.75033593
0.74654571
0.74348449
0.73944192
0.73560046
0.73201527
0.72856284
0.72471286
0.72147048
0.71779605
0.71475867
0.71102532
0.70783158
0.70443874
0.70094858
0.69774046
0.69474211
0.69154106
0.68800358
0.68450082
0.68204991
0.67831385
0.67531880
0.67250913
0.66893743
0.66614718
0.66326034
0.66002854
0.65716620
0.65426899
0.65162649
0.64840203
0.64596847
0.64251850
0.63963368
0.63741404
0.63402141
0.63175289
0.62856685
0.62660711
0.62260247
0.62075462
0.61785183
0.61542942
0.61248884
0.60964723
0.60719259
0.60456025
0.60203655
0.59939762
0.59724959
0.59424597
0.59245430
0.59021378
0.58731560
0.58520239
0.58267214
0.57993925
0.57765573
0.57496705
0.57272097
0.57055961
0.56817011
0.56595016
0.56341070
0.56179628
0.55912853
0.55701964
0.55436086
0.55187967
0.55048227
0.54795981
0.54530968
0.54419060
0.54134078
0.53932812
0.53728956
0.53533672
0.53398533
0.53126588
0.52912194
0.52707438
0.52525094
0.52295019
0.52112814
0.51910149
0.51690682
0.51509075
0.51281915
0.51097169
0.50950872
0.50728481
0.50458590
0.50330186
0.50140717
0.49990480
0.49744129
0.49519681
0.49414648
0.49235162
0.49021560
0.48893724
0.48664485
0.48443094
0.48309493
0.48075341
0.48021123
0.47780885
0.47584540
0.47411151
0.47290793
0.47093848
0.46913843
0.46723570
0.46539196
0.46453478
0.46224276
0.46063921
0.45909972
0.45743312
0.45622551
0.45396708
0.45219515
0.45086990
0.44932296
0.44737430
0.44630416
0.44469597
0.44307075
0.44135516
0.44028563
0.43929826
0.43705777
0.43591533
0.43428609
0.43205221
0.43089663
0.42918496
0.42809692
0.42630255
0.42532865
0.42365375
0.42186093
0.42074626
0.41944442
0.41787531
0.41608980
0.41411194
0.41318216
0.41244870
0.41045124
0.40934191
0.40798000
0.40615724
0.40473032
0.40411087
0.40245794
0.40073709
0.39972673
0.39863941
0.39696358
0.39618071
0.39441653
0.39267725
0.39158847
0.38971618
0.38889995
0.38760844
0.38653152
0.38543771
0.38415880
0.38291544
0.38119767
0.38013506
0.37905557
0.37743955
0.37622840
0.37533792
0.37426136
0.37283426
0.37147867
0.37049418
0.36883240
0.36754065
0.36629607
0.36616416
0.36445254
0.36269086
0.36184006
0.36035511
0.35951092
0.35873713
0.35736868
0.35563135
0.35505897
0.35405125
0.35234298
0.35159800
0.35016069
0.34965999
0.34808229
0.34714841
0.34615598
0.34510598
0.34391046
0.34300516
0.34133387
0.34048229
0.33938356
0.33824525
0.33714905
0.33563550
0.33515112
0.33467580
0.33307150
0.33204110
0.33060087
0.32985070
0.32884802
0.32794386
0.32685139
0.32633474
0.32429362
0.32365742
0.32321776
0.32210656
0.32001217
0.31972136
0.31881327
0.31699859
0.31688201
0.31604146
0.31430442
0.31354756
0.31295285
0.31142714
0.31090913
0.30967148
0.30831307
0.30779072
0.30722379
0.30576561
0.30510019
0.30374962
0.30265077
0.30265555
0.30087952
0.30114873
0.29925094
0.29827997
0.29733350
0.29689016
0.29559552
0.29480431
0.29420720
0.29312483
0.29133103
0.29112856
0.28990321
0.28947071
0.28812153
0.28718104
0.28678778
0.28585144
0.28483480
0.28386597
0.28329702
0.28224121
0.28091321
0.28073238
0.27959412
0.27962661
0.27828395
0.27670426
0.27671848
0.27601677
0.27477264
0.27347902
0.27298964
0.27186295
0.27104967
0.27013472
0.26984812
0.26894544
0.26809626
0.26731638
0.26599693
0.26538601
0.26455094
0.26420209
0.26313430
0.26206846
0.26194671
0.26043400
0.26007300
0.25924067
0.25842580
0.25750917
0.25695424
0.25610891
0.25485144
0.25454224
0.25374136
0.25358289
0.25180406
0.25104563
0.25030787
0.24948413
0.24927300
0.24829063
0.24720714
0.24661168
0.24567695
0.24524939
0.24418860
0.24336495
0.24301560
0.24188403
0.24169820
0.24032387
0.24012660
0.23945717
0.23856618
0.23786559
0.23688217
0.23630888
0.23559005
0.23526055
0.23362767
0.23302588
0.23263467
0.23167486
0.23117552
0.23051104
0.22911016
0.22901387
0.22875114
0.22777638
0.22687507
0.22683734
0.22563068
0.22507110
0.22419134
0.22371209
0.22231018
0.22188075
0.22075168
0.22043343
0.21988685
0.21965203
0.21825476
0.21738300
0.21707267
0.21617721
0.21594453
0.21545753
0.21405731
0.21382200
0.21349739
0.21275287
0.21243837
0.21130562
0.21093650
0.20997451
0.20952307
0.20872761
0.20764640
0.20747033
0.20609056
0.20592377
0.20529778
0.20455456
0.20396913
0.20301760
0.20244585
0.20204902
0.20136548
0.20100825
0.20004683
0.19982928
0.19923608
0.19836703
0.19763425
0.19726215
0.19646825
0.19588284
0.19524595
0.19491404
0.19407288
0.19316558
0.19285040
0.19227816
0.19124806
0.19085124
0.19021648
0.18944617
0.18927020
0.18815505
0.18789005
0.18733033
0.18585046
0.18556967
0.18501777
0.18492976
0.18422453
0.18345622
0.18332133
0.18218725
0.18217922
0.18147863
0.18032700
0.18002963
0.17928604
0.17921112
0.17813304
0.17745263
0.17756514
0.17603162
0.17558102
0.17505244
0.17526426
0.17439745
0.17411286
0.17332495
0.17228530
0.17155198
0.17135175
0.17050892
0.17034411
0.16911209
0.16904403
0.16901352
0.16803058
0.16743376
0.16670609
0.16620756
0.16576773
0.16491309
0.16440169
0.16385547
0.16311405
0.16274785
0.16221620
0.16224067
0.16161015
0.16095759
0.15978477
0.15929514
0.15872463
0.15808400
0.15767156
0.15733666
0.15653177
0.15658617
0.15590148
0.15555090
0.15445956
0.15419877
0.15383390
0.15323440
0.15225671
0.15179481
0.15161054
0.15133631
0.15080891
0.14997559
0.14975960
0.14854534
0.14837440
0.14792035
0.14718818
0.14689661
0.14585416
0.14566166
0.14532470
0.14478132
0.14350896
0.14334451
0.14299041
0.14167854
0.14119878
0.14156453
0.14106114
0.13993049
0.13989314
0.13917220
0.13894846
0.13842167
0.13777092
0.13732422
0.13686575
0.13600349
0.13534153
0.13517187
0.13507267
0.13425407
0.13381445
0.13309649
0.13277216
0.13192891
0.13157271
0.13172677
0.13045185
0.13058103
0.12960042
0.12913733
0.12884021
0.12828144
0.12770089
0.12702168
0.12690911
0.12593811
0.12620629
0.12564816
0.12484489
0.12424262
0.12394131
0.12306873
0.12319361
0.12238375
0.12163597
0.12138591
0.12098459
0.12011298
0.12000628
0.11925920
0.11921770
0.11792834
0.11798396
0.11754391
0.11740836
0.11635715
0.11616708
0.11588528
0.11502219
0.11465884
0.11406646
0.11303548
0.11323809
0.11266578
0.11198505
0.11165156
0.11141679
0.11106882
0.11115421
0.10943478
0.10921384
0.10876887
0.10839679
0.10808062
0.10746485
0.10731712
0.10638018
0.10605870
0.10568931
0.10502641
0.10485630
0.10401774
0.10365005
0.10340890
0.10277078
0.10300204
0.10168420
0.10148136
0.10167617
0.10091879
0.10022063
0.10001062
0.09929264
0.09875366
0.09911184
0.09777121
0.09785168
0.09629536
0.09682167
0.09567341
0.09513375
0.09539083
0.09496141
0.09471531
0.09368408
0.09328026
0.09268387
0.09249726
0.09213056
0.09218081
0.09080198
0.09008890
0.09000590
0.08961539
0.08919349
0.08887743
0.08888491
0.08799551
0.08761914
0.08698487
0.08671191
0.08620203
0.08578309
0.08538832
0.08522369
0.08439681
0.08428107
0.08359960
0.08347019
0.08278589
0.08260109
0.08182800
0.08129193
0.08108847
0.08096014
0.07975023
0.08003054
0.07977946
0.07859047
0.07838198
0.07806720
0.07810991
0.07692200
0.07640524
0.07617282
0.07622003
0.07590477
0.07485154
0.07442983
0.07380712
0.07359699
0.07366034
0.07322827
0.07222361
0.07170379
0.07144383
0.07083269
0.07056667
0.07049934
0.06972346
0.06936037
0.06890885
0.06861672
0.06855342
0.06784879
0.06721494
0.06659079
0.06626540
0.06638648
0.06545029
0.06461523
0.06486866
0.06422981
0.06354568
0.06303574
0.06289580
0.06246952
0.06265270
0.06193168
0.06096798
0.06112691
0.06026548
0.06032463
0.05923442
0.05902553
0.05836936
0.05844040
0.05795952
0.05725660
0.05689062
0.05680140
0.05638161
0.05540179
0.05566508
0.05509504
0.05456112
0.05396918
0.05400213
0.05330540
0.05235782
0.05266614
0.05221508
0.05185911
0.05136244
0.05114021
0.05032956
0.05008642
0.04959695
0.04890116
0.04884686
0.04808685
0.04788420
0.04771783
0.04705119
0.04642351
0.04592205
0.04621880
0.04533917
0.04521802
0.04430336
0.04420912
0.04392538
0.04409731
0.04313680
0.04246330
0.04216087
0.04159947
0.04113316
0.04116115
0.03993361
0.04036219
0.04025376
0.03929283
0.03928049
0.03826382
0.03774831
0.03770622
0.03740819
0.03675004
0.03582639
0.03596730
0.03580501
0.03502804
0.03443963
0.03440654
0.03452321
0.03352349
0.03316981
0.03281335
0.03223651
0.03189768
0.03137213
0.03146145
0.03097942
0.03044160
0.03052456
0.02970914
0.02921223
0.02881459
0.02840178
0.02804232
0.02773588
0.02741052
0.02644068
0.02642513
0.02609116
0.02499076
0.02506973
0.02477720
0.02428829
0.02405625
0.02348473
0.02315216
0.02281024
0.02250376
0.02150604
0.02140725
0.02110475
0.02138457
0.02061175
0.01995896
0.01975976
0.01891395
0.01880408
0.01853251
0.01764443
0.01749357
0.01730394
0.01708465
0.01669184
0.01559985
0.01564045
0.01562476
0.01530838
0.01461888
0.01373611
0.01327298
0.01318876
0.01275779
0.01195332
0.01179891
0.01172811
0.01137455
0.01052294
0.01037676
0.00978299
0.00974319
0.00945380
0.00862680
0.00826134
0.00760768
0.00747438
0.00726625
0.00674030
0.00633517
0.00613820
0.00576207
0.00494124
0.00473837
0.00416994
0.00419167
0.00361859
0.00341357
0.00298716
0.00231489
0.00203950
0.00117140
0.00136670
0.00087969
0.00119685
0.00000000
-0.00119685
-0.00087969
-0.00136670
-0.00117140
-0.00203950
-0.00231489
-0.00298716
-0.00341357
-0.00361859
-0.00419167
-0.00416994
-0.00473837
-0.00494124
-0.00576207
-0.00613820
-0.00633517
-0.00674030
-0.00726625
-0.00747438
-0.00760768
-0.00826134
-0.00862680
-0.00945380
-0.00974319
-0.00978299
-0.01037676
-0.01052294
-0.01137455
-0.01172811
-0.01179891
-0.01195332
-0.01275779
-0.01318876
-0.01327298
-0.01373611
-0.01461888
-0.01530838
-0.01562476
-0.01564045
-0.01559985
-0.01669184
-0.01708465
-0.01730394
-0.01749357
-0.01764443
-0.01853251
-0.01880408
-0.01891395
-0.01975976
-0.01995896
-0.02061175
-0.02138457
-0.02110475
-0.02140725
-0.02150604
-0.02250376
-0.02281024
-0.02315216
-0.02348473
-0.02405625
-0.02428829
-0.02477720
-0.02506973
-0.02499076
-0.02609116
-0.02642513
-0.02644068
-0.02741052
-0.02773588
-0.02804232
-0.02840178
-0.02881459
-0.02921223
-0.02970914
-0.03052456
-0.03044160
-0.03097942
-0.03146145
-0.03137213
-0.03189768
-0.03223651
-0.03281335
-0.03316981
-0.03352349
-0.03452321
-0.03440654
-0.03443963
-0.03502804
-0.03580501
-0.03596730
-0.03582639
-0.03675004
-0.03740819
-0.03770622
-0.03774831
-0.03826382
-0.03928049
-0.03929283
-0.04025376
-0.04036219
-0.03993361
-0.04116115
-0.04113316
-0.04159947
-0.04216087
-0.04246330
-0.04313680
-0.04409731
-0.04392538
-0.04420912
-0.04430336
-0.04521802
-0.04533917
-0.04621880
-0.04592205
-0.04642351
-0.04705119
-0.04771783
-0.04788420
-0.04808685
-0.04884686
-0.04890116
-0.04959695
-0.05008642
-0.05032956
-0.05114021
-0.05136244
-0.05185911
-0.05221508
-0.05266614
-0.05235782
-0.05330540
-0.05400213
-0.05396918
-0.05456112
-0.05509504
-0.05566508
-0.05540179
-0.05638161
-0.05680140
-0.05689062
-0.05725660
-0.05795952
-0.05844040
-0.05836936
-0.05902553
-0.05923442
-0.06032463
-0.06026548
-0.06112691
-0.06096798
-0.06193168
-0.06265270
-0.06246952
-0.06289580
-0.06303574
-0.06354568
-0.06422981
-0.06486866
-0.06461523
-0.06545029
-0.06638648
-0.06626540
-0.06659079
-0.06721494
-0.06784879
-0.06855342
-0.06861672
-0.06890885
-0.06936037
-0.06972346
-0.07049934
-0.07056667
-0.07083269
-0.07144383
-0.07170379
-0.07222361
-0.07322827
-0.07366034
-0.07359699
-0.07380712
-0.07442983
-0.07485154
-0.07590477
-0.07622003
-0.07617282
-0.07640524
-0.07692200
-0.07810991
-0.07806720
-0.07838198
-0.07859047
-0.07977946
-0.08003054
-0.07975023
-0.08096014
-0.08108847
-0.08129193
-0.08182800
-0.08260109
-0.08278589
-0.08347019
-0.08359960
-0.08428107
-0.08439681
-0.08522369
-0.08538832
-0.08578309
-0.08620203
-0.08671191
-0.08698487
-0.08761914
-0.08799551
-0.08888491
-0.08887743
-0.08919349
-0.08961539
-0.09000590
-0.09008890
-0.09080198
-0.09218081
-0.09213056
-0.09249726
-0.09268387
-0.09328026
-0.09368408
-0.09471531
-0.09496141
-0.09539083
-0.09513375
-0.09567341
-0.09682167
-0.09629536
-0.09785168
-0.09777121
-0.09911184
-0.09875366
-0.09929264
-0.10001062
-0.10022063
-0.10091879
-0.10167617
-0.10148136
-0.10168420
-0.10300204
-0.10277078
-0.10340890
-0.10365005
-0.10401774
-0.10485630
-0.10502641
-0.10568931
-0.10605870
-0.10638018
-0.10731712
-0.10746485
-0.10808062
-0.10839679
-0.10876887
-0.10921384
-0.10943478
-0.11115421
-0.11106882
-0.11141679
-0.11165156
-0.11198505
-0.11266578
-0.11323809
-0.11303548
-0.11406646
-0.11465884
-0.11502219
-0.11588528
-0.11616708
-0.11635715
-0.11740836
-0.11754391
-0.11798396
-0.11792834
-0.11921770
-0.11925920
-0.12000628
-0.12011298
-0.12098459
-0.12138591
-0.12163597
-0.12238375
-0.12319361
-0.12306873
-0.12394131
-0.12424262
-0.12484489
-0.12564816
-0.12620629
-0.12593811
-0.12690911
-0.12702168
-0.12770089
-0.12828144
-0.12884021
-0.12913733
-0.12960042
-0.13058103
-0.13045185
-0.13172677
-0.13157271
-0.13192891
-0.13277216
-0.13309649
-0.13381445
-0.13425407
-0.13507267
-0.13517187
-0.13534153
-0.13600349
-0.13686575
-0.13732422
-0.13777092
-0.13842167
-0.13894846
-0.13917220
-0.13989314
-0.13993049
-0.14106114
-0.14156453
-0.14119878
-0.14167854
-0.14299041
-0.14334451
-0.14350896
-0.14478132
-0.14532470
-0.14566166
-0.14585416
-0.14689661
-0.14718818
-0.14792035
-0.14837440
-0.14854534
-0.14975960
-0.14997559
-0.15080891
-0.15133631
-0.15161054
-0.15179481
-0.15225671
-0.15323440
-0.15383390
-0.15419877
-0.15445956
-0.15555090
-0.15590148
-0.15658617
-0.15653177
-0.15733666
-0.15767156
-0.15808400
-0.15872463
-0.15929514
-0.15978477
-0.16095759
-0.16161015
-0.16224067
-0.16221620
-0.16274785
-0.16311405
-0.16385547
-0.16440169
-0.16491309
-0.16576773
-0.16620756
-0.16670609
-0.16743376
-0.16803058
-0.16901352
-0.16904403
-0.16911209
-0.17034411
-0.17050892
-0.17135175
-0.17155198
-0.17228530
-0.17332495
-0.17411286
-0.17439745
-0.17526426
-0.17505244
-0.17558102
-0.17603162
-0.17756514
-0.17745263
-0.17813304
-0.17921112
-0.17928604
-0.18002963
-0.18032700
-0.18147863
-0.18217922
-0.18218725
-0.18332133
-0.18345622
-0.18422453
-0.18492976
-0.18501777
-0.18556967
-0.18585046
-0.18733033
-0.18789005
-0.18815505
-0.18927020
-0.18944617
-0.19021648
-0.19085124
-0.19124806
-0.19227816
-0.19285040
-0.19316558
-0.19407288
-0.19491404
-0.19524595
-0.19588284
-0.19646825
-0.19726215
-0.19763425
-0.19836703
-0.19923608
-0.19982928
-0.20004683
-0.20100825
-0.20136548
-0.20204902
-0.20244585
-0.20301760
-0.20396913
-0.20455456
-0.20529778
-0.20592377
-0.20609056
-0.20747033
-0.20764640
-0.20872761
-0.20952307
-0.20997451
-0.21093650
-0.21130562
-0.21243837
-0.21275287
-0.21349739
-0.21382200
-0.21405731
-0.21545753
-0.21594453
-0.21617721
-0.21707267
-0.21738300
-0.21825476
-0.21965203
-0.21988685
-0.22043343
-0.22075168
-0.22188075
-0.22231018
-0.22371209
-0.22419134
-0.22507110
-0.22563068
-0.22683734
-0.22687507
-0.22777638
-0.22875114
-0.22901387
-0.22911016
-0.23051104
-0.23117552
-0.23167486
-0.23263467
-0.23302588
-0.23362767
-0.23526055
-0.23559005
-0.23630888
-0.23688217
-0.23786559
-0.23856618
-0.23945717
-0.24012660
-0.24032387
-0.24169820
-0.24188403
-0.24301560
-0.24336495
-0.24418860
-0.24524939
-0.24567695
-0.24661168
-0.24720714
-0.24829063
-0.24927300
-0.24948413
-0.25030787
-0.25104563
-0.25180406
-0.25358289
-0.25374136
-0.25454224
-0.25485144
-0.25610891
-0.25695424
-0.25750917
-0.25842580
-0.25924067
-0.26007300
-0.26043400
-0.26194671
-0.26206846
-0.26313430
-0.26420209
-0.26455094
-0.26538601
-0.26599693
-0.26731638
-0.26809626
-0.26894544
-0.26984812
-0.27013472
-0.27104967
-0.27186295
-0.27298964
-0.27347902
-0.27477264
-0.27601677
-0.27671848
-0.27670426
-0.27828395
-0.27962661
-0.27959412
-0.28073238
-0.28091321
-0.28224121
-0.28329702
-0.28386597
-0.28483480
-0.28585144
-0.28678778
-0.28718104
-0.28812153
-0.28947071
-0.28990321
-0.29112856
-0.29133103
-0.29312483
-0.29420720
-0.29480431
-0.29559552
-0.29689016
-0.29733350
-0.29827997
-0.29925094
-0.30114873
-0.30087952
-0.30265555
-0.30265077
-0.30374962
-0.30510019
-0.30576561
-0.30722379
-0.30779072
-0.30831307
-0.30967148
-0.31090913
-0.31142714
-0.31295285
-0.31354756
-0.31430442
-0.31604146
-0.31688201
-0.31699859
-0.31881327
-0.31972136
-0.32001217
-0.32210656
-0.32321776
-0.32365742
-0.32429362
-0.32633474
-0.32685139
-0.32794386
-0.32884802
-0.32985070
-0.33060087
-0.33204110
-0.33307150
-0.33467580
-0.33515112
-0.33563550
-0.33714905
-0.33824525
-0.33938356
-0.34048229
-0.34133387
-0.34300516
-0.34391046
-0.34510598
-0.34615598
-0.34714841
-0.34808229
-0.34965999
-0.35016069
-0.35159800
-0.35234298
-0.35405125
-0.35505897
-0.35563135
-0.35736868
-0.35873713
-0.35951092
-0.36035511
-0.36184006
-0.36269086
-0.36445254
-0.36616416
-0.36629607
-0.36754065
-0.36883240
-0.37049418
-0.37147867
-0.37283426
-0.37426136
-0.37533792
-0.37622840
-0.37743955
-0.37905557
-0.38013506
-0.38119767
-0.38291544
-0.38415880
-0.38543771
-0.38653152
-0.38760844
-0.38889995
-0.38971618
-0.39158847
-0.39267725
-0.39441653
-0.39618071
-0.39696358
-0.39863941
-0.39972673
-0.40073709
-0.40245794
-0.40411087
-0.40473032
-0.40615724
-0.40798000
-0.40934191
-0.41045124
-0.41244870
-0.41318216
-0.41411194
-0.41608980
-0.41787531
-0.41944442
-0.42074626
-0.42186093
-0.42365375
-0.42532865
-0.42630255
-0.42809692
-0.42918496
-0.43089663
-0.43205221
-0.43428609
-0.43591533
-0.43705777
-0.43929826
-0.44028563
-0.44135516
-0.44307075
-0.44469597
-0.44630416
-0.44737430
-0.44932296
-0.45086990
-0.45219515
-0.45396708
-0.45622551
-0.45743312
-0.45909972
-0.46063921
-0.46224276
-0.46453478
-0.46539196
-0.46723570
-0.46913843
-0.47093848
-0.47290793
-0.47411151
-0.47584540
-0.47780885
-0.48021123
-0.48075341
-0.48309493
-0.48443094
-0.48664485
-0.48893724
-0.49021560
-0.49235162
-0.49414648
-0.49519681
-0.49744129
-0.49990480
-0.50140717
-0.50330186
-0.50458590
-0.50728481
-0.50950872
-0.51097169
-0.51281915
-0.51509075
-0.51690682
-0.51910149
-0.52112814
-0.52295019
-0.52525094
-0.52707438
-0.52912194
-0.53126588
-0.53398533
-0.53533672
-0.53728956
-0.53932812
-0.54134078
-0.54419060
-0.54530968
-0.54795981
-0.55048227
-0.55187967
-0.55436086
-0.55701964
-0.55912853
-0.56179628
-0.56341070
-0.56595016
-0.56817011
-0.57055961
-0.57272097
-0.57496705
-0.57765573
-0.57993925
-0.58267214
-0.58520239
-0.58731560
-0.59021378
-0.59245430
-0.59424597
-0.59724959
-0.59939762
-0.60203655
-0.60456025
-0.60719259
-0.60964723
-0.61248884
-0.61542942
-0.61785183
-0.62075462
-0.62260247
-0.62660711
-0.62856685
-0.63175289
-0.63402141
-0.63741404
-0.63963368
-0.64251850
-0.64596847
-0.64840203
-0.65162649
-0.65426899
-0.65716620
-0.66002854
-0.66326034
-0.66614718
-0.66893743
-0.67250913
-0.67531880
-0.67831385
-0.68204991
-0.68450082
-0.68800358
-0.69154106
-0.69474211
-0.69774046
-0.70094858
-0.70443874
-0.70783158
-0.71102532
-0.71475867
-0.71779605
-0.72147048
-0.72471286
-0.72856284
-0.73201527
-0.73560046
-0.73944192
-0.74348449
-0.74654571
-0.75033593
-0.75378291
-0.75806639
-0.76184203
-0.76586355
-0.76911033
-0.77285671
-0.77793253
-0.78175769
-0.78549247
-0.78921615
-0.79345260
-0.79821060
-0.80123164
-0.80602076
-0.81063865
-0.81527125
-0.81885145
-0.82356728
-0.82779574
-0.83246421
-0.83723681
-0.84141966
-0.84645166
-0.85090544
-0.85566249
-0.86012882
-0.86540114
-0.87001539
-0.87493953
-0.87999575
-0.88505067
-0.88998491
-0.89571797
-0.90034530
-0.90726024
-0.91139646
-0.91641435
-0.92202247
-0.92753199
-0.93298709
-0.93910178
-0.94414940
-0.95023948
-0.95558954
-0.96176702
-0.96783327
-0.97349783
-0.97942655
-0.98569059
-0.99145386
-0.99794380
-1.00456444
-1.01127854
-1.01753906
-1.02412370
-1.03106176
-1.03805823
-1.04453346
-1.05143537
-1.05878015
-1.06637385
-1.07297039
-1.08182520
-1.08734841
-1.09544848
-1.10268554
-1.11050501
-1.11790454
-1.12601022
-1.13400247
-1.14157121
-1.15026804
-1.15859316
-1.16765658
-1.17573680
-1.18496497
-1.19392973
-1.20256572
-1.21123589
-1.22090171
-1.23060112
-1.23949503
-1.24938844
-1.25927930
-1.26887037
-1.27910100
-1.28996228
-1.29982422
-1.31059007
-1.32135420
-1.33381492
-1.34285678
-1.35429137
-1.36595598
-1.37778186
-1.38920007
-1.40162241
-1.41428621
-1.42658823
-1.43870213
-1.45214917
-1.46529827
-1.47881283
-1.49168814
-1.50610028
-1.52003658
-1.53432928
-1.54939447
-1.56447572
-1.57985412
-1.59505544
-1.61081906
-1.62650768
-1.64385075
-1.66080937
-1.67789821
-1.69582674
-1.71340778
-1.73221046
-1.74978028
-1.76880984
-1.78833404
-1.80860326
-1.82919787
-1.84996292
-1.87093399
-1.89270000
-1.91521102
-1.93813111
-1.96156353
-1.98606329
-2.01029994
-2.03609364
-2.06164070
-2.08793513
-2.11555850
-2.14313311
-2.17239353
-2.20241211
-2.23218513
-2.26330851
-2.29573051
-2.32848104
-2.36294021
-2.39819909
-2.43322585
-2.47124600
-2.51053822
-2.54934402
-2.59085081
-2.63366289
-2.67738500
-2.72343845
-2.77019335
-2.81876792
-2.86954400
-2.92221356
-2.97701949
-3.03340789
-3.09289774
-3.15435610
-3.21856369
-3.28573003
-3.35546821
-3.42829162
-3.50474052
-3.58561991
-3.66924242
-3.75799593
-3.85145158
-3.95006947
-4.05288138
-4.16283953
-4.27873625
-4.40149748
-4.53816572
-4.67541150
-4.82476403
-4.98523214
-5.15770696
-5.34465074
-5.54607335
-5.76437637
-6.00372940
-6.26651738
-6.55530813
-6.87518074
-7.23167267
-7.63353156
-8.08877729
-8.60802689
-9.20956641
-9.91401215
-10.75385629
-11.77111144
-13.03430362
-14.64698030
-16.78798326
-19.77587222
-24.25600333
-31.76384964
-47.03603852
-95.56679693
970.86798022
74.72397386
37.30167654
24.03789434
17.19124233
12.96948355
10.07032191
7.92665724
6.25063328
4.87876257
3.71056987
2.67976689
1.74087765
0.85718899
