0.00000000
-0.26817759
-0.50200377
-0.68768700
-0.82941426
-0.93676632
-1.01902105
-1.08304985
-1.13387297
-1.17485717
-1.20840562
-1.23622529
-1.25963272
-1.27949082
-1.29649866
1.83041227
1.81765859
1.80648159
1.79669118
1.78803503
1.78036622
1.77353184
1.76747016
1.76203915
1.75713412
1.75282116
1.74886644
1.74533565
1.74211576
1.73938521
1.73677645
1.73450018
1.73239620
1.73049196
1.72889057
1.72736774
1.72610857
1.72499362
1.72392904
1.72305850
1.72227386
1.72181312
1.72184018
1.72026201
1.72010284
1.71980176
1.71963232
1.71941296
1.71948191
1.71974454
1.71958110
1.71968660
1.71988307
1.72008430
1.72042933
1.72058982
1.72098026
1.72146538
1.72191751
1.72256455
1.72272057
1.72352223
1.72401797
1.72474764
1.72521102
1.72617261
1.72689000
1.72757240
1.72827122
1.72924292
1.73066205
1.72960411
1.73098501
1.73178074
1.73268027
1.73364663
1.73457002
1.73559689
1.73647704
1.73748865
1.73819785
1.73955046
1.74046202
1.74128380
1.74261001
1.74369312
1.74445997
1.74550959
1.74656472
1.74759447
1.74888381
1.74990750
1.75095379
1.75227926
1.75329666
1.75439576
1.75580228
1.75684116
1.75828987
1.75783816
1.75966089
1.76116261
1.76231067
1.76334002
1.76463341
1.76604382
1.76719728
1.76829904
1.76977739
1.77099613
1.77210772
1.77348013
1.77447614
1.77590656
1.77734542
1.77803000
1.77961952
1.78079602
1.78195881
1.78342147
1.78459593
1.78548818
1.78717896
1.78840467
1.78976631
1.79120973
1.79248214
1.79245440
1.79503968
1.79602555
1.79792088
1.79896564
1.80034093
1.80169696
1.80271311
1.80429074
1.80536478
1.80735969
1.80811398
1.80977212
1.81110527
1.81234457
1.81347911
1.81492946
1.81632304
1.81783978
1.81885676
1.82085519
1.82183530
1.82337865
1.82481027
1.82589462
1.82717933
1.82848338
1.82999859
1.83059168
1.83278729
1.83339084
1.83545421
1.83696848
1.83842783
1.83985755
1.84107877
1.84201291
1.84383162
1.84533570
1.84657669
1.84838772
1.84991438
1.85084316
1.85241599
1.85419082
1.85544249
1.85653358
1.85802089
1.85944826
1.86122321
1.86247979
1.86400153
1.86545474
1.86680563
1.86798503
1.86990137
1.87084392
1.87208444
1.87368914
1.87502251
1.87643334
1.87733668
1.87893335
1.88077962
1.88228586
1.88366077
1.88480235
1.88615293
1.88780859
1.88923928
1.89101324
1.89271756
1.89368802
1.89571367
1.89665170
1.89793847
1.89931242
1.90113306
1.90205669
1.90325826
1.90507274
1.90679719
1.90825116
1.90940075
1.91188519
1.91288287
1.91418425
1.91515804
1.91716726
1.91804032
1.91958342
1.92055434
1.92274269
1.92371561
1.92566518
1.92766407
1.92798271
1.92999436
1.93145100
1.93367033
1.93380714
1.93586966
1.93665956
1.93870383
1.94037597
1.94140629
1.94304232
1.94500647
1.94588653
1.94816812
1.94895572
1.95049341
1.95272939
1.95272660
1.95417176
1.95635564
1.95811123
1.95880954
1.96122628
1.96240433
1.96347639
1.96499589
1.96695947
1.96777086
1.96977539
1.97013602
1.97231369
1.97414094
1.97522356
1.97649048
1.97773151
1.98026150
1.98153961
1.98354574
1.98399655
1.98554019
1.98804548
1.98810203
1.99096612
1.99165085
1.99426002
1.99442074
1.99647095
1.99751937
1.99835626
2.00082599
2.00210206
2.00368264
2.00454535
2.00684608
2.00779346
2.00823724
2.01046916
2.01166748
2.01447582
2.01539955
2.01622735
2.01862112
2.02046774
2.02114899
2.02339118
2.02405553
2.02505299
2.02834893
2.02825130
2.03025641
2.03158852
2.03238622
2.03439794
2.03436824
2.03809182
2.03905194
2.04017096
2.04181587
2.04307773
2.04543600
2.04634426
2.04770437
2.05007064
2.05150808
2.05331769
2.05375702
2.05609250
2.05814330
2.05855597
2.05916637
2.06156361
2.06268900
2.06544733
2.06574077
2.06749086
2.06924037
2.07003681
2.07203808
2.07387745
2.07514003
2.07723983
2.07842893
2.07919238
2.08091387
2.08284555
2.08433429
2.08541896
2.08762939
2.08816320
2.08947901
2.09156238
2.09375007
2.09331344
2.09576019
2.09751934
2.09779424
2.10148920
2.10296112
2.10315528
2.10449336
2.10518689
2.10809055
2.10893613
2.11048025
2.11326558
2.11350541
2.11438513
2.11708865
2.11805246
2.12010227
2.12052421
2.12310822
2.12430416
2.12621095
2.12758850
2.12847031
2.12879051
2.13210121
2.13320001
2.13488885
2.13591556
2.13844742
2.14037355
2.14197085
2.14231891
2.14474919
2.14478569
2.14739446
2.14816817
2.14906118
2.15080007
2.15282772
2.15481761
2.15590884
2.15722422
2.15872155
2.16003399
2.16325344
2.16345274
2.16549021
2.16775747
2.16870419
2.16882157
2.17093066
2.17248570
2.17348757
2.17587086
2.17733455
2.17909627
2.17941228
2.18211157
2.18448441
2.18503118
2.18638970
2.18781450
2.18911984
2.18928173
2.19241126
2.19347045
2.19561909
2.19597715
2.19877491
2.20056659
2.20147841
2.20441483
2.20580782
2.20515900
2.20731301
2.20998183
2.21045609
2.21148792
2.21345916
2.21493613
2.21641730
2.21729159
2.21968784
2.22133579
2.22255470
2.22326225
2.22615221
2.22598322
2.22852731
2.22948303
2.23201598
2.23292716
2.23454909
2.23700817
2.23796707
2.23704114
2.24167832
2.24188495
2.24470694
2.24466255
2.24641547
2.24666886
2.25013490
2.25029667
2.25341499
2.25447421
2.25502186
2.25787398
2.25934311
2.26008787
2.26067574
2.26345579
2.26548302
2.26592401
2.26913770
2.27078520
2.26986453
2.27213194
2.27326398
2.27608150
2.27706252
2.27784382
2.27931066
2.28126917
2.28283793
2.28597207
2.28664704
2.28655683
2.28926689
2.28927028
2.29180911
2.29412335
2.29494666
2.29586599
2.29868989
2.29966273
2.30030860
2.30167404
2.30489445
2.30563674
2.30762179
2.30856282
2.31091068
2.31235221
2.31295657
2.31437189
2.31711519
2.31806625
2.31827633
2.32107320
2.32341315
2.32286127
2.32610816
2.32514855
2.32690292
2.32983452
2.33039477
2.33265052
2.33353077
2.33672876
2.33737474
2.33940459
2.34086166
2.34153946
2.34277309
2.34512476
2.34530663
2.34751749
2.34995707
2.35138709
2.35279504
2.35315408
2.35478645
2.35734973
2.35709045
2.36064120
2.36218166
2.36410815
2.36527367
2.36680559
2.36618646
2.36896953
2.37205436
2.37217238
2.37364129
2.37312294
2.37691932
2.37814607
2.38003394
2.38147774
2.38118536
2.38396655
2.38623662
2.38795131
2.38923705
2.39017361
2.39235861
2.39339628
2.39314788
2.39744765
2.39819701
2.40066607
2.40126519
2.40188145
2.40361043
2.40623353
2.40660523
2.40882281
2.41140824
2.41077845
2.41418316
2.41521578
2.41623271
2.41928760
2.42019961
2.42037490
2.42399236
2.42417400
2.42313995
2.42728722
2.42837650
2.42887626
2.43128539
2.43243724
2.43371131
2.43501723
2.43844444
2.43981350
2.44117211
2.44186921
2.44344397
2.44405601
2.44741739
2.44936276
2.45108882
2.45308055
2.45218170
2.45331463
2.45786417
2.45763643
2.45807246
2.46033892
2.45923627
2.46333137
2.46291353
2.46681716
2.46716189
2.46852159
2.47234026
2.47203049
2.47577729
2.47552200
2.47725287
2.47950637
2.48031602
2.48235143
2.48480051
2.48504232
2.48644028
2.48686970
2.48983018
2.48933907
2.49180084
2.49389353
2.49555284
2.49605164
2.49755806
2.49990437
2.50097550
2.50256899
2.50412561
2.50594174
2.50773488
2.50782454
2.51062457
2.51053684
2.51339394
2.51517773
2.51597945
2.51867009
2.51872722
2.52120071
2.52433694
2.52487534
2.52657532
2.52720395
2.52939391
2.53021386
2.53065933
2.53324081
2.53473111
2.53507646
2.53918538
2.53985015
2.54133442
2.54195251
2.54470469
2.54611638
2.54469184
2.54981207
2.55067071
2.55290448
2.55185445
2.55417468
2.55335812
2.55706028
2.56000633
2.56107753
2.56153738
2.56473973
2.56504154
2.56863970
2.56820709
2.56814449
2.57069330
2.57208927
2.57532113
2.57525548
2.57672617
2.57928295
2.58081582
2.58237608
2.58449119
2.58472155
2.58620015
2.58572246
2.58936238
2.59016665
2.59280686
2.59507137
2.59685670
2.59790026
2.59888742
2.60032634
2.60267121
2.60218684
2.60451396
2.60488806
2.60821113
2.60842459
2.60984629
2.61156297
2.61452475
2.61526771
2.61555904
2.61664823
2.61905110
2.62055710
2.62174157
2.62581525
2.62573355
2.62687689
2.62841027
2.62985043
2.63351805
2.63359621
2.63500560
2.63623917
2.63969169
2.64073908
2.64132049
2.64527879
2.64673242
2.64538422
2.64712985
2.65059102
2.65080447
2.65297906
2.65278563
2.65451282
2.65715403
2.65846138
2.65939952
2.66118302
2.66410620
2.66502527
2.66494344
2.66715725
2.66961108
2.67124595
2.67192012
2.67450513
2.67657870
2.67501438
2.67924742
2.67822195
2.68156478
2.68252023
2.68356484
2.68571103
2.68717907
2.68869026
2.68970105
2.69296197
2.69260365
2.69401935
2.69618570
2.69816070
2.69938560
2.70096260
2.70127295
2.70403557
2.70635571
2.70696244
2.70830722
2.71134563
2.71151937
2.71355142
2.71372635
2.71872075
2.71809041
2.71779180
2.71908265
2.72240619
2.72325562
2.72378913
2.72693925
2.72844107
2.73077461
2.73374979
2.73185135
2.73465893
2.73666976
2.73761370
2.73913063
2.73985309
2.73964183
2.74470398
2.74619593
2.74716819
2.74806437
2.74956460
2.75161190
2.75241922
2.75495234
2.75626997
2.75677148
2.75982585
2.76043909
2.76284602
2.76426198
2.76487532
2.76754824
2.76633580
2.77030845
2.77061460
2.77131924
2.77331225
2.77502252
2.77615256
2.77841971
2.78044327
2.77953871
2.78428210
2.78360788
2.78851951
2.78720455
2.79070970
2.79258791
2.79149224
2.79293568
2.79423704
2.79773585
2.79845899
2.80126021
2.80151754
2.80269347
2.80257864
2.80743753
2.80969733
2.81043839
2.81111089
2.81304745
2.81365600
2.81350804
2.81681889
2.81781313
2.81970279
2.82092305
2.82289418
2.82472372
2.82582428
2.82640363
2.82918387
2.82936933
2.83194147
2.83198226
2.83484526
2.83549630
2.83794988
2.84027102
2.84010060
2.84165885
2.84559583
2.84433535
2.84477248
2.84953474
2.85067165
2.85112363
2.85119898
2.85554471
2.85763472
2.85809276
2.85795885
2.85866559
2.86225648
2.86446250
2.86663157
2.86753329
2.86650926
2.86845663
2.87210699
2.87341375
2.87469604
2.87651968
2.87807681
2.87777483
2.88097984
2.88161674
2.88409453
2.88480933
2.88488267
2.88765724
2.89034401
2.89162497
2.89285019
2.89251811
2.89590925
2.89906027
2.89805517
2.90084923
2.90302475
2.90494338
2.90579865
2.90673011
2.90615353
2.90874444
2.91244797
2.91142256
2.91500439
2.91436724
2.91847781
2.91969148
2.92191263
2.92165704
2.92324270
2.92549870
2.92732674
2.92761754
2.92903594
2.93303405
2.93189514
2.93394028
2.93549086
2.93835693
2.93763699
2.94069383
2.94356067
2.94290253
2.94444791
2.94580449
2.94758210
2.94866754
2.95127195
2.95222278
2.95394378
2.95686922
2.95666715
2.95954518
2.96044680
2.96083853
2.96335837
2.96557149
2.96753335
2.96643579
2.96959237
2.96996376
2.97371852
2.97379519
2.97514465
2.97416795
2.97767045
2.98058337
2.98149882
2.98395489
2.98527655
2.98527190
2.98987466
2.98825390
2.98855543
2.99213130
2.99224905
2.99595054
2.99802186
2.99798013
2.99930538
3.00194387
3.00532082
3.00477166
3.00521798
3.00818696
3.01037473
3.01055495
3.01025857
3.01393215
3.01515494
3.01683278
3.01880903
3.01985313
3.02206548
3.02174014
3.02329394
3.02558367
3.02546439
3.02822367
3.03023550
3.03169282
3.03334194
3.03471236
3.03567197
3.03706969
3.04047429
3.04068982
3.04202468
3.04630061
3.04584325
3.04714320
3.04873062
3.04978381
3.05174353
3.05325890
3.05452187
3.05584669
3.05931588
3.05975988
3.06079875
3.05989738
3.06277061
3.06524435
3.06608985
3.06929711
3.06969381
3.07070109
3.07415274
3.07474267
3.07551881
3.07627199
3.07765841
3.08199296
3.08175317
3.08182941
3.08323831
3.08572399
3.08903371
3.09086446
3.09114246
3.09274580
3.09575519
3.09642548
3.09679705
3.09808113
3.10129503
3.10191413
3.10418101
3.10429676
3.10540950
3.10849730
3.10994365
3.11245311
3.11299954
3.11380306
3.11575619
3.11736006
3.11805597
3.11953150
3.12266777
3.12342899
3.12561187
3.12556087
3.12772798
3.12850931
3.13014911
3.13272383
3.13378828
3.13710934
3.13635526
3.13822285
3.13701660
3.14159265
-3.13701660
-3.13822285
-3.13635526
-3.13710934
-3.13378828
-3.13272383
-3.13014911
-3.12850931
-3.12772798
-3.12556087
-3.12561187
-3.12342899
-3.12266777
-3.11953150
-3.11805597
-3.11736006
-3.11575619
-3.11380306
-3.11299954
-3.11245311
-3.10994365
-3.10849730
-3.10540950
-3.10429676
-3.10418101
-3.10191413
-3.10129503
-3.09808113
-3.09679705
-3.09642548
-3.09575519
-3.09274580
-3.09114246
-3.09086446
-3.08903371
-3.08572399
-3.08323831
-3.08182941
-3.08175317
-3.08199296
-3.07765841
-3.07627199
-3.07551881
-3.07474267
-3.07415274
-3.07070109
-3.06969381
-3.06929711
-3.06608985
-3.06524435
-3.06277061
-3.05989738
-3.06079875
-3.05975988
-3.05931588
-3.05584669
-3.05452187
-3.05325890
-3.05174353
-3.04978381
-3.04873062
-3.04714320
-3.04584325
-3.04630061
-3.04202468
-3.04068982
-3.04047429
-3.03706969
-3.03567197
-3.03471236
-3.03334194
-3.03169282
-3.03023550
-3.02822367
-3.02546439
-3.02558367
-3.02329394
-3.02174014
-3.02206548
-3.01985313
-3.01880903
-3.01683278
-3.01515494
-3.01393215
-3.01025857
-3.01055495
-3.01037473
-3.00818696
-3.00521798
-3.00477166
-3.00532082
-3.00194387
-2.99930538
-2.99798013
-2.99802186
-2.99595054
-2.99224905
-2.99213130
-2.98855543
-2.98825390
-2.98987466
-2.98527190
-2.98527655
-2.98395489
-2.98149882
-2.98058337
-2.97767045
-2.97416795
-2.97514465
-2.97379519
-2.97371852
-2.96996376
-2.96959237
-2.96643579
-2.96753335
-2.96557149
-2.96335837
-2.96083853
-2.96044680
-2.95954518
-2.95666715
-2.95686922
-2.95394378
-2.95222278
-2.95127195
-2.94866754
-2.94758210
-2.94580449
-2.94444791
-2.94290253
-2.94356067
-2.94069383
-2.93763699
-2.93835693
-2.93549086
-2.93394028
-2.93189514
-2.93303405
-2.92903594
-2.92761754
-2.92732674
-2.92549870
-2.92324270
-2.92165704
-2.92191263
-2.91969148
-2.91847781
-2.91436724
-2.91500439
-2.91142256
-2.91244797
-2.90874444
-2.90615353
-2.90673011
-2.90579865
-2.90494338
-2.90302475
-2.90084923
-2.89805517
-2.89906027
-2.89590925
-2.89251811
-2.89285019
-2.89162497
-2.89034401
-2.88765724
-2.88488267
-2.88480933
-2.88409453
-2.88161674
-2.88097984
-2.87777483
-2.87807681
-2.87651968
-2.87469604
-2.87341375
-2.87210699
-2.86845663
-2.86650926
-2.86753329
-2.86663157
-2.86446250
-2.86225648
-2.85866559
-2.85795885
-2.85809276
-2.85763472
-2.85554471
-2.85119898
-2.85112363
-2.85067165
-2.84953474
-2.84477248
-2.84433535
-2.84559583
-2.84165885
-2.84010060
-2.84027102
-2.83794988
-2.83549630
-2.83484526
-2.83198226
-2.83194147
-2.82936933
-2.82918387
-2.82640363
-2.82582428
-2.82472372
-2.82289418
-2.82092305
-2.81970279
-2.81781313
-2.81681889
-2.81350804
-2.81365600
-2.81304745
-2.81111089
-2.81043839
-2.80969733
-2.80743753
-2.80257864
-2.80269347
-2.80151754
-2.80126021
-2.79845899
-2.79773585
-2.79423704
-2.79293568
-2.79149224
-2.79258791
-2.79070970
-2.78720455
-2.78851951
-2.78360788
-2.78428210
-2.77953871
-2.78044327
-2.77841971
-2.77615256
-2.77502252
-2.77331225
-2.77131924
-2.77061460
-2.77030845
-2.76633580
-2.76754824
-2.76487532
-2.76426198
-2.76284602
-2.76043909
-2.75982585
-2.75677148
-2.75626997
-2.75495234
-2.75241922
-2.75161190
-2.74956460
-2.74806437
-2.74716819
-2.74619593
-2.74470398
-2.73964183
-2.73985309
-2.73913063
-2.73761370
-2.73666976
-2.73465893
-2.73185135
-2.73374979
-2.73077461
-2.72844107
-2.72693925
-2.72378913
-2.72325562
-2.72240619
-2.71908265
-2.71779180
-2.71809041
-2.71872075
-2.71372635
-2.71355142
-2.71151937
-2.71134563
-2.70830722
-2.70696244
-2.70635571
-2.70403557
-2.70127295
-2.70096260
-2.69938560
-2.69816070
-2.69618570
-2.69401935
-2.69260365
-2.69296197
-2.68970105
-2.68869026
-2.68717907
-2.68571103
-2.68356484
-2.68252023
-2.68156478
-2.67822195
-2.67924742
-2.67501438
-2.67657870
-2.67450513
-2.67192012
-2.67124595
-2.66961108
-2.66715725
-2.66494344
-2.66502527
-2.66410620
-2.66118302
-2.65939952
-2.65846138
-2.65715403
-2.65451282
-2.65278563
-2.65297906
-2.65080447
-2.65059102
-2.64712985
-2.64538422
-2.64673242
-2.64527879
-2.64132049
-2.64073908
-2.63969169
-2.63623917
-2.63500560
-2.63359621
-2.63351805
-2.62985043
-2.62841027
-2.62687689
-2.62573355
-2.62581525
-2.62174157
-2.62055710
-2.61905110
-2.61664823
-2.61555904
-2.61526771
-2.61452475
-2.61156297
-2.60984629
-2.60842459
-2.60821113
-2.60488806
-2.60451396
-2.60218684
-2.60267121
-2.60032634
-2.59888742
-2.59790026
-2.59685670
-2.59507137
-2.59280686
-2.59016665
-2.58936238
-2.58572246
-2.58620015
-2.58472155
-2.58449119
-2.58237608
-2.58081582
-2.57928295
-2.57672617
-2.57525548
-2.57532113
-2.57208927
-2.57069330
-2.56814449
-2.56820709
-2.56863970
-2.56504154
-2.56473973
-2.56153738
-2.56107753
-2.56000633
-2.55706028
-2.55335812
-2.55417468
-2.55185445
-2.55290448
-2.55067071
-2.54981207
-2.54469184
-2.54611638
-2.54470469
-2.54195251
-2.54133442
-2.53985015
-2.53918538
-2.53507646
-2.53473111
-2.53324081
-2.53065933
-2.53021386
-2.52939391
-2.52720395
-2.52657532
-2.52487534
-2.52433694
-2.52120071
-2.51872722
-2.51867009
-2.51597945
-2.51517773
-2.51339394
-2.51053684
-2.51062457
-2.50782454
-2.50773488
-2.50594174
-2.50412561
-2.50256899
-2.50097550
-2.49990437
-2.49755806
-2.49605164
-2.49555284
-2.49389353
-2.49180084
-2.48933907
-2.48983018
-2.48686970
-2.48644028
-2.48504232
-2.48480051
-2.48235143
-2.48031602
-2.47950637
-2.47725287
-2.47552200
-2.47577729
-2.47203049
-2.47234026
-2.46852159
-2.46716189
-2.46681716
-2.46291353
-2.46333137
-2.45923627
-2.46033892
-2.45807246
-2.45763643
-2.45786417
-2.45331463
-2.45218170
-2.45308055
-2.45108882
-2.44936276
-2.44741739
-2.44405601
-2.44344397
-2.44186921
-2.44117211
-2.43981350
-2.43844444
-2.43501723
-2.43371131
-2.43243724
-2.43128539
-2.42887626
-2.42837650
-2.42728722
-2.42313995
-2.42417400
-2.42399236
-2.42037490
-2.42019961
-2.41928760
-2.41623271
-2.41521578
-2.41418316
-2.41077845
-2.41140824
-2.40882281
-2.40660523
-2.40623353
-2.40361043
-2.40188145
-2.40126519
-2.40066607
-2.39819701
-2.39744765
-2.39314788
-2.39339628
-2.39235861
-2.39017361
-2.38923705
-2.38795131
-2.38623662
-2.38396655
-2.38118536
-2.38147774
-2.38003394
-2.37814607
-2.37691932
-2.37312294
-2.37364129
-2.37217238
-2.37205436
-2.36896953
-2.36618646
-2.36680559
-2.36527367
-2.36410815
-2.36218166
-2.36064120
-2.35709045
-2.35734973
-2.35478645
-2.35315408
-2.35279504
-2.35138709
-2.34995707
-2.34751749
-2.34530663
-2.34512476
-2.34277309
-2.34153946
-2.34086166
-2.33940459
-2.33737474
-2.33672876
-2.33353077
-2.33265052
-2.33039477
-2.32983452
-2.32690292
-2.32514855
-2.32610816
-2.32286127
-2.32341315
-2.32107320
-2.31827633
-2.31806625
-2.31711519
-2.31437189
-2.31295657
-2.31235221
-2.31091068
-2.30856282
-2.30762179
-2.30563674
-2.30489445
-2.30167404
-2.30030860
-2.29966273
-2.29868989
-2.29586599
-2.29494666
-2.29412335
-2.29180911
-2.28927028
-2.28926689
-2.28655683
-2.28664704
-2.28597207
-2.28283793
-2.28126917
-2.27931066
-2.27784382
-2.27706252
-2.27608150
-2.27326398
-2.27213194
-2.26986453
-2.27078520
-2.26913770
-2.26592401
-2.26548302
-2.26345579
-2.26067574
-2.26008787
-2.25934311
-2.25787398
-2.25502186
-2.25447421
-2.25341499
-2.25029667
-2.25013490
-2.24666886
-2.24641547
-2.24466255
-2.24470694
-2.24188495
-2.24167832
-2.23704114
-2.23796707
-2.23700817
-2.23454909
-2.23292716
-2.23201598
-2.22948303
-2.22852731
-2.22598322
-2.22615221
-2.22326225
-2.22255470
-2.22133579
-2.21968784
-2.21729159
-2.21641730
-2.21493613
-2.21345916
-2.21148792
-2.21045609
-2.20998183
-2.20731301
-2.20515900
-2.20580782
-2.20441483
-2.20147841
-2.20056659
-2.19877491
-2.19597715
-2.19561909
-2.19347045
-2.19241126
-2.18928173
-2.18911984
-2.18781450
-2.18638970
-2.18503118
-2.18448441
-2.18211157
-2.17941228
-2.17909627
-2.17733455
-2.17587086
-2.17348757
-2.17248570
-2.17093066
-2.16882157
-2.16870419
-2.16775747
-2.16549021
-2.16345274
-2.16325344
-2.16003399
-2.15872155
-2.15722422
-2.15590884
-2.15481761
-2.15282772
-2.15080007
-2.14906118
-2.14816817
-2.14739446
-2.14478569
-2.14474919
-2.14231891
-2.14197085
-2.14037355
-2.13844742
-2.13591556
-2.13488885
-2.13320001
-2.13210121
-2.12879051
-2.12847031
-2.12758850
-2.12621095
-2.12430416
-2.12310822
-2.12052421
-2.12010227
-2.11805246
-2.11708865
-2.11438513
-2.11350541
-2.11326558
-2.11048025
-2.10893613
-2.10809055
-2.10518689
-2.10449336
-2.10315528
-2.10296112
-2.10148920
-2.09779424
-2.09751934
-2.09576019
-2.09331344
-2.09375007
-2.09156238
-2.08947901
-2.08816320
-2.08762939
-2.08541896
-2.08433429
-2.08284555
-2.08091387
-2.07919238
-2.07842893
-2.07723983
-2.07514003
-2.07387745
-2.07203808
-2.07003681
-2.06924037
-2.06749086
-2.06574077
-2.06544733
-2.06268900
-2.06156361
-2.05916637
-2.05855597
-2.05814330
-2.05609250
-2.05375702
-2.05331769
-2.05150808
-2.05007064
-2.04770437
-2.04634426
-2.04543600
-2.04307773
-2.04181587
-2.04017096
-2.03905194
-2.03809182
-2.03436824
-2.03439794
-2.03238622
-2.03158852
-2.03025641
-2.02825130
-2.02834893
-2.02505299
-2.02405553
-2.02339118
-2.02114899
-2.02046774
-2.01862112
-2.01622735
-2.01539955
-2.01447582
-2.01166748
-2.01046916
-2.00823724
-2.00779346
-2.00684608
-2.00454535
-2.00368264
-2.00210206
-2.00082599
-1.99835626
-1.99751937
-1.99647095
-1.99442074
-1.99426002
-1.99165085
-1.99096612
-1.98810203
-1.98804548
-1.98554019
-1.98399655
-1.98354574
-1.98153961
-1.98026150
-1.97773151
-1.97649048
-1.97522356
-1.97414094
-1.97231369
-1.97013602
-1.96977539
-1.96777086
-1.96695947
-1.96499589
-1.96347639
-1.96240433
-1.96122628
-1.95880954
-1.95811123
-1.95635564
-1.95417176
-1.95272660
-1.95272939
-1.95049341
-1.94895572
-1.94816812
-1.94588653
-1.94500647
-1.94304232
-1.94140629
-1.94037597
-1.93870383
-1.93665956
-1.93586966
-1.93380714
-1.93367033
-1.93145100
-1.92999436
-1.92798271
-1.92766407
-1.92566518
-1.92371561
-1.92274269
-1.92055434
-1.91958342
-1.91804032
-1.91716726
-1.91515804
-1.91418425
-1.91288287
-1.91188519
-1.90940075
-1.90825116
-1.90679719
-1.90507274
-1.90325826
-1.90205669
-1.90113306
-1.89931242
-1.89793847
-1.89665170
-1.89571367
-1.89368802
-1.89271756
-1.89101324
-1.88923928
-1.88780859
-1.88615293
-1.88480235
-1.88366077
-1.88228586
-1.88077962
-1.87893335
-1.87733668
-1.87643334
-1.87502251
-1.87368914
-1.87208444
-1.87084392
-1.86990137
-1.86798503
-1.86680563
-1.86545474
-1.86400153
-1.86247979
-1.86122321
-1.85944826
-1.85802089
-1.85653358
-1.85544249
-1.85419082
-1.85241599
-1.85084316
-1.84991438
-1.84838772
-1.84657669
-1.84533570
-1.84383162
-1.84201291
-1.84107877
-1.83985755
-1.83842783
-1.83696848
-1.83545421
-1.83339084
-1.83278729
-1.83059168
-1.82999859
-1.82848338
-1.82717933
-1.82589462
-1.82481027
-1.82337865
-1.82183530
-1.82085519
-1.81885676
-1.81783978
-1.81632304
-1.81492946
-1.81347911
-1.81234457
-1.81110527
-1.80977212
-1.80811398
-1.80735969
-1.80536478
-1.80429074
-1.80271311
-1.80169696
-1.80034093
-1.79896564
-1.79792088
-1.79602555
-1.79503968
-1.79245440
-1.79248214
-1.79120973
-1.78976631
-1.78840467
-1.78717896
-1.78548818
-1.78459593
-1.78342147
-1.78195881
-1.78079602
-1.77961952
-1.77803000
-1.77734542
-1.77590656
-1.77447614
-1.77348013
-1.77210772
-1.77099613
-1.76977739
-1.76829904
-1.76719728
-1.76604382
-1.76463341
-1.76334002
-1.76231067
-1.76116261
-1.75966089
-1.75783816
-1.75828987
-1.75684116
-1.75580228
-1.75439576
-1.75329666
-1.75227926
-1.75095379
-1.74990750
-1.74888381
-1.74759447
-1.74656472
-1.74550959
-1.74445997
-1.74369312
-1.74261001
-1.74128380
-1.74046202
-1.73955046
-1.73819785
-1.73748865
-1.73647704
-1.73559689
-1.73457002
-1.73364663
-1.73268027
-1.73178074
-1.73098501
-1.72960411
-1.73066205
-1.72924292
-1.72827122
-1.72757240
-1.72689000
-1.72617261
-1.72521102
-1.72474764
-1.72401797
-1.72352223
-1.72272057
-1.72256455
-1.72191751
-1.72146538
-1.72098026
-1.72058982
-1.72042933
-1.72008430
-1.71988307
-1.71968660
-1.71958110
-1.71974454
-1.71948191
-1.71941296
-1.71963232
-1.71980176
-1.72010284
-1.72026201
-1.72184018
-1.72181312
-1.72227386
-1.72305850
-1.72392904
-1.72499362
-1.72610857
-1.72736774
-1.72889057
-1.73049196
-1.73239620
-1.73450018
-1.73677645
-1.73938521
-1.74211576
-1.74533565
-1.74886644
-1.75282116
-1.75713412
-1.76203915
-1.76747016
-1.77353184
-1.78036622
-1.78803503
-1.79669118
-1.80648159
-1.81765859
-1.83041227
1.29649866
1.27949082
1.25963272
1.23622529
1.20840562
1.17485717
1.13387297
1.08304985
1.01902105
0.93676632
0.82941426
0.68768700
0.50200377
0.26817759
