3.10133500 0.00000000 3.10133500 0.00000000
3.11935208 -0.85718899 3.23498538 -0.26817759
3.17153405 -1.74087765 3.61791145 -0.50200377
3.26222019 -2.67976689 4.22175688 -0.68768700
3.39749822 -3.71056987 5.03103597 -0.82941426
3.58738022 -4.87876257 6.05570978 -0.93676632
3.84758031 -6.25063328 7.33991080 -1.01902105
4.20506757 -7.92665724 8.97298658 -1.08304985
4.70311642 -10.07032191 11.11443599 -1.13387297
5.42143420 -12.96948355 14.05700723 -1.17485717
6.51779717 -17.19124233 18.38533363 -1.20840562
8.35653930 -24.03789434 25.44901007 -1.23622529
11.99662922 -37.30167654 39.18334066 -1.25963272
22.40487051 -74.72397386 78.01057936 -1.27949082
273.19304760 -970.86798022 1008.57279176 -1.29649866
-25.38353022 95.56679693 98.88041404 1.83041227
-11.85318828 47.03603852 48.50656648 1.81765859
-7.62803673 31.76384964 32.66694183 1.80648159
-5.57444905 24.25600333 24.88831412 1.79669118
-4.36496667 19.77587222 20.25186550 1.78803503
-3.57068381 16.78798326 17.16351260 1.78036622
-3.01082653 14.64698030 14.95323070 1.77353184
-2.59707859 13.03430362 13.29051873 1.76747016
-2.27899239 11.77111144 11.98969853 1.76203915
-2.02736898 10.75385629 10.94329247 1.75713412
-1.82479472 9.91401215 10.08055121 1.75282116
-1.65750489 9.20956641 9.35753364 1.74886644
-1.51788421 8.60802689 8.74082945 1.74533565
-1.39948337 8.08877729 8.20895071 1.74211576
-1.29926124 7.63353156 7.74331220 1.73938521
-1.21145942 7.23167267 7.33244322 1.73677645
-1.13565658 6.87518074 6.96834457 1.73450018
-1.06865568 6.55530813 6.64184384 1.73239620
-1.00933030 6.26651738 6.34728192 1.73049196
-0.95714259 6.00372940 6.07954674 1.72889057
-0.90998469 5.76437637 5.83576105 1.72736774
-0.86836658 5.54607335 5.61364322 1.72610857
-0.83072514 5.34465074 5.40882573 1.72499362
-0.79604576 5.15770696 5.21877667 1.72392904
-0.76498319 4.98523214 5.04358392 1.72305850
-0.73648498 4.82476403 4.88065140 1.72227386
-0.71148262 4.67541150 4.72923674 1.72181312
-0.69072280 4.53816572 4.59042984 1.72184018
-0.66281596 4.40149748 4.45112402 1.72026201
-0.64363301 4.27873625 4.32687501 1.72010284
-0.62491751 4.16283953 4.20948392 1.71980176
-0.60770862 4.05288138 4.09818951 1.71963232
-0.59140657 3.95006947 3.99409696 1.71941296
-0.57691297 3.85145158 3.89442009 1.71948191
-0.56392327 3.75799593 3.80007143 1.71974454
-0.54999178 3.66924242 3.71023326 1.71958110
-0.53784417 3.58561991 3.62573392 1.71968660
-0.52641632 3.50474052 3.54405422 1.71988307
-0.51563909 3.42829162 3.46685262 1.72008430
-0.50586992 3.35546821 3.39338640 1.72042933
-0.49589552 3.28573003 3.32294059 1.72058982
-0.48704386 3.21856369 3.25520567 1.72098026
-0.47889316 3.15435610 3.19050169 1.72146538
-0.47099330 3.09289774 3.12855416 1.72191751
-0.46394251 3.03340789 3.06868149 1.72256455
-0.45579355 2.97701949 3.01170929 1.72272057
-0.44980039 2.92221356 2.95662856 1.72352223
-0.44314961 2.86954400 2.90356063 1.72401797
-0.43741423 2.81876792 2.85250483 1.72474764
-0.43119111 2.77019335 2.80355078 1.72521102
-0.42659622 2.72343845 2.75664675 1.72617261
-0.42135052 2.67738500 2.71033701 1.72689000
-0.41631173 2.63366289 2.66636376 1.72757240
-0.41140027 2.59085081 2.62331053 1.72827122
-0.40734946 2.54934402 2.58168328 1.72924292
-0.40480342 2.51053822 2.54296440 1.73066205
-0.39578594 2.47124600 2.50273916 1.72960411
-0.39314375 2.43322585 2.46478194 1.73098501
-0.38944277 2.39819909 2.42961408 1.73178074
-0.38589899 2.36294021 2.39424403 1.73268027
-0.38258189 2.32848104 2.35970186 1.73364663
-0.37937822 2.29573051 2.32686623 1.73457002
-0.37640836 2.26330851 2.29439506 1.73559689
-0.37325156 2.23218513 2.26317635 1.73647704
-0.37056377 2.20241211 2.23336889 1.73748865
-0.36709749 2.17239353 2.20319182 1.73819785
-0.36513527 2.14313311 2.17401547 1.73955046
-0.36242201 2.11555850 2.14637776 1.74046202
-0.35945620 2.08793513 2.11865095 1.74128380
-0.35774523 2.06164070 2.09244929 1.74261001
-0.35558433 2.03609364 2.06691014 1.74369312
-0.35266854 2.01029994 2.04099998 1.74445997
-0.35056585 1.98606329 2.01676568 1.74550959
-0.34837592 1.96156353 1.99225934 1.74656472
-0.34627341 1.93813111 1.96882134 1.74759447
-0.34472719 1.91521102 1.94598820 1.74888381
-0.34267601 1.89270000 1.92347086 1.74990750
-0.34075734 1.87093399 1.90171227 1.75095379
-0.33947187 1.84996292 1.88085192 1.75227926
-0.33758548 1.82919787 1.86008838 1.75329666
-0.33584063 1.80860326 1.83952023 1.75439576
-0.33467956 1.78833404 1.81938150 1.75580228
-0.33292800 1.76880984 1.79986924 1.75684116
-0.33197168 1.74978028 1.78099304 1.75828987
-0.32782774 1.73221046 1.76295891 1.75783816
-0.32750532 1.71340778 1.74442712 1.75966089
-0.32678529 1.69582674 1.72702546 1.76116261
-0.32532878 1.67789821 1.70914634 1.76231067
-0.32378958 1.66080937 1.69207785 1.76334002
-0.32269086 1.64385075 1.67522377 1.76463341
-0.32166949 1.62650768 1.65801040 1.76604382
-0.32049793 1.61081906 1.64239367 1.76719728
-0.31918885 1.59505544 1.62667864 1.76829904
-0.31857672 1.57985412 1.61165448 1.76977739
-0.31746037 1.56447572 1.59636003 1.77099613
-0.31619373 1.54939447 1.58132909 1.77210772
-0.31531333 1.53432928 1.56639358 1.77348013
-0.31395434 1.52003658 1.55212065 1.77447614
-0.31332281 1.50610028 1.53834626 1.77590656
-0.31256446 1.49168814 1.52408335 1.77734542
-0.31092357 1.47881283 1.51114554 1.77803000
-0.31051500 1.46529827 1.49783797 1.77961952
-0.30951415 1.45214917 1.48476807 1.78079602
-0.30839736 1.43870213 1.47138463 1.78195881
-0.30798384 1.42658823 1.45945470 1.78342147
-0.30706685 1.41428621 1.44723721 1.78459593
-0.30562711 1.40162241 1.43455684 1.78548818
-0.30537982 1.38920007 1.42236903 1.78717896
-0.30464066 1.37778186 1.41105945 1.78840467
-0.30397732 1.36595598 1.39937056 1.78976631
-0.30343378 1.35429137 1.38786785 1.79120973
-0.30266677 1.34285678 1.37654331 1.79248214
-0.30058993 1.33381492 1.36726609 1.79245440
-0.30137345 1.32135420 1.35528701 1.79503968
-0.30027796 1.31059007 1.34454943 1.79602555
-0.30040538 1.29982422 1.33408635 1.79792088
-0.29954619 1.28996228 1.32428494 1.79896564
-0.29887864 1.27910100 1.31355541 1.80034093
-0.29830327 1.26887037 1.30346341 1.80169696
-0.29739913 1.25927930 1.29392063 1.80271311
-0.29714504 1.24938844 1.28423777 1.80429074
-0.29619899 1.23949503 1.27439467 1.80536478
-0.29667000 1.23060112 1.26585631 1.80735969
-0.29530630 1.22090171 1.25610780 1.80811398
-0.29509513 1.21123589 1.24666496 1.80977212
-0.29468172 1.20256572 1.23814443 1.81110527
-0.29413449 1.19392973 1.22962730 1.81234457
-0.29335232 1.18496497 1.22073648 1.81347911
-0.29287817 1.17573680 1.21166607 1.81492946
-0.29259417 1.16765658 1.20375796 1.81632304
-0.29219137 1.15859316 1.19486983 1.81783978
-0.29133634 1.15026804 1.18658899 1.81885676
-0.29156256 1.14157121 1.17821626 1.82085519
-0.29081372 1.13400247 1.17069818 1.82183530
-0.29061697 1.12601022 1.16290896 1.82337865
-0.29023259 1.11790454 1.15496559 1.82481027
-0.28959722 1.11050501 1.14764451 1.82589462
-0.28907153 1.10268554 1.13994638 1.82717933
-0.28870154 1.09544848 1.13285302 1.82848338
-0.28832949 1.08734841 1.12492686 1.82999859
-0.28755176 1.08182520 1.11938902 1.83059168
-0.28772187 1.07297039 1.11087773 1.83278729
-0.28664299 1.06637385 1.10422705 1.83339084
-0.28694559 1.05878015 1.09697456 1.83545421
-0.28666484 1.05143537 1.08981331 1.83696848
-0.28642140 1.04453346 1.08309158 1.83842783
-0.28624218 1.03805823 1.07680057 1.83985755
-0.28566828 1.03106176 1.06990407 1.84107877
-0.28477639 1.02412370 1.06298022 1.84201291
-0.28494011 1.01753906 1.05668189 1.84383162
-0.28482800 1.01127854 1.05062423 1.84533570
-0.28428299 1.00456444 1.04401463 1.84657669
-0.28436245 0.99794380 1.03766749 1.84838772
-0.28415037 0.99145386 1.03136909 1.84991438
-0.28348957 0.98569059 1.02564725 1.85084316
-0.28335665 0.97942655 1.01959176 1.85241599
-0.28351479 0.97349783 1.01394214 1.85419082
-0.28317972 0.96783327 1.00841063 1.85544249
-0.28254436 0.96176702 1.00241066 1.85653358
-0.28227416 0.95558954 0.99640859 1.85802089
-0.28216912 0.95023948 0.99124895 1.85944826
-0.28218524 0.94414940 0.98541696 1.86122321
-0.28196257 0.93910178 0.98051774 1.86247979
-0.28167512 0.93298709 0.97457980 1.86400153
-0.28149959 0.92753199 0.96930780 1.86545474
-0.28118832 0.92202247 0.96394622 1.86680563
-0.28065979 0.91641435 0.95842850 1.86798503
-0.28103450 0.91139646 0.95374205 1.86990137
-0.28069579 0.90726024 0.94969009 1.87084392
-0.27978067 0.90034530 0.94281434 1.87208444
-0.27991967 0.89571797 0.93843791 1.87368914
-0.27943116 0.88998491 0.93282095 1.87502251
-0.27925430 0.88505067 0.92806123 1.87643334
-0.27853368 0.87999575 0.92302412 1.87733668
-0.27847102 0.87493953 0.91818587 1.87893335
-0.27867384 0.87001539 0.91355673 1.88077962
-0.27863378 0.86540114 0.90915121 1.88228586
-0.27824202 0.86012882 0.90401339 1.88366077
-0.27787664 0.85566249 0.89965200 1.88480235
-0.27760276 0.85090544 0.89504377 1.88615293
-0.27770118 0.84645166 0.89084138 1.88780859
-0.27738430 0.84141966 0.88596224 1.88923928
-0.27765298 0.83723681 0.88207519 1.89101324
-0.27764595 0.83246421 0.87754426 1.89271756
-0.27698190 0.82779574 0.87290593 1.89368802
-0.27742335 0.82356728 0.86903784 1.89571367
-0.27669033 0.81885145 0.86433515 1.89665170
-0.27664993 0.81527125 0.86093113 1.89793847
-0.27632053 0.81063865 0.85643917 1.89931242
-0.27638544 0.80602076 0.85209060 1.90113306
-0.27557057 0.80123164 0.84729646 1.90205669
-0.27560453 0.79821060 0.84445131 1.90325826
-0.27557406 0.79345260 0.83994529 1.90507274
-0.27562874 0.78921615 0.83596251 1.90679719
-0.27561030 0.78549247 0.83244187 1.90825116
-0.27530961 0.78175769 0.82881872 1.90940075
-0.27613685 0.77793253 0.82548809 1.91188519
-0.27520365 0.77285671 0.82039292 1.91288287
-0.27499795 0.76911033 0.81679530 1.91418425
-0.27467849 0.76586355 0.81363090 1.91515804
-0.27496501 0.76184203 0.80994385 1.91716726
-0.27435059 0.75806639 0.80618416 1.91804032
-0.27411661 0.75378291 0.80207767 1.91958342
-0.27368825 0.75033593 0.79869222 1.92055434
-0.27415829 0.74654571 0.79529445 1.92274269
-0.27385530 0.74348449 0.79231680 1.92371561
-0.27400462 0.73944192 0.78857649 1.92566518
-0.27425467 0.73560046 0.78506284 1.92766407
-0.27318371 0.73201527 0.78132944 1.92798271
-0.27356627 0.72856284 0.77823024 1.92999436
-0.27332579 0.72471286 0.77454227 1.93145100
-0.27393340 0.72147048 0.77172480 1.93367033
-0.27265063 0.71779605 0.76783431 1.93380714
-0.27318513 0.71475867 0.76518630 1.93586966
-0.27240210 0.71102532 0.76141967 1.93665956
-0.27283922 0.70783158 0.75859527 1.93870383
-0.27288523 0.70443874 0.75544708 1.94037597
-0.27236413 0.70094858 0.75200474 1.94140629
-0.27243227 0.69774046 0.74904012 1.94304232
-0.27283539 0.69474211 0.74639517 1.94500647
-0.27228099 0.69154106 0.74321328 1.94588653
-0.27270290 0.68800358 0.74007824 1.94816812
-0.27193852 0.68450082 0.73654051 1.94895572
-0.27217988 0.68204991 0.73435275 1.95049341
-0.27244877 0.67831385 0.73098427 1.95272939
-0.27124360 0.67531880 0.72775585 1.95272660
-0.27124441 0.67250913 0.72514968 1.95417176
-0.27150386 0.66893743 0.72193603 1.95635564
-0.27173448 0.66614718 0.71943845 1.95811123
-0.27109727 0.66326034 0.71652495 1.95880954
-0.27163977 0.66002854 0.71374073 1.96122628
-0.27136749 0.65716620 0.71099067 1.96240433
-0.27099251 0.65426899 0.70817007 1.96347639
-0.27105875 0.65162649 0.70575487 1.96499589
-0.27121219 0.64840203 0.70283799 1.96695947
-0.27081032 0.64596847 0.70043807 1.96777086
-0.27087957 0.64251850 0.69728457 1.96977539
-0.26993507 0.63963368 0.69425945 1.97013602
-0.27063514 0.63741404 0.69248829 1.97231369
-0.27056312 0.63402141 0.68933849 1.97414094
-0.27040393 0.63175289 0.68718993 1.97522356
-0.26998298 0.62856685 0.68409582 1.97649048
-0.27006282 0.62660711 0.68232719 1.97773151
-0.27020667 0.62260247 0.67870869 1.98026150
-0.27034806 0.62075462 0.67707044 1.98153961
-0.27055973 0.61785183 0.67449496 1.98354574
-0.26982966 0.61542942 0.67198319 1.98399655
-0.26966836 0.61248884 0.66922612 1.98554019
-0.27024268 0.60964723 0.66685894 1.98804548
-0.26919568 0.60719259 0.66419061 1.98810203
-0.27010314 0.60456025 0.66215466 1.99096612
-0.26947028 0.60203655 0.65959248 1.99165085
-0.27016856 0.59939762 0.65747134 1.99426002
-0.26931587 0.59724959 0.65516266 1.99442074
-0.26942887 0.59424597 0.65247237 1.99647095
-0.26936572 0.59245430 0.65081487 1.99751937
-0.26894332 0.59021378 0.64860066 1.99835626
-0.26937637 0.58731560 0.64614491 2.00082599
-0.26931151 0.58520239 0.64419759 2.00210206
-0.26926390 0.58267214 0.64187995 2.00368264
-0.26860839 0.57993925 0.63912440 2.00454535
-0.26916660 0.57765573 0.63728863 2.00684608
-0.26857705 0.57496705 0.63460282 2.00779346
-0.26783755 0.57272097 0.63225490 2.00823724
-0.26838035 0.57055961 0.63052857 2.01046916
-0.26808834 0.56817011 0.62824250 2.01166748
-0.26898669 0.56595016 0.62662063 2.01447582
-0.26841801 0.56341070 0.62408320 2.01539955
-0.26821970 0.56179628 0.62254066 2.01622735
-0.26859143 0.55912853 0.62029515 2.01862112
-0.26884546 0.55701964 0.61850526 2.02046774
-0.26802799 0.55436086 0.61575561 2.02114899
-0.26835670 0.55187967 0.61366643 2.02339118
-0.26812952 0.55048227 0.61231052 2.02405553
-0.26757745 0.54795981 0.60980131 2.02505299
-0.26851283 0.54530968 0.60783369 2.02834893
-0.26789578 0.54419060 0.60655714 2.02825130
-0.26784270 0.54134078 0.60397811 2.03025641
-0.26774179 0.53932812 0.60212996 2.03158852
-0.26726421 0.53728956 0.60009185 2.03238622
-0.26763758 0.53533672 0.59851088 2.03439794
-0.26694214 0.53398533 0.59699115 2.03436824
-0.26805987 0.53126588 0.59506263 2.03809182
-0.26761577 0.52912194 0.59294876 2.03905194
-0.26732127 0.52707438 0.59098906 2.04017096
-0.26748361 0.52525094 0.58943705 2.04181587
-0.26714351 0.52295019 0.58723296 2.04307773
-0.26776427 0.52112814 0.58589440 2.04543600
-0.26731918 0.51910149 0.58388860 2.04634426
-0.26707912 0.51690682 0.58182808 2.04770437
-0.26768690 0.51509075 0.58049527 2.05007064
-0.26744331 0.51281915 0.57836788 2.05150808
-0.26765709 0.51097169 0.57682960 2.05331769
-0.26717609 0.50950872 0.57531052 2.05375702
-0.26752230 0.50728481 0.57350332 2.05609250
-0.26742302 0.50458590 0.57107093 2.05814330
-0.26700860 0.50330186 0.56974236 2.05855597
-0.26639577 0.50140717 0.56778152 2.05916637
-0.26713620 0.49990480 0.56680381 2.06156361
-0.26653986 0.49744129 0.56435036 2.06268900
-0.26709790 0.49519681 0.56263769 2.06544733
-0.26671860 0.49414648 0.56153322 2.06574077
-0.26686356 0.49235162 0.56002346 2.06749086
-0.26681645 0.49021560 0.55812395 2.06924037
-0.26662565 0.48893724 0.55691010 2.07003681
-0.26664046 0.48664485 0.55490571 2.07203808
-0.26658715 0.48443094 0.55293946 2.07387745
-0.26664715 0.48309493 0.55179835 2.07514003
-0.26667330 0.48075341 0.54976221 2.07723983
-0.26711976 0.48021123 0.54950504 2.07842893
-0.26626128 0.47780885 0.54698845 2.07919238
-0.26624171 0.47584540 0.54526461 2.08091387
-0.26647542 0.47411151 0.54386660 2.08284555
-0.26672616 0.47290793 0.54294084 2.08433429
-0.26628908 0.47093848 0.54101102 2.08541896
-0.26664153 0.46913843 0.53961891 2.08762939
-0.26589017 0.46723570 0.53759351 2.08816320
-0.26565223 0.46539196 0.53587385 2.08947901
-0.26644761 0.46453478 0.53552487 2.09156238
-0.26647858 0.46224276 0.53355337 2.09375007
-0.26528624 0.46063921 0.53156868 2.09331344
-0.26589762 0.45909972 0.53054133 2.09576019
-0.26600809 0.45743312 0.52915533 2.09751934
-0.26547369 0.45622551 0.52784278 2.09779424
-0.26640973 0.45396708 0.52636513 2.10148920
-0.26626547 0.45219515 0.52476448 2.10296112
-0.26560303 0.45086990 0.52328638 2.10315528
-0.26550225 0.44932296 0.52190283 2.10449336
-0.26476958 0.44737430 0.51985257 2.10518689
-0.26588908 0.44630416 0.51950400 2.10809055
-0.26544073 0.44469597 0.51789312 2.10893613
-0.26539941 0.44307075 0.51647704 2.11048025
-0.26604496 0.44135516 0.51533901 2.11326558
-0.26554424 0.44028563 0.51416454 2.11350541
-0.26547606 0.43929826 0.51328403 2.11438513
-0.26573784 0.43705777 0.51150375 2.11708865
-0.26561902 0.43591533 0.51046609 2.11805246
-0.26584852 0.43428609 0.50919530 2.12010227
-0.26473172 0.43205221 0.50670701 2.12052421
-0.26555757 0.43089663 0.50615485 2.12310822
-0.26521144 0.42918496 0.50451644 2.12430416
-0.26566842 0.42809692 0.50383200 2.12621095
-0.26536898 0.42630255 0.50214994 2.12758850
-0.26528341 0.42532865 0.50127811 2.12847031
-0.26442722 0.42365375 0.49940390 2.12879051
-0.26525300 0.42186093 0.49832299 2.13210121
-0.26519766 0.42074626 0.49735019 2.13320001
-0.26536797 0.41944442 0.49634039 2.13488885
-0.26497640 0.41787531 0.49480528 2.13591556
-0.26532365 0.41608980 0.49348491 2.13844742
-0.26518579 0.41411194 0.49174404 2.14037355
-0.26552196 0.41318216 0.49114296 2.14197085
-0.26525350 0.41244870 0.49038083 2.14231891
-0.26538120 0.41045124 0.48877132 2.14474919
-0.26468513 0.40934191 0.48746181 2.14478569
-0.26531639 0.40798000 0.48666258 2.14739446
-0.26457839 0.40615724 0.48473233 2.14816817
-0.26416397 0.40473032 0.48331070 2.14906118
-0.26476286 0.40411087 0.48312003 2.15080007
-0.26484779 0.40245794 0.48178496 2.15282772
-0.26485959 0.40073709 0.48035489 2.15481761
-0.26481900 0.39972673 0.47948990 2.15590884
-0.26485382 0.39863941 0.47860309 2.15722422
-0.26459802 0.39696358 0.47706624 2.15872155
-0.26482783 0.39618071 0.47654269 2.16003399
-0.26548972 0.39441653 0.47544631 2.16325344
-0.26443271 0.39267725 0.47341322 2.16345274
-0.26486077 0.39158847 0.47275020 2.16549021
-0.26488419 0.38971618 0.47121368 2.16775747
-0.26486803 0.38889995 0.47052975 2.16870419
-0.26405502 0.38760844 0.46900464 2.16882157
-0.26451668 0.38653152 0.46837559 2.17093066
-0.26464914 0.38543771 0.46754828 2.17248570
-0.26433773 0.38415880 0.46631794 2.17348757
-0.26482909 0.38291544 0.46557350 2.17587086
-0.26446673 0.38119767 0.46395507 2.17733455
-0.26472277 0.38013506 0.46322868 2.17909627
-0.26414894 0.37905557 0.46201492 2.17941228
-0.26453923 0.37743955 0.46091389 2.18211157
-0.26502384 0.37622840 0.46020152 2.18448441
-0.26470374 0.37533792 0.45928927 2.18503118
-0.26470657 0.37426136 0.45841153 2.18638970
-0.26449496 0.37283426 0.45712468 2.18781450
-0.26426291 0.37147867 0.45588517 2.18911984
-0.26365289 0.37049418 0.45472935 2.18928173
-0.26421303 0.36883240 0.45370239 2.19241126
-0.26387719 0.36754065 0.45245696 2.19347045
-0.26417821 0.36629607 0.45162256 2.19561909
-0.26428244 0.36616416 0.45157657 2.19597715
-0.26460102 0.36445254 0.45037690 2.19877491
-0.26431565 0.36269086 0.44878439 2.20056659
-0.26420111 0.36184006 0.44802952 2.20147841
-0.26474264 0.36035511 0.44715151 2.20441483
-0.26489433 0.35951092 0.44656143 2.20580782
-0.26396524 0.35873713 0.44538745 2.20515900
-0.26414675 0.35736868 0.44439383 2.20731301
-0.26433317 0.35563135 0.44310911 2.20998183
-0.26416924 0.35505897 0.44255199 2.21045609
-0.26398746 0.35405125 0.44163522 2.21148792
-0.26379602 0.35234298 0.44015215 2.21345916
-0.26404955 0.35159800 0.43970822 2.21493613
-0.26378220 0.35016069 0.43839886 2.21641730
-0.26388452 0.34965999 0.43806066 2.21729159
-0.26400537 0.34808229 0.43687540 2.21968784
-0.26419937 0.34714841 0.43624916 2.22133579
-0.26411102 0.34615598 0.43540624 2.22255470
-0.26369642 0.34510598 0.43432009 2.22326225
-0.26436058 0.34391046 0.43377520 2.22615221
-0.26357248 0.34300516 0.43257715 2.22598322
-0.26367208 0.34133387 0.43131401 2.22852731
-0.26353422 0.34048229 0.43055601 2.22948303
-0.26406114 0.33938356 0.43001103 2.23201598
-0.26367059 0.33824525 0.42887297 2.23292716
-0.26369631 0.33714905 0.42802480 2.23454909
-0.26384532 0.33563550 0.42692569 2.23700817
-0.26398492 0.33515112 0.42663136 2.23796707
-0.26310875 0.33467580 0.42571599 2.23704114
-0.26435578 0.33307150 0.42523005 2.24167832
-0.26364980 0.33204110 0.42398409 2.24188495
-0.26403081 0.33060087 0.42309479 2.24470694
-0.26340771 0.32985070 0.42211978 2.24466255
-0.26355237 0.32884802 0.42142718 2.24641547
-0.26296424 0.32794386 0.42035386 2.24666886
-0.26395472 0.32685139 0.42012371 2.25013490
-0.26362472 0.32633474 0.41951443 2.25029667
-0.26365126 0.32429362 0.41794538 2.25341499
-0.26370394 0.32365742 0.41748520 2.25447421
-0.26364037 0.32321776 0.41710426 2.25502186
-0.26426747 0.32210656 0.41664125 2.25787398
-0.26333671 0.32001217 0.41443216 2.25934311
-0.26349701 0.31972136 0.41430957 2.26008787
-0.26306347 0.31881327 0.41333315 2.26067574
-0.26305082 0.31699859 0.41192699 2.26345579
-0.26404065 0.31688201 0.41247021 2.26548302
-0.26357648 0.31604146 0.41152736 2.26592401
-0.26384505 0.31430442 0.41036749 2.26913770
-0.26409150 0.31354756 0.40994682 2.27078520
-0.26309845 0.31295285 0.40885239 2.26986453
-0.26302330 0.31142714 0.40763724 2.27213194
-0.26318940 0.31090913 0.40734892 2.27326398
-0.26364302 0.30967148 0.40669899 2.27608150
-0.26300865 0.30831307 0.40525363 2.27706252
-0.26297881 0.30779072 0.40483699 2.27784382
-0.26327503 0.30722379 0.40459882 2.27931066
-0.26306580 0.30576561 0.40335620 2.28126917
-0.26332734 0.30510019 0.40302284 2.28283793
-0.26382735 0.30374962 0.40232910 2.28597207
-0.26323153 0.30265077 0.40110887 2.28664704
-0.26318773 0.30265555 0.40108373 2.28655683
-0.26307869 0.30087952 0.39967347 2.28926689
-0.26331588 0.30114873 0.40003226 2.28927028
-0.26300009 0.29925094 0.39839701 2.29180911
-0.26337271 0.29827997 0.39791472 2.29412335
-0.26297296 0.29733350 0.39694079 2.29494666
-0.26306770 0.29689016 0.39667163 2.29586599
-0.26341440 0.29559552 0.39593416 2.29868989
-0.26322432 0.29480431 0.39521718 2.29966273
-0.26303288 0.29420720 0.39464436 2.30030860
-0.26278624 0.29312483 0.39367344 2.30167404
-0.26287525 0.29133103 0.39239924 2.30489445
-0.26308488 0.29112856 0.39238947 2.30563674
-0.26302486 0.28990321 0.39144086 2.30762179
-0.26312951 0.28947071 0.39119104 2.30856282
-0.26314117 0.28812153 0.39020161 2.31091068
-0.26304252 0.28718104 0.38944103 2.31235221
-0.26300122 0.28678778 0.38912321 2.31295657
-0.26288833 0.28585144 0.38835720 2.31437189
-0.26339928 0.28483480 0.38795624 2.31711519
-0.26300465 0.28386597 0.38697718 2.31806625
-0.26258814 0.28329702 0.38627675 2.31827633
-0.26308092 0.28224121 0.38583892 2.32107320
-0.26307418 0.28091321 0.38486394 2.32341315
-0.26261418 0.28073238 0.38441758 2.32286127
-0.26325680 0.27959412 0.38402736 2.32610816
-0.26278163 0.27962661 0.38372546 2.32514855
-0.26244074 0.27828395 0.38251418 2.32690292
-0.26248788 0.27670426 0.38139892 2.32983452
-0.26279607 0.27671848 0.38162140 2.33039477
-0.26331638 0.27601677 0.38147185 2.33265052
-0.26259187 0.27477264 0.38007169 2.33353077
-0.26303408 0.27347902 0.37944394 2.33672876
-0.26290308 0.27298964 0.37900049 2.33737474
-0.26288376 0.27186295 0.37817633 2.33940459
-0.26286265 0.27104967 0.37757741 2.34086166
-0.26233086 0.27013472 0.37655046 2.34153946
-0.26270015 0.26984812 0.37660241 2.34277309
-0.26305608 0.26894544 0.37620493 2.34512476
-0.26232093 0.26809626 0.37508382 2.34530663
-0.26271716 0.26731638 0.37480442 2.34751749
-0.26269919 0.26599693 0.37385189 2.34995707
-0.26284656 0.26538601 0.37352115 2.35138709
-0.26275837 0.26455094 0.37286614 2.35279504
-0.26260039 0.26420209 0.37250733 2.35315408
-0.26239434 0.26313430 0.37160523 2.35478645
-0.26267466 0.26206846 0.37104967 2.35734973
-0.26241652 0.26194671 0.37078094 2.35709045
-0.26276051 0.26043400 0.36995804 2.36064120
-0.26320600 0.26007300 0.37002076 2.36218166
-0.26337657 0.25924067 0.36955776 2.36410815
-0.26316152 0.25842580 0.36883313 2.36527367
-0.26303291 0.25750917 0.36809956 2.36680559
-0.26214120 0.25695424 0.36707423 2.36618646
-0.26273756 0.25610891 0.36690980 2.36896953
-0.26306623 0.25485144 0.36626916 2.37205436
-0.26280913 0.25454224 0.36586936 2.37217238
-0.26275346 0.25374136 0.36527258 2.37364129
-0.26231711 0.25358289 0.36484866 2.37312294
-0.26246369 0.25180406 0.36372032 2.37691932
-0.26231655 0.25104563 0.36308936 2.37814607
-0.26253610 0.25030787 0.36273852 2.38003394
-0.26242973 0.24948413 0.36209349 2.38147774
-0.26205417 0.24927300 0.36167584 2.38118536
-0.26247941 0.24829063 0.36130829 2.38396655
-0.26252520 0.24720714 0.36059791 2.38623662
-0.26279423 0.24661168 0.36038608 2.38795131
-0.26247366 0.24567695 0.35951298 2.38923705
-0.26250923 0.24524939 0.35924693 2.39017361
-0.26252131 0.24418860 0.35853244 2.39235861
-0.26218085 0.24336495 0.35772238 2.39339628
-0.26167409 0.24301560 0.35711330 2.39314788
-0.26271202 0.24188403 0.35710711 2.39744765
-0.26290529 0.24169820 0.35712352 2.39819701
-0.26270931 0.24032387 0.35605020 2.40066607
-0.26280966 0.24012660 0.35599115 2.40126519
-0.26240153 0.23945717 0.35523837 2.40188145
-0.26233467 0.23856618 0.35458892 2.40361043
-0.26294669 0.23786559 0.35457157 2.40623353
-0.26205530 0.23688217 0.35325082 2.40660523
-0.26258932 0.23630888 0.35326341 2.40882281
-0.26315569 0.23559005 0.35320475 2.41140824
-0.26245484 0.23526055 0.35246286 2.41077845
-0.26242541 0.23362767 0.35135307 2.41418316
-0.26229431 0.23302588 0.35085519 2.41521578
-0.26239088 0.23263467 0.35066774 2.41623271
-0.26292198 0.23167486 0.35043003 2.41928760
-0.26283817 0.23117552 0.35003718 2.42019961
-0.26217534 0.23051104 0.34910063 2.42037490
-0.26249082 0.22911016 0.34841484 2.42399236
-0.26247672 0.22901387 0.34834090 2.42417400
-0.26162900 0.22875114 0.34752959 2.42313995
-0.26270490 0.22777638 0.34770094 2.42728722
-0.26224196 0.22687507 0.34676093 2.42837650
-0.26246333 0.22683734 0.34690370 2.42887626
-0.26234202 0.22563068 0.34602390 2.43128539
-0.26230193 0.22507110 0.34562885 2.43243724
-0.26195123 0.22419134 0.34479008 2.43371131
-0.26208332 0.22371209 0.34457912 2.43501723
-0.26225582 0.22231018 0.34380217 2.43844444
-0.26247692 0.22188075 0.34369346 2.43981350
-0.26186205 0.22075168 0.34249531 2.44117211
-0.26185473 0.22043343 0.34228467 2.44186921
-0.26204191 0.21988685 0.34207629 2.44344397
-0.26208767 0.21965203 0.34196047 2.44405601
-0.26220575 0.21825476 0.34115538 2.44741739
-0.26219410 0.21738300 0.34058937 2.44936276
-0.26274148 0.21707267 0.34081319 2.45108882
-0.26272154 0.21617721 0.34022815 2.45308055
-0.26195851 0.21594453 0.33949124 2.45218170
-0.26197188 0.21545753 0.33919200 2.45331463
-0.26269641 0.21405731 0.33886567 2.45786417
-0.26228563 0.21382200 0.33839858 2.45763643
-0.26212073 0.21349739 0.33806570 2.45807246
-0.26241908 0.21275287 0.33782770 2.46033892
-0.26144134 0.21243837 0.33687036 2.45923627
-0.26223421 0.21130562 0.33677417 2.46333137
-0.26155236 0.21093650 0.33601167 2.46291353
-0.26244954 0.20997451 0.33610870 2.46681716
-0.26207044 0.20952307 0.33553067 2.46716189
-0.26180454 0.20872761 0.33482657 2.46852159
-0.26249862 0.20764640 0.33469771 2.47234026
-0.26210914 0.20747033 0.33428303 2.47203049
-0.26238017 0.20609056 0.33364153 2.47577729
-0.26203009 0.20592377 0.33326320 2.47552200
-0.26216629 0.20529778 0.33298400 2.47725287
-0.26243339 0.20455456 0.33273691 2.47950637
-0.26211972 0.20396913 0.33212972 2.48031602
-0.26199544 0.20301760 0.33144797 2.48235143
-0.26258332 0.20244585 0.33156345 2.48480051
-0.26219970 0.20204902 0.33101736 2.48504232
-0.26206959 0.20136548 0.33049739 2.48644028
-0.26183733 0.20100825 0.33009560 2.48686970
-0.26218830 0.20004683 0.32978999 2.48983018
-0.26163662 0.19982928 0.32921947 2.48933907
-0.26219553 0.19923608 0.32930459 2.49180084
-0.26218905 0.19836703 0.32877435 2.49389353
-0.26212333 0.19763425 0.32828027 2.49555284
-0.26190146 0.19726215 0.32787914 2.49605164
-0.26166672 0.19646825 0.32721437 2.49755806
-0.26216591 0.19588284 0.32726297 2.49990437
-0.26189809 0.19524595 0.32666740 2.50097550
-0.26232418 0.19491404 0.32681105 2.50256899
-0.26204317 0.19407288 0.32608420 2.50412561
-0.26181094 0.19316558 0.32535813 2.50594174
-0.26236722 0.19285040 0.32561916 2.50773488
-0.26163784 0.19227816 0.32469255 2.50782454
-0.26176903 0.19124806 0.32418952 2.51062457
-0.26117778 0.19085124 0.32347802 2.51053684
-0.26187650 0.19021648 0.32366898 2.51339394
-0.26179684 0.18944617 0.32315235 2.51517773
-0.26199569 0.18927020 0.32321038 2.51597945
-0.26193387 0.18815505 0.32250841 2.51867009
-0.26159650 0.18789005 0.32207981 2.51872722
-0.26218349 0.18733033 0.32223102 2.52120071
-0.26184450 0.18585046 0.32109646 2.52433694
-0.26174737 0.18556967 0.32085477 2.52487534
-0.26191145 0.18501777 0.32066990 2.52657532
-0.26213639 0.18492976 0.32080290 2.52720395
-0.26235459 0.18422453 0.32057544 2.52939391
-0.26171647 0.18345622 0.31961179 2.53021386
-0.26177207 0.18332133 0.31957992 2.53065933
-0.26158724 0.18218725 0.31877905 2.53324081
-0.26240871 0.18217922 0.31944890 2.53473111
-0.26159239 0.18147863 0.31837881 2.53507646
-0.26222644 0.18032700 0.31824602 2.53918538
-0.26216713 0.18002963 0.31802873 2.53985015
-0.26191652 0.17928604 0.31740156 2.54133442
-0.26215455 0.17921112 0.31755572 2.54195251
-0.26212305 0.17813304 0.31692250 2.54470469
-0.26191643 0.17745263 0.31636949 2.54611638
-0.26128018 0.17756514 0.31590617 2.54469184
-0.26189821 0.17603162 0.31555950 2.54981207
-0.26171290 0.17558102 0.31515447 2.55067071
-0.26218902 0.17505244 0.31525615 2.55290448
-0.26191034 0.17526426 0.31514217 2.55185445
-0.26192783 0.17439745 0.31467549 2.55417468
-0.26103810 0.17411286 0.31377727 2.55335812
-0.26195247 0.17332495 0.31410290 2.55706028
-0.26205556 0.17228530 0.31361655 2.56000633
-0.26155006 0.17155198 0.31279149 2.56107753
-0.26150693 0.17135175 0.31264564 2.56153738
-0.26204738 0.17050892 0.31263736 2.56473973
-0.26196700 0.17034411 0.31248012 2.56504154
-0.26213132 0.16911209 0.31194828 2.56863970
-0.26177717 0.16904403 0.31161382 2.56820709
-0.26169397 0.16901352 0.31152737 2.56814449
-0.26163284 0.16803058 0.31094376 2.57069330
-0.26150569 0.16743376 0.31051456 2.57208927
-0.26223163 0.16670609 0.31073517 2.57532113
-0.26140952 0.16620756 0.30977393 2.57525548
-0.26156658 0.16576773 0.30967082 2.57672617
-0.26169546 0.16491309 0.30932320 2.57928295
-0.26177270 0.16440169 0.30911626 2.58081582
-0.26180905 0.16385547 0.30885691 2.58237608
-0.26185436 0.16311405 0.30850267 2.58449119
-0.26140063 0.16274785 0.30792393 2.58472155
-0.26140738 0.16221620 0.30764901 2.58620015
-0.26116827 0.16224067 0.30745878 2.58572246
-0.26227834 0.16161015 0.30807104 2.58936238
-0.26169031 0.16095759 0.30722819 2.59016665
-0.26132713 0.15978477 0.30630547 2.59280686
-0.26185688 0.15929514 0.30650280 2.59507137
-0.26197127 0.15872463 0.30630451 2.59685670
-0.26152933 0.15808400 0.30559473 2.59790026
-0.26142961 0.15767156 0.30529619 2.59888742
-0.26172514 0.15733666 0.30537661 2.60032634
-0.26177436 0.15653177 0.30500493 2.60267121
-0.26157761 0.15658617 0.30486403 2.60218684
-0.26181444 0.15590148 0.30471638 2.60451396
-0.26144814 0.15555090 0.30422231 2.60488806
-0.26158817 0.15445956 0.30378632 2.60821113
-0.26127387 0.15419877 0.30338308 2.60842459
-0.26150429 0.15383390 0.30339638 2.60984629
-0.26151140 0.15323440 0.30309898 2.61156297
-0.26161618 0.15225671 0.30269643 2.61452475
-0.26126883 0.15179481 0.30216397 2.61526771
-0.26112677 0.15161054 0.30194858 2.61555904
-0.26130949 0.15133631 0.30196908 2.61664823
-0.26184762 0.15080891 0.30217132 2.61905110
-0.26130989 0.14997559 0.30128979 2.62055710
-0.26165093 0.14975960 0.30147827 2.62174157
-0.26199932 0.14854534 0.30117995 2.62581525
-0.26164797 0.14837440 0.30079000 2.62573355
-0.26154375 0.14792035 0.30047556 2.62687689
-0.26118299 0.14718818 0.29980146 2.62841027
-0.26154555 0.14689661 0.29997448 2.62985043
-0.26193490 0.14585416 0.29980548 2.63351805
-0.26163731 0.14566166 0.29945183 2.63359621
-0.26189990 0.14532470 0.29951766 2.63500560
-0.26168098 0.14478132 0.29906282 2.63623917
-0.26150861 0.14350896 0.29829780 2.63969169
-0.26185886 0.14334451 0.29852590 2.64073908
-0.26157295 0.14299041 0.29810513 2.64132049
-0.26162841 0.14167854 0.29752686 2.64527879
-0.26165007 0.14119878 0.29731777 2.64673242
-0.26148370 0.14156453 0.29734532 2.64538422
-0.26164376 0.14106114 0.29724687 2.64712985
-0.26171109 0.13993049 0.29677136 2.65059102
-0.26177559 0.13989314 0.29681063 2.65080447
-0.26179447 0.13917220 0.29648819 2.65297906
-0.26125167 0.13894846 0.29590389 2.65278563
-0.26134899 0.13842167 0.29574288 2.65451282
-0.26178971 0.13777092 0.29582880 2.65715403
-0.26177073 0.13732422 0.29560422 2.65846138
-0.26149280 0.13686575 0.29514525 2.65939952
-0.26097724 0.13600349 0.29428909 2.66118302
-0.26156986 0.13534153 0.29450997 2.66410620
-0.26183127 0.13517187 0.29466430 2.66502527
-0.26158661 0.13507267 0.29440139 2.66494344
-0.26141929 0.13425407 0.29387786 2.66715725
-0.26214416 0.13381445 0.29432273 2.66961108
-0.26179372 0.13309649 0.29368457 2.67124595
-0.26159219 0.13277216 0.29335801 2.67192012
-0.26160420 0.13192891 0.29298805 2.67450513
-0.26224899 0.13157271 0.29340400 2.67657870
-0.26153454 0.13172677 0.29283487 2.67501438
-0.26175541 0.13045185 0.29246125 2.67924742
-0.26134295 0.13058103 0.29214986 2.67822195
-0.26156355 0.12960042 0.29191053 2.68156478
-0.26125609 0.12913733 0.29142957 2.68252023
-0.26134189 0.12884021 0.29137498 2.68356484
-0.26162273 0.12828144 0.29138048 2.68571103
-0.26140885 0.12770089 0.29093316 2.68717907
-0.26101789 0.12702168 0.29028408 2.68869026
-0.26145793 0.12690911 0.29063064 2.68970105
-0.26162578 0.12593811 0.29035918 2.69296197
-0.26194271 0.12620629 0.29076109 2.69260365
-0.26173122 0.12564816 0.29032859 2.69401935
-0.26150851 0.12484489 0.28978086 2.69618570
-0.26157447 0.12424262 0.28958148 2.69816070
-0.26176698 0.12394131 0.28962631 2.69938560
-0.26098741 0.12306873 0.28854867 2.70096260
-0.26146254 0.12319361 0.28903170 2.70127295
-0.26161576 0.12238375 0.28882622 2.70403557
-0.26159691 0.12163597 0.28849307 2.70635571
-0.26147396 0.12138591 0.28827621 2.70696244
-0.26152977 0.12098459 0.28815810 2.70830722
-0.26172965 0.12011298 0.28797489 2.71134563
-0.26161705 0.12000628 0.28782805 2.71151937
-0.26138867 0.11925920 0.28730958 2.71355142
-0.26141879 0.11921770 0.28731976 2.71372635
-0.26205039 0.11792834 0.28736301 2.71872075
-0.26173300 0.11798396 0.28709646 2.71809041
-0.26054912 0.11754391 0.28583635 2.71779180
-0.26114743 0.11740836 0.28632622 2.71908265
-0.26112634 0.11635715 0.28587751 2.72240619
-0.26129659 0.11616708 0.28595577 2.72325562
-0.26103781 0.11588528 0.28560486 2.72378913
-0.26131018 0.11502219 0.28550502 2.72693925
-0.26154930 0.11465884 0.28557782 2.72844107
-0.26185808 0.11406646 0.28562354 2.73077461
-0.26161444 0.11303548 0.28498971 2.73374979
-0.26072282 0.11323809 0.28425210 2.73185135
-0.26141125 0.11266578 0.28465667 2.73465893
-0.26127599 0.11198505 0.28426360 2.73666976
-0.26117852 0.11165156 0.28404276 2.73761370
-0.26172708 0.11141679 0.28445521 2.73913063
-0.26143359 0.11106882 0.28404895 2.73985309
-0.26148107 0.11115421 0.28412604 2.73964183
-0.26109953 0.10943478 0.28310587 2.74470398
-0.26166675 0.10921384 0.28354391 2.74619593
-0.26131512 0.10876887 0.28304815 2.74716819
-0.26108045 0.10839679 0.28268864 2.74806437
-0.26142574 0.10808062 0.28288662 2.74956460
-0.26145102 0.10746485 0.28267531 2.75161190
-0.26169226 0.10731712 0.28284237 2.75241922
-0.26129101 0.10638018 0.28211653 2.75495234
-0.26148741 0.10605870 0.28217745 2.75626997
-0.26095233 0.10568931 0.28154280 2.75677148
-0.26160929 0.10502641 0.28190418 2.75982585
-0.26164954 0.10485630 0.28187821 2.76043909
-0.26137730 0.10401774 0.28131438 2.76284602
-0.26153065 0.10365005 0.28132119 2.76426198
-0.26139013 0.10340890 0.28110176 2.76487532
-0.26182081 0.10277078 0.28126850 2.76754824
-0.26147744 0.10300204 0.28103358 2.76633580
-0.26116983 0.10168420 0.28026658 2.77030845
-0.26088506 0.10148136 0.27992763 2.77061460
-0.26193199 0.10167617 0.28097404 2.77131924
-0.26152476 0.10091879 0.28032089 2.77331225
-0.26104387 0.10022063 0.27962131 2.77502252
-0.26137924 0.10001062 0.27985931 2.77615256
-0.26127601 0.09929264 0.27950703 2.77841971
-0.26144974 0.09875366 0.27947854 2.78044327
-0.26168168 0.09911184 0.27982219 2.77953871
-0.26188569 0.09777121 0.27954128 2.78428210
-0.26156289 0.09785168 0.27926707 2.78360788
-0.26130646 0.09629536 0.27848494 2.78851951
-0.26167362 0.09682167 0.27901168 2.78720455
-0.26138175 0.09567341 0.27834120 2.79070970
-0.26142752 0.09513375 0.27819917 2.79258791
-0.26124289 0.09539083 0.27811375 2.79149224
-0.26123661 0.09496141 0.27796086 2.79293568
-0.26161946 0.09471531 0.27823683 2.79423704
-0.26162728 0.09368408 0.27789483 2.79773585
-0.26109427 0.09328026 0.27725696 2.79845899
-0.26173681 0.09268387 0.27766249 2.80126021
-0.26142359 0.09249726 0.27730496 2.80151754
-0.26136418 0.09213056 0.27712682 2.80269347
-0.26141099 0.09218081 0.27718768 2.80257864
-0.26154594 0.09080198 0.27685968 2.80743753
-0.26139703 0.09008890 0.27648584 2.80969733
-0.26178580 0.09000590 0.27682642 2.81043839
-0.26122120 0.08961539 0.27616559 2.81111089
-0.26164107 0.08919349 0.27642636 2.81304745
-0.26123435 0.08887743 0.27593945 2.81365600
-0.26112962 0.08888491 0.27584272 2.81350804
-0.26135014 0.08799551 0.27576639 2.81681889
-0.26109041 0.08761914 0.27540028 2.81781313
-0.26083349 0.08698487 0.27495541 2.81970279
-0.26107609 0.08671191 0.27509940 2.82092305
-0.26126136 0.08620203 0.27511505 2.82289418
-0.26159916 0.08578309 0.27530503 2.82472372
-0.26136644 0.08538832 0.27496105 2.82582428
-0.26137541 0.08522369 0.27491850 2.82640363
-0.26130214 0.08439681 0.27459357 2.82918387
-0.26110937 0.08428107 0.27437456 2.82936933
-0.26129534 0.08359960 0.27434312 2.83194147
-0.26092754 0.08347019 0.27395338 2.83198226
-0.26136459 0.08278589 0.27416227 2.83484526
-0.26137214 0.08260109 0.27411373 2.83549630
-0.26115421 0.08182800 0.27367379 2.83794988
-0.26156971 0.08129193 0.27391074 2.84027102
-0.26075824 0.08108847 0.27307544 2.84010060
-0.26178350 0.08096014 0.27401669 2.84165885
-0.26151439 0.07975023 0.27340423 2.84559583
-0.26125287 0.08003054 0.27323607 2.84433535
-0.26084030 0.07977946 0.27276807 2.84477248
-0.26139722 0.07859047 0.27295598 2.84953474
-0.26178280 0.07838198 0.27326539 2.85067165
-0.26116101 0.07806720 0.27257946 2.85112363
-0.26137566 0.07810991 0.27279735 2.85119898
-0.26153818 0.07692200 0.27261551 2.85554471
-0.26180127 0.07640524 0.27272269 2.85763472
-0.26145010 0.07617282 0.27232050 2.85809276
-0.26148174 0.07622003 0.27236408 2.85795885
-0.26108688 0.07590477 0.27189684 2.85866559
-0.26095610 0.07485154 0.27147899 2.86225648
-0.26166250 0.07442983 0.27204239 2.86446250
-0.26162846 0.07380712 0.27183992 2.86663157
-0.26178673 0.07359699 0.27193531 2.86753329
-0.26098600 0.07366034 0.27118174 2.86650926
-0.26140136 0.07322827 0.27146464 2.86845663
-0.26148603 0.07222361 0.27127697 2.87210699
-0.26093219 0.07170379 0.27060496 2.87341375
-0.26129712 0.07144383 0.27088818 2.87469604
-0.26093148 0.07083269 0.27037475 2.87651968
-0.26156172 0.07056667 0.27091362 2.87807681
-0.26099876 0.07049934 0.27035256 2.87777483
-0.26145202 0.06972346 0.27058921 2.88097984
-0.26075743 0.06936037 0.26982457 2.88161674
-0.26166820 0.06890885 0.27058950 2.88409453
-0.26131722 0.06861672 0.27017576 2.88480933
-0.26115412 0.06855342 0.27000193 2.88488267
-0.26142124 0.06784879 0.27008243 2.88765724
-0.26187055 0.06721494 0.27035908 2.89034401
-0.26082585 0.06659079 0.26919223 2.89162497
-0.26088450 0.06626540 0.26916877 2.89285019
-0.26099791 0.06638648 0.26930851 2.89251811
-0.26101922 0.06545029 0.26909993 2.89590925
-0.26117460 0.06461523 0.26904888 2.89906027
-0.26107313 0.06486866 0.26901137 2.89805517
-0.26162345 0.06422981 0.26939246 2.90084923
-0.26129049 0.06354568 0.26890663 2.90302475
-0.26137668 0.06303574 0.26887036 2.90494338
-0.26177855 0.06289580 0.26922832 2.90579865
-0.26107467 0.06246952 0.26844446 2.90673011
-0.26117475 0.06265270 0.26858445 2.90615353
-0.26115010 0.06193168 0.26839319 2.90874444
-0.26139439 0.06096798 0.26841036 2.91244797
-0.26086624 0.06112691 0.26793226 2.91142256
-0.26140165 0.06026548 0.26825874 2.91500439
-0.26089872 0.06032463 0.26778201 2.91436724
-0.26106843 0.05923442 0.26770401 2.91847781
-0.26161883 0.05902553 0.26819475 2.91969148
-0.26141371 0.05836936 0.26785091 2.92191263
-0.26141768 0.05844040 0.26787027 2.92165704
-0.26121130 0.05795952 0.26756429 2.92324270
-0.26082442 0.05725660 0.26703501 2.92549870
-0.26143836 0.05689062 0.26755665 2.92732674
-0.26139420 0.05680140 0.26749454 2.92761754
-0.26124758 0.05638161 0.26726239 2.92903594
-0.26177864 0.05540179 0.26757693 2.93303405
-0.26155178 0.05566508 0.26740968 2.93189514
-0.26149889 0.05509504 0.26723984 2.93394028
-0.26096997 0.05456112 0.26661253 2.93549086
-0.26188340 0.05396918 0.26738659 2.93835693
-0.26109231 0.05400213 0.26661850 2.93763699
-0.26175527 0.05330540 0.26712785 2.94069383
-0.26092546 0.05235782 0.26612673 2.94356067
-0.26156943 0.05266614 0.26681883 2.94290253
-0.26141634 0.05221508 0.26658004 2.94444791
-0.26148042 0.05185911 0.26657340 2.94580449
-0.26141047 0.05136244 0.26640859 2.94758210
-0.26178112 0.05114021 0.26672960 2.94866754
-0.26124541 0.05032956 0.26604929 2.95127195
-0.26132068 0.05008642 0.26607733 2.95222278
-0.26119764 0.04959695 0.26586475 2.95394378
-0.26170839 0.04890116 0.26623787 2.95686922
-0.26112554 0.04884686 0.26565497 2.95666715
-0.26122004 0.04808685 0.26560921 2.95954518
-0.26144291 0.04788420 0.26579182 2.96044680
-0.26111169 0.04771783 0.26543606 2.96083853
-0.26118377 0.04705119 0.26538797 2.96335837
-0.26100875 0.04642351 0.26510509 2.96557149
-0.26116013 0.04592205 0.26516683 2.96753335
-0.26116687 0.04621880 0.26522502 2.96643579
-0.26099478 0.04533917 0.26490359 2.96959237
-0.26087191 0.04521802 0.26476183 2.96996376
-0.26142441 0.04430336 0.26515186 2.97371852
-0.26098978 0.04420912 0.26470760 2.97379519
-0.26145691 0.04392538 0.26512102 2.97514465
-0.26092033 0.04409731 0.26462047 2.97416795
-0.26079285 0.04313680 0.26433633 2.97767045
-0.26144906 0.04246330 0.26487495 2.98058337
-0.26109726 0.04216087 0.26447933 2.98149882
-0.26170326 0.04159947 0.26498889 2.98395489
-0.26099414 0.04113316 0.26421559 2.98527655
-0.26116387 0.04116115 0.26438761 2.98527190
-0.26118678 0.03993361 0.26422193 2.98987466
-0.26115610 0.04036219 0.26425672 2.98825390
-0.26097585 0.04025376 0.26406204 2.98855543
-0.26093574 0.03929283 0.26387759 2.99213130
-0.26106256 0.03928049 0.26400116 2.99224905
-0.26086475 0.03826382 0.26365609 2.99595054
-0.26111569 0.03774831 0.26383013 2.99802186
-0.26074775 0.03770622 0.26345995 2.99798013
-0.26112947 0.03740819 0.26379532 2.99930538
-0.26144758 0.03675004 0.26401781 3.00194387
-0.26127444 0.03582639 0.26371929 3.00532082
-0.26123610 0.03596730 0.26370049 3.00477166
-0.26091919 0.03580501 0.26336443 3.00521798
-0.26100830 0.03502804 0.26334824 3.00818696
-0.26095323 0.03443963 0.26321603 3.01037473
-0.26106519 0.03440654 0.26332270 3.01055495
-0.26135251 0.03452321 0.26362281 3.01025857
-0.26117070 0.03352349 0.26331343 3.01393215
-0.26094162 0.03316981 0.26304137 3.01515494
-0.26164601 0.03281335 0.26369556 3.01683278
-0.26122665 0.03223651 0.26320820 3.01880903
-0.26072010 0.03189768 0.26266410 3.01985313
-0.26121744 0.03137213 0.26309459 3.02206548
-0.26124329 0.03146145 0.26313092 3.02174014
-0.26065181 0.03097942 0.26248637 3.02329394
-0.26122902 0.03044160 0.26299676 3.02558367
-0.26166943 0.03052456 0.26344380 3.02546439
-0.26093333 0.02970914 0.26261918 3.02822367
-0.26124397 0.02921223 0.26287215 3.03023550
-0.26113318 0.02881459 0.26271814 3.03169282
-0.26134477 0.02840178 0.26288353 3.03334194
-0.26137148 0.02804232 0.26287149 3.03471236
-0.26087519 0.02773588 0.26234546 3.03567197
-0.26128831 0.02741052 0.26272213 3.03706969
-0.26059068 0.02644068 0.26192864 3.04047429
-0.26099747 0.02642513 0.26233179 3.04068982
-0.26117714 0.02609116 0.26247714 3.04202468
-0.26146013 0.02499076 0.26265174 3.04630061
-0.26102585 0.02506973 0.26222697 3.04584325
-0.26155238 0.02477720 0.26272334 3.04714320
-0.26080019 0.02428829 0.26192873 3.04873062
-0.26128883 0.02405625 0.26239390 3.04978381
-0.26067593 0.02348473 0.26173168 3.05174353
-0.26141656 0.02315216 0.26243978 3.05325890
-0.26131116 0.02281024 0.26230484 3.05452187
-0.26180338 0.02250376 0.26276878 3.05584669
-0.26079645 0.02150604 0.26168167 3.05931588
-0.26101333 0.02140725 0.26188973 3.05975988
-0.26064848 0.02110475 0.26150151 3.06079875
-0.26117752 0.02138457 0.26205152 3.05989738
-0.26095547 0.02061175 0.26176822 3.06277061
-0.26091163 0.01995896 0.26167391 3.06524435
-0.26121147 0.01975976 0.26195779 3.06608985
-0.26116383 0.01891395 0.26184782 3.06929711
-0.26108444 0.01880408 0.26176072 3.06969381
-0.26098240 0.01853251 0.26163958 3.07070109
-0.26123501 0.01764443 0.26183020 3.07415274
-0.26129398 0.01749357 0.26187892 3.07474267
-0.26150669 0.01730394 0.26207857 3.07551881
-0.26117841 0.01708465 0.26173660 3.07627199
-0.26072241 0.01669184 0.26125619 3.07765841
-0.26143379 0.01559985 0.26189881 3.08199296
-0.26106134 0.01564045 0.26152944 3.08175317
-0.26113303 0.01562476 0.26160006 3.08182941
-0.26203708 0.01530838 0.26248386 3.08323831
-0.26139273 0.01461888 0.26180120 3.08572399
-0.26110605 0.01373611 0.26146711 3.08903371
-0.26142444 0.01327298 0.26176117 3.09086446
-0.26119963 0.01318876 0.26153238 3.09114246
-0.26097158 0.01275779 0.26128323 3.09274580
-0.26059350 0.01195332 0.26086750 3.09575519
-0.26104990 0.01179891 0.26131641 3.09642548
-0.26163876 0.01172811 0.26190149 3.09679705
-0.26124966 0.01137455 0.26149716 3.09808113
-0.26098917 0.01052294 0.26120123 3.10129503
-0.26138363 0.01037676 0.26158953 3.10191413
-0.26137373 0.00978299 0.26155675 3.10418101
-0.26111902 0.00974319 0.26130074 3.10429676
-0.26116239 0.00945380 0.26133344 3.10540950
-0.26056975 0.00862680 0.26071251 3.10849730
-0.26094295 0.00826134 0.26107370 3.10994365
-0.26100379 0.00760768 0.26111464 3.11245311
-0.26133354 0.00747438 0.26144040 3.11299954
-0.26140640 0.00726625 0.26150737 3.11380306
-0.26082534 0.00674030 0.26091241 3.11575619
-0.26138049 0.00633517 0.26145725 3.11736006
-0.26074490 0.00613820 0.26081714 3.11805597
-0.26114371 0.00576207 0.26120727 3.11953150
-0.26106641 0.00494124 0.26111317 3.12266777
-0.26084217 0.00473837 0.26088520 3.12342899
-0.26091266 0.00416994 0.26094598 3.12561187
-0.26143790 0.00419167 0.26147150 3.12556087
-0.26097702 0.00361859 0.26100211 3.12772798
-0.26089474 0.00341357 0.26091708 3.12850931
-0.26102307 0.00298716 0.26104017 3.13014911
-0.26100783 0.00231489 0.26101809 3.13272383
-0.26132291 0.00203950 0.26133086 3.13378828
-0.26127933 0.00117140 0.26128195 3.13710934
-0.26094787 0.00136670 0.26095145 3.13635526
-0.26104865 0.00087969 0.26105013 3.13822285
-0.26154422 0.00119685 0.26154696 3.13701660
-0.26085500 0.00000000 0.26085500 3.14159265
-0.26154422 -0.00119685 0.26154696 -3.13701660
-0.26104865 -0.00087969 0.26105013 -3.13822285
-0.26094787 -0.00136670 0.26095145 -3.13635526
-0.26127933 -0.00117140 0.26128195 -3.13710934
-0.26132291 -0.00203950 0.26133086 -3.13378828
-0.26100783 -0.00231489 0.26101809 -3.13272383
-0.26102307 -0.00298716 0.26104017 -3.13014911
-0.26089474 -0.00341357 0.26091708 -3.12850931
-0.26097702 -0.00361859 0.26100211 -3.12772798
-0.26143790 -0.00419167 0.26147150 -3.12556087
-0.26091266 -0.00416994 0.26094598 -3.12561187
-0.26084217 -0.00473837 0.26088520 -3.12342899
-0.26106641 -0.00494124 0.26111317 -3.12266777
-0.26114371 -0.00576207 0.26120727 -3.11953150
-0.26074490 -0.00613820 0.26081714 -3.11805597
-0.26138049 -0.00633517 0.26145725 -3.11736006
-0.26082534 -0.00674030 0.26091241 -3.11575619
-0.26140640 -0.00726625 0.26150737 -3.11380306
-0.26133354 -0.00747438 0.26144040 -3.11299954
-0.26100379 -0.00760768 0.26111464 -3.11245311
-0.26094295 -0.00826134 0.26107370 -3.10994365
-0.26056975 -0.00862680 0.26071251 -3.10849730
-0.26116239 -0.00945380 0.26133344 -3.10540950
-0.26111902 -0.00974319 0.26130074 -3.10429676
-0.26137373 -0.00978299 0.26155675 -3.10418101
-0.26138363 -0.01037676 0.26158953 -3.10191413
-0.26098917 -0.01052294 0.26120123 -3.10129503
-0.26124966 -0.01137455 0.26149716 -3.09808113
-0.26163876 -0.01172811 0.26190149 -3.09679705
-0.26104990 -0.01179891 0.26131641 -3.09642548
-0.26059350 -0.01195332 0.26086750 -3.09575519
-0.26097158 -0.01275779 0.26128323 -3.09274580
-0.26119963 -0.01318876 0.26153238 -3.09114246
-0.26142444 -0.01327298 0.26176117 -3.09086446
-0.26110605 -0.01373611 0.26146711 -3.08903371
-0.26139273 -0.01461888 0.26180120 -3.08572399
-0.26203708 -0.01530838 0.26248386 -3.08323831
-0.26113303 -0.01562476 0.26160006 -3.08182941
-0.26106134 -0.01564045 0.26152944 -3.08175317
-0.26143379 -0.01559985 0.26189881 -3.08199296
-0.26072241 -0.01669184 0.26125619 -3.07765841
-0.26117841 -0.01708465 0.26173660 -3.07627199
-0.26150669 -0.01730394 0.26207857 -3.07551881
-0.26129398 -0.01749357 0.26187892 -3.07474267
-0.26123501 -0.01764443 0.26183020 -3.07415274
-0.26098240 -0.01853251 0.26163958 -3.07070109
-0.26108444 -0.01880408 0.26176072 -3.06969381
-0.26116383 -0.01891395 0.26184782 -3.06929711
-0.26121147 -0.01975976 0.26195779 -3.06608985
-0.26091163 -0.01995896 0.26167391 -3.06524435
-0.26095547 -0.02061175 0.26176822 -3.06277061
-0.26117752 -0.02138457 0.26205152 -3.05989738
-0.26064848 -0.02110475 0.26150151 -3.06079875
-0.26101333 -0.02140725 0.26188973 -3.05975988
-0.26079645 -0.02150604 0.26168167 -3.05931588
-0.26180338 -0.02250376 0.26276878 -3.05584669
-0.26131116 -0.02281024 0.26230484 -3.05452187
-0.26141656 -0.02315216 0.26243978 -3.05325890
-0.26067593 -0.02348473 0.26173168 -3.05174353
-0.26128883 -0.02405625 0.26239390 -3.04978381
-0.26080019 -0.02428829 0.26192873 -3.04873062
-0.26155238 -0.02477720 0.26272334 -3.04714320
-0.26102585 -0.02506973 0.26222697 -3.04584325
-0.26146013 -0.02499076 0.26265174 -3.04630061
-0.26117714 -0.02609116 0.26247714 -3.04202468
-0.26099747 -0.02642513 0.26233179 -3.04068982
-0.26059068 -0.02644068 0.26192864 -3.04047429
-0.26128831 -0.02741052 0.26272213 -3.03706969
-0.26087519 -0.02773588 0.26234546 -3.03567197
-0.26137148 -0.02804232 0.26287149 -3.03471236
-0.26134477 -0.02840178 0.26288353 -3.03334194
-0.26113318 -0.02881459 0.26271814 -3.03169282
-0.26124397 -0.02921223 0.26287215 -3.03023550
-0.26093333 -0.02970914 0.26261918 -3.02822367
-0.26166943 -0.03052456 0.26344380 -3.02546439
-0.26122902 -0.03044160 0.26299676 -3.02558367
-0.26065181 -0.03097942 0.26248637 -3.02329394
-0.26124329 -0.03146145 0.26313092 -3.02174014
-0.26121744 -0.03137213 0.26309459 -3.02206548
-0.26072010 -0.03189768 0.26266410 -3.01985313
-0.26122665 -0.03223651 0.26320820 -3.01880903
-0.26164601 -0.03281335 0.26369556 -3.01683278
-0.26094162 -0.03316981 0.26304137 -3.01515494
-0.26117070 -0.03352349 0.26331343 -3.01393215
-0.26135251 -0.03452321 0.26362281 -3.01025857
-0.26106519 -0.03440654 0.26332270 -3.01055495
-0.26095323 -0.03443963 0.26321603 -3.01037473
-0.26100830 -0.03502804 0.26334824 -3.00818696
-0.26091919 -0.03580501 0.26336443 -3.00521798
-0.26123610 -0.03596730 0.26370049 -3.00477166
-0.26127444 -0.03582639 0.26371929 -3.00532082
-0.26144758 -0.03675004 0.26401781 -3.00194387
-0.26112947 -0.03740819 0.26379532 -2.99930538
-0.26074775 -0.03770622 0.26345995 -2.99798013
-0.26111569 -0.03774831 0.26383013 -2.99802186
-0.26086475 -0.03826382 0.26365609 -2.99595054
-0.26106256 -0.03928049 0.26400116 -2.99224905
-0.26093574 -0.03929283 0.26387759 -2.99213130
-0.26097585 -0.04025376 0.26406204 -2.98855543
-0.26115610 -0.04036219 0.26425672 -2.98825390
-0.26118678 -0.03993361 0.26422193 -2.98987466
-0.26116387 -0.04116115 0.26438761 -2.98527190
-0.26099414 -0.04113316 0.26421559 -2.98527655
-0.26170326 -0.04159947 0.26498889 -2.98395489
-0.26109726 -0.04216087 0.26447933 -2.98149882
-0.26144906 -0.04246330 0.26487495 -2.98058337
-0.26079285 -0.04313680 0.26433633 -2.97767045
-0.26092033 -0.04409731 0.26462047 -2.97416795
-0.26145691 -0.04392538 0.26512102 -2.97514465
-0.26098978 -0.04420912 0.26470760 -2.97379519
-0.26142441 -0.04430336 0.26515186 -2.97371852
-0.26087191 -0.04521802 0.26476183 -2.96996376
-0.26099478 -0.04533917 0.26490359 -2.96959237
-0.26116687 -0.04621880 0.26522502 -2.96643579
-0.26116013 -0.04592205 0.26516683 -2.96753335
-0.26100875 -0.04642351 0.26510509 -2.96557149
-0.26118377 -0.04705119 0.26538797 -2.96335837
-0.26111169 -0.04771783 0.26543606 -2.96083853
-0.26144291 -0.04788420 0.26579182 -2.96044680
-0.26122004 -0.04808685 0.26560921 -2.95954518
-0.26112554 -0.04884686 0.26565497 -2.95666715
-0.26170839 -0.04890116 0.26623787 -2.95686922
-0.26119764 -0.04959695 0.26586475 -2.95394378
-0.26132068 -0.05008642 0.26607733 -2.95222278
-0.26124541 -0.05032956 0.26604929 -2.95127195
-0.26178112 -0.05114021 0.26672960 -2.94866754
-0.26141047 -0.05136244 0.26640859 -2.94758210
-0.26148042 -0.05185911 0.26657340 -2.94580449
-0.26141634 -0.05221508 0.26658004 -2.94444791
-0.26156943 -0.05266614 0.26681883 -2.94290253
-0.26092546 -0.05235782 0.26612673 -2.94356067
-0.26175527 -0.05330540 0.26712785 -2.94069383
-0.26109231 -0.05400213 0.26661850 -2.93763699
-0.26188340 -0.05396918 0.26738659 -2.93835693
-0.26096997 -0.05456112 0.26661253 -2.93549086
-0.26149889 -0.05509504 0.26723984 -2.93394028
-0.26155178 -0.05566508 0.26740968 -2.93189514
-0.26177864 -0.05540179 0.26757693 -2.93303405
-0.26124758 -0.05638161 0.26726239 -2.92903594
-0.26139420 -0.05680140 0.26749454 -2.92761754
-0.26143836 -0.05689062 0.26755665 -2.92732674
-0.26082442 -0.05725660 0.26703501 -2.92549870
-0.26121130 -0.05795952 0.26756429 -2.92324270
-0.26141768 -0.05844040 0.26787027 -2.92165704
-0.26141371 -0.05836936 0.26785091 -2.92191263
-0.26161883 -0.05902553 0.26819475 -2.91969148
-0.26106843 -0.05923442 0.26770401 -2.91847781
-0.26089872 -0.06032463 0.26778201 -2.91436724
-0.26140165 -0.06026548 0.26825874 -2.91500439
-0.26086624 -0.06112691 0.26793226 -2.91142256
-0.26139439 -0.06096798 0.26841036 -2.91244797
-0.26115010 -0.06193168 0.26839319 -2.90874444
-0.26117475 -0.06265270 0.26858445 -2.90615353
-0.26107467 -0.06246952 0.26844446 -2.90673011
-0.26177855 -0.06289580 0.26922832 -2.90579865
-0.26137668 -0.06303574 0.26887036 -2.90494338
-0.26129049 -0.06354568 0.26890663 -2.90302475
-0.26162345 -0.06422981 0.26939246 -2.90084923
-0.26107313 -0.06486866 0.26901137 -2.89805517
-0.26117460 -0.06461523 0.26904888 -2.89906027
-0.26101922 -0.06545029 0.26909993 -2.89590925
-0.26099791 -0.06638648 0.26930851 -2.89251811
-0.26088450 -0.06626540 0.26916877 -2.89285019
-0.26082585 -0.06659079 0.26919223 -2.89162497
-0.26187055 -0.06721494 0.27035908 -2.89034401
-0.26142124 -0.06784879 0.27008243 -2.88765724
-0.26115412 -0.06855342 0.27000193 -2.88488267
-0.26131722 -0.06861672 0.27017576 -2.88480933
-0.26166820 -0.06890885 0.27058950 -2.88409453
-0.26075743 -0.06936037 0.26982457 -2.88161674
-0.26145202 -0.06972346 0.27058921 -2.88097984
-0.26099876 -0.07049934 0.27035256 -2.87777483
-0.26156172 -0.07056667 0.27091362 -2.87807681
-0.26093148 -0.07083269 0.27037475 -2.87651968
-0.26129712 -0.07144383 0.27088818 -2.87469604
-0.26093219 -0.07170379 0.27060496 -2.87341375
-0.26148603 -0.07222361 0.27127697 -2.87210699
-0.26140136 -0.07322827 0.27146464 -2.86845663
-0.26098600 -0.07366034 0.27118174 -2.86650926
-0.26178673 -0.07359699 0.27193531 -2.86753329
-0.26162846 -0.07380712 0.27183992 -2.86663157
-0.26166250 -0.07442983 0.27204239 -2.86446250
-0.26095610 -0.07485154 0.27147899 -2.86225648
-0.26108688 -0.07590477 0.27189684 -2.85866559
-0.26148174 -0.07622003 0.27236408 -2.85795885
-0.26145010 -0.07617282 0.27232050 -2.85809276
-0.26180127 -0.07640524 0.27272269 -2.85763472
-0.26153818 -0.07692200 0.27261551 -2.85554471
-0.26137566 -0.07810991 0.27279735 -2.85119898
-0.26116101 -0.07806720 0.27257946 -2.85112363
-0.26178280 -0.07838198 0.27326539 -2.85067165
-0.26139722 -0.07859047 0.27295598 -2.84953474
-0.26084030 -0.07977946 0.27276807 -2.84477248
-0.26125287 -0.08003054 0.27323607 -2.84433535
-0.26151439 -0.07975023 0.27340423 -2.84559583
-0.26178350 -0.08096014 0.27401669 -2.84165885
-0.26075824 -0.08108847 0.27307544 -2.84010060
-0.26156971 -0.08129193 0.27391074 -2.84027102
-0.26115421 -0.08182800 0.27367379 -2.83794988
-0.26137214 -0.08260109 0.27411373 -2.83549630
-0.26136459 -0.08278589 0.27416227 -2.83484526
-0.26092754 -0.08347019 0.27395338 -2.83198226
-0.26129534 -0.08359960 0.27434312 -2.83194147
-0.26110937 -0.08428107 0.27437456 -2.82936933
-0.26130214 -0.08439681 0.27459357 -2.82918387
-0.26137541 -0.08522369 0.27491850 -2.82640363
-0.26136644 -0.08538832 0.27496105 -2.82582428
-0.26159916 -0.08578309 0.27530503 -2.82472372
-0.26126136 -0.08620203 0.27511505 -2.82289418
-0.26107609 -0.08671191 0.27509940 -2.82092305
-0.26083349 -0.08698487 0.27495541 -2.81970279
-0.26109041 -0.08761914 0.27540028 -2.81781313
-0.26135014 -0.08799551 0.27576639 -2.81681889
-0.26112962 -0.08888491 0.27584272 -2.81350804
-0.26123435 -0.08887743 0.27593945 -2.81365600
-0.26164107 -0.08919349 0.27642636 -2.81304745
-0.26122120 -0.08961539 0.27616559 -2.81111089
-0.26178580 -0.09000590 0.27682642 -2.81043839
-0.26139703 -0.09008890 0.27648584 -2.80969733
-0.26154594 -0.09080198 0.27685968 -2.80743753
-0.26141099 -0.09218081 0.27718768 -2.80257864
-0.26136418 -0.09213056 0.27712682 -2.80269347
-0.26142359 -0.09249726 0.27730496 -2.80151754
-0.26173681 -0.09268387 0.27766249 -2.80126021
-0.26109427 -0.09328026 0.27725696 -2.79845899
-0.26162728 -0.09368408 0.27789483 -2.79773585
-0.26161946 -0.09471531 0.27823683 -2.79423704
-0.26123661 -0.09496141 0.27796086 -2.79293568
-0.26124289 -0.09539083 0.27811375 -2.79149224
-0.26142752 -0.09513375 0.27819917 -2.79258791
-0.26138175 -0.09567341 0.27834120 -2.79070970
-0.26167362 -0.09682167 0.27901168 -2.78720455
-0.26130646 -0.09629536 0.27848494 -2.78851951
-0.26156289 -0.09785168 0.27926707 -2.78360788
-0.26188569 -0.09777121 0.27954128 -2.78428210
-0.26168168 -0.09911184 0.27982219 -2.77953871
-0.26144974 -0.09875366 0.27947854 -2.78044327
-0.26127601 -0.09929264 0.27950703 -2.77841971
-0.26137924 -0.10001062 0.27985931 -2.77615256
-0.26104387 -0.10022063 0.27962131 -2.77502252
-0.26152476 -0.10091879 0.28032089 -2.77331225
-0.26193199 -0.10167617 0.28097404 -2.77131924
-0.26088506 -0.10148136 0.27992763 -2.77061460
-0.26116983 -0.10168420 0.28026658 -2.77030845
-0.26147744 -0.10300204 0.28103358 -2.76633580
-0.26182081 -0.10277078 0.28126850 -2.76754824
-0.26139013 -0.10340890 0.28110176 -2.76487532
-0.26153065 -0.10365005 0.28132119 -2.76426198
-0.26137730 -0.10401774 0.28131438 -2.76284602
-0.26164954 -0.10485630 0.28187821 -2.76043909
-0.26160929 -0.10502641 0.28190418 -2.75982585
-0.26095233 -0.10568931 0.28154280 -2.75677148
-0.26148741 -0.10605870 0.28217745 -2.75626997
-0.26129101 -0.10638018 0.28211653 -2.75495234
-0.26169226 -0.10731712 0.28284237 -2.75241922
-0.26145102 -0.10746485 0.28267531 -2.75161190
-0.26142574 -0.10808062 0.28288662 -2.74956460
-0.26108045 -0.10839679 0.28268864 -2.74806437
-0.26131512 -0.10876887 0.28304815 -2.74716819
-0.26166675 -0.10921384 0.28354391 -2.74619593
-0.26109953 -0.10943478 0.28310587 -2.74470398
-0.26148107 -0.11115421 0.28412604 -2.73964183
-0.26143359 -0.11106882 0.28404895 -2.73985309
-0.26172708 -0.11141679 0.28445521 -2.73913063
-0.26117852 -0.11165156 0.28404276 -2.73761370
-0.26127599 -0.11198505 0.28426360 -2.73666976
-0.26141125 -0.11266578 0.28465667 -2.73465893
-0.26072282 -0.11323809 0.28425210 -2.73185135
-0.26161444 -0.11303548 0.28498971 -2.73374979
-0.26185808 -0.11406646 0.28562354 -2.73077461
-0.26154930 -0.11465884 0.28557782 -2.72844107
-0.26131018 -0.11502219 0.28550502 -2.72693925
-0.26103781 -0.11588528 0.28560486 -2.72378913
-0.26129659 -0.11616708 0.28595577 -2.72325562
-0.26112634 -0.11635715 0.28587751 -2.72240619
-0.26114743 -0.11740836 0.28632622 -2.71908265
-0.26054912 -0.11754391 0.28583635 -2.71779180
-0.26173300 -0.11798396 0.28709646 -2.71809041
-0.26205039 -0.11792834 0.28736301 -2.71872075
-0.26141879 -0.11921770 0.28731976 -2.71372635
-0.26138867 -0.11925920 0.28730958 -2.71355142
-0.26161705 -0.12000628 0.28782805 -2.71151937
-0.26172965 -0.12011298 0.28797489 -2.71134563
-0.26152977 -0.12098459 0.28815810 -2.70830722
-0.26147396 -0.12138591 0.28827621 -2.70696244
-0.26159691 -0.12163597 0.28849307 -2.70635571
-0.26161576 -0.12238375 0.28882622 -2.70403557
-0.26146254 -0.12319361 0.28903170 -2.70127295
-0.26098741 -0.12306873 0.28854867 -2.70096260
-0.26176698 -0.12394131 0.28962631 -2.69938560
-0.26157447 -0.12424262 0.28958148 -2.69816070
-0.26150851 -0.12484489 0.28978086 -2.69618570
-0.26173122 -0.12564816 0.29032859 -2.69401935
-0.26194271 -0.12620629 0.29076109 -2.69260365
-0.26162578 -0.12593811 0.29035918 -2.69296197
-0.26145793 -0.12690911 0.29063064 -2.68970105
-0.26101789 -0.12702168 0.29028408 -2.68869026
-0.26140885 -0.12770089 0.29093316 -2.68717907
-0.26162273 -0.12828144 0.29138048 -2.68571103
-0.26134189 -0.12884021 0.29137498 -2.68356484
-0.26125609 -0.12913733 0.29142957 -2.68252023
-0.26156355 -0.12960042 0.29191053 -2.68156478
-0.26134295 -0.13058103 0.29214986 -2.67822195
-0.26175541 -0.13045185 0.29246125 -2.67924742
-0.26153454 -0.13172677 0.29283487 -2.67501438
-0.26224899 -0.13157271 0.29340400 -2.67657870
-0.26160420 -0.13192891 0.29298805 -2.67450513
-0.26159219 -0.13277216 0.29335801 -2.67192012
-0.26179372 -0.13309649 0.29368457 -2.67124595
-0.26214416 -0.13381445 0.29432273 -2.66961108
-0.26141929 -0.13425407 0.29387786 -2.66715725
-0.26158661 -0.13507267 0.29440139 -2.66494344
-0.26183127 -0.13517187 0.29466430 -2.66502527
-0.26156986 -0.13534153 0.29450997 -2.66410620
-0.26097724 -0.13600349 0.29428909 -2.66118302
-0.26149280 -0.13686575 0.29514525 -2.65939952
-0.26177073 -0.13732422 0.29560422 -2.65846138
-0.26178971 -0.13777092 0.29582880 -2.65715403
-0.26134899 -0.13842167 0.29574288 -2.65451282
-0.26125167 -0.13894846 0.29590389 -2.65278563
-0.26179447 -0.13917220 0.29648819 -2.65297906
-0.26177559 -0.13989314 0.29681063 -2.65080447
-0.26171109 -0.13993049 0.29677136 -2.65059102
-0.26164376 -0.14106114 0.29724687 -2.64712985
-0.26148370 -0.14156453 0.29734532 -2.64538422
-0.26165007 -0.14119878 0.29731777 -2.64673242
-0.26162841 -0.14167854 0.29752686 -2.64527879
-0.26157295 -0.14299041 0.29810513 -2.64132049
-0.26185886 -0.14334451 0.29852590 -2.64073908
-0.26150861 -0.14350896 0.29829780 -2.63969169
-0.26168098 -0.14478132 0.29906282 -2.63623917
-0.26189990 -0.14532470 0.29951766 -2.63500560
-0.26163731 -0.14566166 0.29945183 -2.63359621
-0.26193490 -0.14585416 0.29980548 -2.63351805
-0.26154555 -0.14689661 0.29997448 -2.62985043
-0.26118299 -0.14718818 0.29980146 -2.62841027
-0.26154375 -0.14792035 0.30047556 -2.62687689
-0.26164797 -0.14837440 0.30079000 -2.62573355
-0.26199932 -0.14854534 0.30117995 -2.62581525
-0.26165093 -0.14975960 0.30147827 -2.62174157
-0.26130989 -0.14997559 0.30128979 -2.62055710
-0.26184762 -0.15080891 0.30217132 -2.61905110
-0.26130949 -0.15133631 0.30196908 -2.61664823
-0.26112677 -0.15161054 0.30194858 -2.61555904
-0.26126883 -0.15179481 0.30216397 -2.61526771
-0.26161618 -0.15225671 0.30269643 -2.61452475
-0.26151140 -0.15323440 0.30309898 -2.61156297
-0.26150429 -0.15383390 0.30339638 -2.60984629
-0.26127387 -0.15419877 0.30338308 -2.60842459
-0.26158817 -0.15445956 0.30378632 -2.60821113
-0.26144814 -0.15555090 0.30422231 -2.60488806
-0.26181444 -0.15590148 0.30471638 -2.60451396
-0.26157761 -0.15658617 0.30486403 -2.60218684
-0.26177436 -0.15653177 0.30500493 -2.60267121
-0.26172514 -0.15733666 0.30537661 -2.60032634
-0.26142961 -0.15767156 0.30529619 -2.59888742
-0.26152933 -0.15808400 0.30559473 -2.59790026
-0.26197127 -0.15872463 0.30630451 -2.59685670
-0.26185688 -0.15929514 0.30650280 -2.59507137
-0.26132713 -0.15978477 0.30630547 -2.59280686
-0.26169031 -0.16095759 0.30722819 -2.59016665
-0.26227834 -0.16161015 0.30807104 -2.58936238
-0.26116827 -0.16224067 0.30745878 -2.58572246
-0.26140738 -0.16221620 0.30764901 -2.58620015
-0.26140063 -0.16274785 0.30792393 -2.58472155
-0.26185436 -0.16311405 0.30850267 -2.58449119
-0.26180905 -0.16385547 0.30885691 -2.58237608
-0.26177270 -0.16440169 0.30911626 -2.58081582
-0.26169546 -0.16491309 0.30932320 -2.57928295
-0.26156658 -0.16576773 0.30967082 -2.57672617
-0.26140952 -0.16620756 0.30977393 -2.57525548
-0.26223163 -0.16670609 0.31073517 -2.57532113
-0.26150569 -0.16743376 0.31051456 -2.57208927
-0.26163284 -0.16803058 0.31094376 -2.57069330
-0.26169397 -0.16901352 0.31152737 -2.56814449
-0.26177717 -0.16904403 0.31161382 -2.56820709
-0.26213132 -0.16911209 0.31194828 -2.56863970
-0.26196700 -0.17034411 0.31248012 -2.56504154
-0.26204738 -0.17050892 0.31263736 -2.56473973
-0.26150693 -0.17135175 0.31264564 -2.56153738
-0.26155006 -0.17155198 0.31279149 -2.56107753
-0.26205556 -0.17228530 0.31361655 -2.56000633
-0.26195247 -0.17332495 0.31410290 -2.55706028
-0.26103810 -0.17411286 0.31377727 -2.55335812
-0.26192783 -0.17439745 0.31467549 -2.55417468
-0.26191034 -0.17526426 0.31514217 -2.55185445
-0.26218902 -0.17505244 0.31525615 -2.55290448
-0.26171290 -0.17558102 0.31515447 -2.55067071
-0.26189821 -0.17603162 0.31555950 -2.54981207
-0.26128018 -0.17756514 0.31590617 -2.54469184
-0.26191643 -0.17745263 0.31636949 -2.54611638
-0.26212305 -0.17813304 0.31692250 -2.54470469
-0.26215455 -0.17921112 0.31755572 -2.54195251
-0.26191652 -0.17928604 0.31740156 -2.54133442
-0.26216713 -0.18002963 0.31802873 -2.53985015
-0.26222644 -0.18032700 0.31824602 -2.53918538
-0.26159239 -0.18147863 0.31837881 -2.53507646
-0.26240871 -0.18217922 0.31944890 -2.53473111
-0.26158724 -0.18218725 0.31877905 -2.53324081
-0.26177207 -0.18332133 0.31957992 -2.53065933
-0.26171647 -0.18345622 0.31961179 -2.53021386
-0.26235459 -0.18422453 0.32057544 -2.52939391
-0.26213639 -0.18492976 0.32080290 -2.52720395
-0.26191145 -0.18501777 0.32066990 -2.52657532
-0.26174737 -0.18556967 0.32085477 -2.52487534
-0.26184450 -0.18585046 0.32109646 -2.52433694
-0.26218349 -0.18733033 0.32223102 -2.52120071
-0.26159650 -0.18789005 0.32207981 -2.51872722
-0.26193387 -0.18815505 0.32250841 -2.51867009
-0.26199569 -0.18927020 0.32321038 -2.51597945
-0.26179684 -0.18944617 0.32315235 -2.51517773
-0.26187650 -0.19021648 0.32366898 -2.51339394
-0.26117778 -0.19085124 0.32347802 -2.51053684
-0.26176903 -0.19124806 0.32418952 -2.51062457
-0.26163784 -0.19227816 0.32469255 -2.50782454
-0.26236722 -0.19285040 0.32561916 -2.50773488
-0.26181094 -0.19316558 0.32535813 -2.50594174
-0.26204317 -0.19407288 0.32608420 -2.50412561
-0.26232418 -0.19491404 0.32681105 -2.50256899
-0.26189809 -0.19524595 0.32666740 -2.50097550
-0.26216591 -0.19588284 0.32726297 -2.49990437
-0.26166672 -0.19646825 0.32721437 -2.49755806
-0.26190146 -0.19726215 0.32787914 -2.49605164
-0.26212333 -0.19763425 0.32828027 -2.49555284
-0.26218905 -0.19836703 0.32877435 -2.49389353
-0.26219553 -0.19923608 0.32930459 -2.49180084
-0.26163662 -0.19982928 0.32921947 -2.48933907
-0.26218830 -0.20004683 0.32978999 -2.48983018
-0.26183733 -0.20100825 0.33009560 -2.48686970
-0.26206959 -0.20136548 0.33049739 -2.48644028
-0.26219970 -0.20204902 0.33101736 -2.48504232
-0.26258332 -0.20244585 0.33156345 -2.48480051
-0.26199544 -0.20301760 0.33144797 -2.48235143
-0.26211972 -0.20396913 0.33212972 -2.48031602
-0.26243339 -0.20455456 0.33273691 -2.47950637
-0.26216629 -0.20529778 0.33298400 -2.47725287
-0.26203009 -0.20592377 0.33326320 -2.47552200
-0.26238017 -0.20609056 0.33364153 -2.47577729
-0.26210914 -0.20747033 0.33428303 -2.47203049
-0.26249862 -0.20764640 0.33469771 -2.47234026
-0.26180454 -0.20872761 0.33482657 -2.46852159
-0.26207044 -0.20952307 0.33553067 -2.46716189
-0.26244954 -0.20997451 0.33610870 -2.46681716
-0.26155236 -0.21093650 0.33601167 -2.46291353
-0.26223421 -0.21130562 0.33677417 -2.46333137
-0.26144134 -0.21243837 0.33687036 -2.45923627
-0.26241908 -0.21275287 0.33782770 -2.46033892
-0.26212073 -0.21349739 0.33806570 -2.45807246
-0.26228563 -0.21382200 0.33839858 -2.45763643
-0.26269641 -0.21405731 0.33886567 -2.45786417
-0.26197188 -0.21545753 0.33919200 -2.45331463
-0.26195851 -0.21594453 0.33949124 -2.45218170
-0.26272154 -0.21617721 0.34022815 -2.45308055
-0.26274148 -0.21707267 0.34081319 -2.45108882
-0.26219410 -0.21738300 0.34058937 -2.44936276
-0.26220575 -0.21825476 0.34115538 -2.44741739
-0.26208767 -0.21965203 0.34196047 -2.44405601
-0.26204191 -0.21988685 0.34207629 -2.44344397
-0.26185473 -0.22043343 0.34228467 -2.44186921
-0.26186205 -0.22075168 0.34249531 -2.44117211
-0.26247692 -0.22188075 0.34369346 -2.43981350
-0.26225582 -0.22231018 0.34380217 -2.43844444
-0.26208332 -0.22371209 0.34457912 -2.43501723
-0.26195123 -0.22419134 0.34479008 -2.43371131
-0.26230193 -0.22507110 0.34562885 -2.43243724
-0.26234202 -0.22563068 0.34602390 -2.43128539
-0.26246333 -0.22683734 0.34690370 -2.42887626
-0.26224196 -0.22687507 0.34676093 -2.42837650
-0.26270490 -0.22777638 0.34770094 -2.42728722
-0.26162900 -0.22875114 0.34752959 -2.42313995
-0.26247672 -0.22901387 0.34834090 -2.42417400
-0.26249082 -0.22911016 0.34841484 -2.42399236
-0.26217534 -0.23051104 0.34910063 -2.42037490
-0.26283817 -0.23117552 0.35003718 -2.42019961
-0.26292198 -0.23167486 0.35043003 -2.41928760
-0.26239088 -0.23263467 0.35066774 -2.41623271
-0.26229431 -0.23302588 0.35085519 -2.41521578
-0.26242541 -0.23362767 0.35135307 -2.41418316
-0.26245484 -0.23526055 0.35246286 -2.41077845
-0.26315569 -0.23559005 0.35320475 -2.41140824
-0.26258932 -0.23630888 0.35326341 -2.40882281
-0.26205530 -0.23688217 0.35325082 -2.40660523
-0.26294669 -0.23786559 0.35457157 -2.40623353
-0.26233467 -0.23856618 0.35458892 -2.40361043
-0.26240153 -0.23945717 0.35523837 -2.40188145
-0.26280966 -0.24012660 0.35599115 -2.40126519
-0.26270931 -0.24032387 0.35605020 -2.40066607
-0.26290529 -0.24169820 0.35712352 -2.39819701
-0.26271202 -0.24188403 0.35710711 -2.39744765
-0.26167409 -0.24301560 0.35711330 -2.39314788
-0.26218085 -0.24336495 0.35772238 -2.39339628
-0.26252131 -0.24418860 0.35853244 -2.39235861
-0.26250923 -0.24524939 0.35924693 -2.39017361
-0.26247366 -0.24567695 0.35951298 -2.38923705
-0.26279423 -0.24661168 0.36038608 -2.38795131
-0.26252520 -0.24720714 0.36059791 -2.38623662
-0.26247941 -0.24829063 0.36130829 -2.38396655
-0.26205417 -0.24927300 0.36167584 -2.38118536
-0.26242973 -0.24948413 0.36209349 -2.38147774
-0.26253610 -0.25030787 0.36273852 -2.38003394
-0.26231655 -0.25104563 0.36308936 -2.37814607
-0.26246369 -0.25180406 0.36372032 -2.37691932
-0.26231711 -0.25358289 0.36484866 -2.37312294
-0.26275346 -0.25374136 0.36527258 -2.37364129
-0.26280913 -0.25454224 0.36586936 -2.37217238
-0.26306623 -0.25485144 0.36626916 -2.37205436
-0.26273756 -0.25610891 0.36690980 -2.36896953
-0.26214120 -0.25695424 0.36707423 -2.36618646
-0.26303291 -0.25750917 0.36809956 -2.36680559
-0.26316152 -0.25842580 0.36883313 -2.36527367
-0.26337657 -0.25924067 0.36955776 -2.36410815
-0.26320600 -0.26007300 0.37002076 -2.36218166
-0.26276051 -0.26043400 0.36995804 -2.36064120
-0.26241652 -0.26194671 0.37078094 -2.35709045
-0.26267466 -0.26206846 0.37104967 -2.35734973
-0.26239434 -0.26313430 0.37160523 -2.35478645
-0.26260039 -0.26420209 0.37250733 -2.35315408
-0.26275837 -0.26455094 0.37286614 -2.35279504
-0.26284656 -0.26538601 0.37352115 -2.35138709
-0.26269919 -0.26599693 0.37385189 -2.34995707
-0.26271716 -0.26731638 0.37480442 -2.34751749
-0.26232093 -0.26809626 0.37508382 -2.34530663
-0.26305608 -0.26894544 0.37620493 -2.34512476
-0.26270015 -0.26984812 0.37660241 -2.34277309
-0.26233086 -0.27013472 0.37655046 -2.34153946
-0.26286265 -0.27104967 0.37757741 -2.34086166
-0.26288376 -0.27186295 0.37817633 -2.33940459
-0.26290308 -0.27298964 0.37900049 -2.33737474
-0.26303408 -0.27347902 0.37944394 -2.33672876
-0.26259187 -0.27477264 0.38007169 -2.33353077
-0.26331638 -0.27601677 0.38147185 -2.33265052
-0.26279607 -0.27671848 0.38162140 -2.33039477
-0.26248788 -0.27670426 0.38139892 -2.32983452
-0.26244074 -0.27828395 0.38251418 -2.32690292
-0.26278163 -0.27962661 0.38372546 -2.32514855
-0.26325680 -0.27959412 0.38402736 -2.32610816
-0.26261418 -0.28073238 0.38441758 -2.32286127
-0.26307418 -0.28091321 0.38486394 -2.32341315
-0.26308092 -0.28224121 0.38583892 -2.32107320
-0.26258814 -0.28329702 0.38627675 -2.31827633
-0.26300465 -0.28386597 0.38697718 -2.31806625
-0.26339928 -0.28483480 0.38795624 -2.31711519
-0.26288833 -0.28585144 0.38835720 -2.31437189
-0.26300122 -0.28678778 0.38912321 -2.31295657
-0.26304252 -0.28718104 0.38944103 -2.31235221
-0.26314117 -0.28812153 0.39020161 -2.31091068
-0.26312951 -0.28947071 0.39119104 -2.30856282
-0.26302486 -0.28990321 0.39144086 -2.30762179
-0.26308488 -0.29112856 0.39238947 -2.30563674
-0.26287525 -0.29133103 0.39239924 -2.30489445
-0.26278624 -0.29312483 0.39367344 -2.30167404
-0.26303288 -0.29420720 0.39464436 -2.30030860
-0.26322432 -0.29480431 0.39521718 -2.29966273
-0.26341440 -0.29559552 0.39593416 -2.29868989
-0.26306770 -0.29689016 0.39667163 -2.29586599
-0.26297296 -0.29733350 0.39694079 -2.29494666
-0.26337271 -0.29827997 0.39791472 -2.29412335
-0.26300009 -0.29925094 0.39839701 -2.29180911
-0.26331588 -0.30114873 0.40003226 -2.28927028
-0.26307869 -0.30087952 0.39967347 -2.28926689
-0.26318773 -0.30265555 0.40108373 -2.28655683
-0.26323153 -0.30265077 0.40110887 -2.28664704
-0.26382735 -0.30374962 0.40232910 -2.28597207
-0.26332734 -0.30510019 0.40302284 -2.28283793
-0.26306580 -0.30576561 0.40335620 -2.28126917
-0.26327503 -0.30722379 0.40459882 -2.27931066
-0.26297881 -0.30779072 0.40483699 -2.27784382
-0.26300865 -0.30831307 0.40525363 -2.27706252
-0.26364302 -0.30967148 0.40669899 -2.27608150
-0.26318940 -0.31090913 0.40734892 -2.27326398
-0.26302330 -0.31142714 0.40763724 -2.27213194
-0.26309845 -0.31295285 0.40885239 -2.26986453
-0.26409150 -0.31354756 0.40994682 -2.27078520
-0.26384505 -0.31430442 0.41036749 -2.26913770
-0.26357648 -0.31604146 0.41152736 -2.26592401
-0.26404065 -0.31688201 0.41247021 -2.26548302
-0.26305082 -0.31699859 0.41192699 -2.26345579
-0.26306347 -0.31881327 0.41333315 -2.26067574
-0.26349701 -0.31972136 0.41430957 -2.26008787
-0.26333671 -0.32001217 0.41443216 -2.25934311
-0.26426747 -0.32210656 0.41664125 -2.25787398
-0.26364037 -0.32321776 0.41710426 -2.25502186
-0.26370394 -0.32365742 0.41748520 -2.25447421
-0.26365126 -0.32429362 0.41794538 -2.25341499
-0.26362472 -0.32633474 0.41951443 -2.25029667
-0.26395472 -0.32685139 0.42012371 -2.25013490
-0.26296424 -0.32794386 0.42035386 -2.24666886
-0.26355237 -0.32884802 0.42142718 -2.24641547
-0.26340771 -0.32985070 0.42211978 -2.24466255
-0.26403081 -0.33060087 0.42309479 -2.24470694
-0.26364980 -0.33204110 0.42398409 -2.24188495
-0.26435578 -0.33307150 0.42523005 -2.24167832
-0.26310875 -0.33467580 0.42571599 -2.23704114
-0.26398492 -0.33515112 0.42663136 -2.23796707
-0.26384532 -0.33563550 0.42692569 -2.23700817
-0.26369631 -0.33714905 0.42802480 -2.23454909
-0.26367059 -0.33824525 0.42887297 -2.23292716
-0.26406114 -0.33938356 0.43001103 -2.23201598
-0.26353422 -0.34048229 0.43055601 -2.22948303
-0.26367208 -0.34133387 0.43131401 -2.22852731
-0.26357248 -0.34300516 0.43257715 -2.22598322
-0.26436058 -0.34391046 0.43377520 -2.22615221
-0.26369642 -0.34510598 0.43432009 -2.22326225
-0.26411102 -0.34615598 0.43540624 -2.22255470
-0.26419937 -0.34714841 0.43624916 -2.22133579
-0.26400537 -0.34808229 0.43687540 -2.21968784
-0.26388452 -0.34965999 0.43806066 -2.21729159
-0.26378220 -0.35016069 0.43839886 -2.21641730
-0.26404955 -0.35159800 0.43970822 -2.21493613
-0.26379602 -0.35234298 0.44015215 -2.21345916
-0.26398746 -0.35405125 0.44163522 -2.21148792
-0.26416924 -0.35505897 0.44255199 -2.21045609
-0.26433317 -0.35563135 0.44310911 -2.20998183
-0.26414675 -0.35736868 0.44439383 -2.20731301
-0.26396524 -0.35873713 0.44538745 -2.20515900
-0.26489433 -0.35951092 0.44656143 -2.20580782
-0.26474264 -0.36035511 0.44715151 -2.20441483
-0.26420111 -0.36184006 0.44802952 -2.20147841
-0.26431565 -0.36269086 0.44878439 -2.20056659
-0.26460102 -0.36445254 0.45037690 -2.19877491
-0.26428244 -0.36616416 0.45157657 -2.19597715
-0.26417821 -0.36629607 0.45162256 -2.19561909
-0.26387719 -0.36754065 0.45245696 -2.19347045
-0.26421303 -0.36883240 0.45370239 -2.19241126
-0.26365289 -0.37049418 0.45472935 -2.18928173
-0.26426291 -0.37147867 0.45588517 -2.18911984
-0.26449496 -0.37283426 0.45712468 -2.18781450
-0.26470657 -0.37426136 0.45841153 -2.18638970
-0.26470374 -0.37533792 0.45928927 -2.18503118
-0.26502384 -0.37622840 0.46020152 -2.18448441
-0.26453923 -0.37743955 0.46091389 -2.18211157
-0.26414894 -0.37905557 0.46201492 -2.17941228
-0.26472277 -0.38013506 0.46322868 -2.17909627
-0.26446673 -0.38119767 0.46395507 -2.17733455
-0.26482909 -0.38291544 0.46557350 -2.17587086
-0.26433773 -0.38415880 0.46631794 -2.17348757
-0.26464914 -0.38543771 0.46754828 -2.17248570
-0.26451668 -0.38653152 0.46837559 -2.17093066
-0.26405502 -0.38760844 0.46900464 -2.16882157
-0.26486803 -0.38889995 0.47052975 -2.16870419
-0.26488419 -0.38971618 0.47121368 -2.16775747
-0.26486077 -0.39158847 0.47275020 -2.16549021
-0.26443271 -0.39267725 0.47341322 -2.16345274
-0.26548972 -0.39441653 0.47544631 -2.16325344
-0.26482783 -0.39618071 0.47654269 -2.16003399
-0.26459802 -0.39696358 0.47706624 -2.15872155
-0.26485382 -0.39863941 0.47860309 -2.15722422
-0.26481900 -0.39972673 0.47948990 -2.15590884
-0.26485959 -0.40073709 0.48035489 -2.15481761
-0.26484779 -0.40245794 0.48178496 -2.15282772
-0.26476286 -0.40411087 0.48312003 -2.15080007
-0.26416397 -0.40473032 0.48331070 -2.14906118
-0.26457839 -0.40615724 0.48473233 -2.14816817
-0.26531639 -0.40798000 0.48666258 -2.14739446
-0.26468513 -0.40934191 0.48746181 -2.14478569
-0.26538120 -0.41045124 0.48877132 -2.14474919
-0.26525350 -0.41244870 0.49038083 -2.14231891
-0.26552196 -0.41318216 0.49114296 -2.14197085
-0.26518579 -0.41411194 0.49174404 -2.14037355
-0.26532365 -0.41608980 0.49348491 -2.13844742
-0.26497640 -0.41787531 0.49480528 -2.13591556
-0.26536797 -0.41944442 0.49634039 -2.13488885
-0.26519766 -0.42074626 0.49735019 -2.13320001
-0.26525300 -0.42186093 0.49832299 -2.13210121
-0.26442722 -0.42365375 0.49940390 -2.12879051
-0.26528341 -0.42532865 0.50127811 -2.12847031
-0.26536898 -0.42630255 0.50214994 -2.12758850
-0.26566842 -0.42809692 0.50383200 -2.12621095
-0.26521144 -0.42918496 0.50451644 -2.12430416
-0.26555757 -0.43089663 0.50615485 -2.12310822
-0.26473172 -0.43205221 0.50670701 -2.12052421
-0.26584852 -0.43428609 0.50919530 -2.12010227
-0.26561902 -0.43591533 0.51046609 -2.11805246
-0.26573784 -0.43705777 0.51150375 -2.11708865
-0.26547606 -0.43929826 0.51328403 -2.11438513
-0.26554424 -0.44028563 0.51416454 -2.11350541
-0.26604496 -0.44135516 0.51533901 -2.11326558
-0.26539941 -0.44307075 0.51647704 -2.11048025
-0.26544073 -0.44469597 0.51789312 -2.10893613
-0.26588908 -0.44630416 0.51950400 -2.10809055
-0.26476958 -0.44737430 0.51985257 -2.10518689
-0.26550225 -0.44932296 0.52190283 -2.10449336
-0.26560303 -0.45086990 0.52328638 -2.10315528
-0.26626547 -0.45219515 0.52476448 -2.10296112
-0.26640973 -0.45396708 0.52636513 -2.10148920
-0.26547369 -0.45622551 0.52784278 -2.09779424
-0.26600809 -0.45743312 0.52915533 -2.09751934
-0.26589762 -0.45909972 0.53054133 -2.09576019
-0.26528624 -0.46063921 0.53156868 -2.09331344
-0.26647858 -0.46224276 0.53355337 -2.09375007
-0.26644761 -0.46453478 0.53552487 -2.09156238
-0.26565223 -0.46539196 0.53587385 -2.08947901
-0.26589017 -0.46723570 0.53759351 -2.08816320
-0.26664153 -0.46913843 0.53961891 -2.08762939
-0.26628908 -0.47093848 0.54101102 -2.08541896
-0.26672616 -0.47290793 0.54294084 -2.08433429
-0.26647542 -0.47411151 0.54386660 -2.08284555
-0.26624171 -0.47584540 0.54526461 -2.08091387
-0.26626128 -0.47780885 0.54698845 -2.07919238
-0.26711976 -0.48021123 0.54950504 -2.07842893
-0.26667330 -0.48075341 0.54976221 -2.07723983
-0.26664715 -0.48309493 0.55179835 -2.07514003
-0.26658715 -0.48443094 0.55293946 -2.07387745
-0.26664046 -0.48664485 0.55490571 -2.07203808
-0.26662565 -0.48893724 0.55691010 -2.07003681
-0.26681645 -0.49021560 0.55812395 -2.06924037
-0.26686356 -0.49235162 0.56002346 -2.06749086
-0.26671860 -0.49414648 0.56153322 -2.06574077
-0.26709790 -0.49519681 0.56263769 -2.06544733
-0.26653986 -0.49744129 0.56435036 -2.06268900
-0.26713620 -0.49990480 0.56680381 -2.06156361
-0.26639577 -0.50140717 0.56778152 -2.05916637
-0.26700860 -0.50330186 0.56974236 -2.05855597
-0.26742302 -0.50458590 0.57107093 -2.05814330
-0.26752230 -0.50728481 0.57350332 -2.05609250
-0.26717609 -0.50950872 0.57531052 -2.05375702
-0.26765709 -0.51097169 0.57682960 -2.05331769
-0.26744331 -0.51281915 0.57836788 -2.05150808
-0.26768690 -0.51509075 0.58049527 -2.05007064
-0.26707912 -0.51690682 0.58182808 -2.04770437
-0.26731918 -0.51910149 0.58388860 -2.04634426
-0.26776427 -0.52112814 0.58589440 -2.04543600
-0.26714351 -0.52295019 0.58723296 -2.04307773
-0.26748361 -0.52525094 0.58943705 -2.04181587
-0.26732127 -0.52707438 0.59098906 -2.04017096
-0.26761577 -0.52912194 0.59294876 -2.03905194
-0.26805987 -0.53126588 0.59506263 -2.03809182
-0.26694214 -0.53398533 0.59699115 -2.03436824
-0.26763758 -0.53533672 0.59851088 -2.03439794
-0.26726421 -0.53728956 0.60009185 -2.03238622
-0.26774179 -0.53932812 0.60212996 -2.03158852
-0.26784270 -0.54134078 0.60397811 -2.03025641
-0.26789578 -0.54419060 0.60655714 -2.02825130
-0.26851283 -0.54530968 0.60783369 -2.02834893
-0.26757745 -0.54795981 0.60980131 -2.02505299
-0.26812952 -0.55048227 0.61231052 -2.02405553
-0.26835670 -0.55187967 0.61366643 -2.02339118
-0.26802799 -0.55436086 0.61575561 -2.02114899
-0.26884546 -0.55701964 0.61850526 -2.02046774
-0.26859143 -0.55912853 0.62029515 -2.01862112
-0.26821970 -0.56179628 0.62254066 -2.01622735
-0.26841801 -0.56341070 0.62408320 -2.01539955
-0.26898669 -0.56595016 0.62662063 -2.01447582
-0.26808834 -0.56817011 0.62824250 -2.01166748
-0.26838035 -0.57055961 0.63052857 -2.01046916
-0.26783755 -0.57272097 0.63225490 -2.00823724
-0.26857705 -0.57496705 0.63460282 -2.00779346
-0.26916660 -0.57765573 0.63728863 -2.00684608
-0.26860839 -0.57993925 0.63912440 -2.00454535
-0.26926390 -0.58267214 0.64187995 -2.00368264
-0.26931151 -0.58520239 0.64419759 -2.00210206
-0.26937637 -0.58731560 0.64614491 -2.00082599
-0.26894332 -0.59021378 0.64860066 -1.99835626
-0.26936572 -0.59245430 0.65081487 -1.99751937
-0.26942887 -0.59424597 0.65247237 -1.99647095
-0.26931587 -0.59724959 0.65516266 -1.99442074
-0.27016856 -0.59939762 0.65747134 -1.99426002
-0.26947028 -0.60203655 0.65959248 -1.99165085
-0.27010314 -0.60456025 0.66215466 -1.99096612
-0.26919568 -0.60719259 0.66419061 -1.98810203
-0.27024268 -0.60964723 0.66685894 -1.98804548
-0.26966836 -0.61248884 0.66922612 -1.98554019
-0.26982966 -0.61542942 0.67198319 -1.98399655
-0.27055973 -0.61785183 0.67449496 -1.98354574
-0.27034806 -0.62075462 0.67707044 -1.98153961
-0.27020667 -0.62260247 0.67870869 -1.98026150
-0.27006282 -0.62660711 0.68232719 -1.97773151
-0.26998298 -0.62856685 0.68409582 -1.97649048
-0.27040393 -0.63175289 0.68718993 -1.97522356
-0.27056312 -0.63402141 0.68933849 -1.97414094
-0.27063514 -0.63741404 0.69248829 -1.97231369
-0.26993507 -0.63963368 0.69425945 -1.97013602
-0.27087957 -0.64251850 0.69728457 -1.96977539
-0.27081032 -0.64596847 0.70043807 -1.96777086
-0.27121219 -0.64840203 0.70283799 -1.96695947
-0.27105875 -0.65162649 0.70575487 -1.96499589
-0.27099251 -0.65426899 0.70817007 -1.96347639
-0.27136749 -0.65716620 0.71099067 -1.96240433
-0.27163977 -0.66002854 0.71374073 -1.96122628
-0.27109727 -0.66326034 0.71652495 -1.95880954
-0.27173448 -0.66614718 0.71943845 -1.95811123
-0.27150386 -0.66893743 0.72193603 -1.95635564
-0.27124441 -0.67250913 0.72514968 -1.95417176
-0.27124360 -0.67531880 0.72775585 -1.95272660
-0.27244877 -0.67831385 0.73098427 -1.95272939
-0.27217988 -0.68204991 0.73435275 -1.95049341
-0.27193852 -0.68450082 0.73654051 -1.94895572
-0.27270290 -0.68800358 0.74007824 -1.94816812
-0.27228099 -0.69154106 0.74321328 -1.94588653
-0.27283539 -0.69474211 0.74639517 -1.94500647
-0.27243227 -0.69774046 0.74904012 -1.94304232
-0.27236413 -0.70094858 0.75200474 -1.94140629
-0.27288523 -0.70443874 0.75544708 -1.94037597
-0.27283922 -0.70783158 0.75859527 -1.93870383
-0.27240210 -0.71102532 0.76141967 -1.93665956
-0.27318513 -0.71475867 0.76518630 -1.93586966
-0.27265063 -0.71779605 0.76783431 -1.93380714
-0.27393340 -0.72147048 0.77172480 -1.93367033
-0.27332579 -0.72471286 0.77454227 -1.93145100
-0.27356627 -0.72856284 0.77823024 -1.92999436
-0.27318371 -0.73201527 0.78132944 -1.92798271
-0.27425467 -0.73560046 0.78506284 -1.92766407
-0.27400462 -0.73944192 0.78857649 -1.92566518
-0.27385530 -0.74348449 0.79231680 -1.92371561
-0.27415829 -0.74654571 0.79529445 -1.92274269
-0.27368825 -0.75033593 0.79869222 -1.92055434
-0.27411661 -0.75378291 0.80207767 -1.91958342
-0.27435059 -0.75806639 0.80618416 -1.91804032
-0.27496501 -0.76184203 0.80994385 -1.91716726
-0.27467849 -0.76586355 0.81363090 -1.91515804
-0.27499795 -0.76911033 0.81679530 -1.91418425
-0.27520365 -0.77285671 0.82039292 -1.91288287
-0.27613685 -0.77793253 0.82548809 -1.91188519
-0.27530961 -0.78175769 0.82881872 -1.90940075
-0.27561030 -0.78549247 0.83244187 -1.90825116
-0.27562874 -0.78921615 0.83596251 -1.90679719
-0.27557406 -0.79345260 0.83994529 -1.90507274
-0.27560453 -0.79821060 0.84445131 -1.90325826
-0.27557057 -0.80123164 0.84729646 -1.90205669
-0.27638544 -0.80602076 0.85209060 -1.90113306
-0.27632053 -0.81063865 0.85643917 -1.89931242
-0.27664993 -0.81527125 0.86093113 -1.89793847
-0.27669033 -0.81885145 0.86433515 -1.89665170
-0.27742335 -0.82356728 0.86903784 -1.89571367
-0.27698190 -0.82779574 0.87290593 -1.89368802
-0.27764595 -0.83246421 0.87754426 -1.89271756
-0.27765298 -0.83723681 0.88207519 -1.89101324
-0.27738430 -0.84141966 0.88596224 -1.88923928
-0.27770118 -0.84645166 0.89084138 -1.88780859
-0.27760276 -0.85090544 0.89504377 -1.88615293
-0.27787664 -0.85566249 0.89965200 -1.88480235
-0.27824202 -0.86012882 0.90401339 -1.88366077
-0.27863378 -0.86540114 0.90915121 -1.88228586
-0.27867384 -0.87001539 0.91355673 -1.88077962
-0.27847102 -0.87493953 0.91818587 -1.87893335
-0.27853368 -0.87999575 0.92302412 -1.87733668
-0.27925430 -0.88505067 0.92806123 -1.87643334
-0.27943116 -0.88998491 0.93282095 -1.87502251
-0.27991967 -0.89571797 0.93843791 -1.87368914
-0.27978067 -0.90034530 0.94281434 -1.87208444
-0.28069579 -0.90726024 0.94969009 -1.87084392
-0.28103450 -0.91139646 0.95374205 -1.86990137
-0.28065979 -0.91641435 0.95842850 -1.86798503
-0.28118832 -0.92202247 0.96394622 -1.86680563
-0.28149959 -0.92753199 0.96930780 -1.86545474
-0.28167512 -0.93298709 0.97457980 -1.86400153
-0.28196257 -0.93910178 0.98051774 -1.86247979
-0.28218524 -0.94414940 0.98541696 -1.86122321
-0.28216912 -0.95023948 0.99124895 -1.85944826
-0.28227416 -0.95558954 0.99640859 -1.85802089
-0.28254436 -0.96176702 1.00241066 -1.85653358
-0.28317972 -0.96783327 1.00841063 -1.85544249
-0.28351479 -0.97349783 1.01394214 -1.85419082
-0.28335665 -0.97942655 1.01959176 -1.85241599
-0.28348957 -0.98569059 1.02564725 -1.85084316
-0.28415037 -0.99145386 1.03136909 -1.84991438
-0.28436245 -0.99794380 1.03766749 -1.84838772
-0.28428299 -1.00456444 1.04401463 -1.84657669
-0.28482800 -1.01127854 1.05062423 -1.84533570
-0.28494011 -1.01753906 1.05668189 -1.84383162
-0.28477639 -1.02412370 1.06298022 -1.84201291
-0.28566828 -1.03106176 1.06990407 -1.84107877
-0.28624218 -1.03805823 1.07680057 -1.83985755
-0.28642140 -1.04453346 1.08309158 -1.83842783
-0.28666484 -1.05143537 1.08981331 -1.83696848
-0.28694559 -1.05878015 1.09697456 -1.83545421
-0.28664299 -1.06637385 1.10422705 -1.83339084
-0.28772187 -1.07297039 1.11087773 -1.83278729
-0.28755176 -1.08182520 1.11938902 -1.83059168
-0.28832949 -1.08734841 1.12492686 -1.82999859
-0.28870154 -1.09544848 1.13285302 -1.82848338
-0.28907153 -1.10268554 1.13994638 -1.82717933
-0.28959722 -1.11050501 1.14764451 -1.82589462
-0.29023259 -1.11790454 1.15496559 -1.82481027
-0.29061697 -1.12601022 1.16290896 -1.82337865
-0.29081372 -1.13400247 1.17069818 -1.82183530
-0.29156256 -1.14157121 1.17821626 -1.82085519
-0.29133634 -1.15026804 1.18658899 -1.81885676
-0.29219137 -1.15859316 1.19486983 -1.81783978
-0.29259417 -1.16765658 1.20375796 -1.81632304
-0.29287817 -1.17573680 1.21166607 -1.81492946
-0.29335232 -1.18496497 1.22073648 -1.81347911
-0.29413449 -1.19392973 1.22962730 -1.81234457
-0.29468172 -1.20256572 1.23814443 -1.81110527
-0.29509513 -1.21123589 1.24666496 -1.80977212
-0.29530630 -1.22090171 1.25610780 -1.80811398
-0.29667000 -1.23060112 1.26585631 -1.80735969
-0.29619899 -1.23949503 1.27439467 -1.80536478
-0.29714504 -1.24938844 1.28423777 -1.80429074
-0.29739913 -1.25927930 1.29392063 -1.80271311
-0.29830327 -1.26887037 1.30346341 -1.80169696
-0.29887864 -1.27910100 1.31355541 -1.80034093
-0.29954619 -1.28996228 1.32428494 -1.79896564
-0.30040538 -1.29982422 1.33408635 -1.79792088
-0.30027796 -1.31059007 1.34454943 -1.79602555
-0.30137345 -1.32135420 1.35528701 -1.79503968
-0.30058993 -1.33381492 1.36726609 -1.79245440
-0.30266677 -1.34285678 1.37654331 -1.79248214
-0.30343378 -1.35429137 1.38786785 -1.79120973
-0.30397732 -1.36595598 1.39937056 -1.78976631
-0.30464066 -1.37778186 1.41105945 -1.78840467
-0.30537982 -1.38920007 1.42236903 -1.78717896
-0.30562711 -1.40162241 1.43455684 -1.78548818
-0.30706685 -1.41428621 1.44723721 -1.78459593
-0.30798384 -1.42658823 1.45945470 -1.78342147
-0.30839736 -1.43870213 1.47138463 -1.78195881
-0.30951415 -1.45214917 1.48476807 -1.78079602
-0.31051500 -1.46529827 1.49783797 -1.77961952
-0.31092357 -1.47881283 1.51114554 -1.77803000
-0.31256446 -1.49168814 1.52408335 -1.77734542
-0.31332281 -1.50610028 1.53834626 -1.77590656
-0.31395434 -1.52003658 1.55212065 -1.77447614
-0.31531333 -1.53432928 1.56639358 -1.77348013
-0.31619373 -1.54939447 1.58132909 -1.77210772
-0.31746037 -1.56447572 1.59636003 -1.77099613
-0.31857672 -1.57985412 1.61165448 -1.76977739
-0.31918885 -1.59505544 1.62667864 -1.76829904
-0.32049793 -1.61081906 1.64239367 -1.76719728
-0.32166949 -1.62650768 1.65801040 -1.76604382
-0.32269086 -1.64385075 1.67522377 -1.76463341
-0.32378958 -1.66080937 1.69207785 -1.76334002
-0.32532878 -1.67789821 1.70914634 -1.76231067
-0.32678529 -1.69582674 1.72702546 -1.76116261
-0.32750532 -1.71340778 1.74442712 -1.75966089
-0.32782774 -1.73221046 1.76295891 -1.75783816
-0.33197168 -1.74978028 1.78099304 -1.75828987
-0.33292800 -1.76880984 1.79986924 -1.75684116
-0.33467956 -1.78833404 1.81938150 -1.75580228
-0.33584063 -1.80860326 1.83952023 -1.75439576
-0.33758548 -1.82919787 1.86008838 -1.75329666
-0.33947187 -1.84996292 1.88085192 -1.75227926
-0.34075734 -1.87093399 1.90171227 -1.75095379
-0.34267601 -1.89270000 1.92347086 -1.74990750
-0.34472719 -1.91521102 1.94598820 -1.74888381
-0.34627341 -1.93813111 1.96882134 -1.74759447
-0.34837592 -1.96156353 1.99225934 -1.74656472
-0.35056585 -1.98606329 2.01676568 -1.74550959
-0.35266854 -2.01029994 2.04099998 -1.74445997
-0.35558433 -2.03609364 2.06691014 -1.74369312
-0.35774523 -2.06164070 2.09244929 -1.74261001
-0.35945620 -2.08793513 2.11865095 -1.74128380
-0.36242201 -2.11555850 2.14637776 -1.74046202
-0.36513527 -2.14313311 2.17401547 -1.73955046
-0.36709749 -2.17239353 2.20319182 -1.73819785
-0.37056377 -2.20241211 2.23336889 -1.73748865
-0.37325156 -2.23218513 2.26317635 -1.73647704
-0.37640836 -2.26330851 2.29439506 -1.73559689
-0.37937822 -2.29573051 2.32686623 -1.73457002
-0.38258189 -2.32848104 2.35970186 -1.73364663
-0.38589899 -2.36294021 2.39424403 -1.73268027
-0.38944277 -2.39819909 2.42961408 -1.73178074
-0.39314375 -2.43322585 2.46478194 -1.73098501
-0.39578594 -2.47124600 2.50273916 -1.72960411
-0.40480342 -2.51053822 2.54296440 -1.73066205
-0.40734946 -2.54934402 2.58168328 -1.72924292
-0.41140027 -2.59085081 2.62331053 -1.72827122
-0.41631173 -2.63366289 2.66636376 -1.72757240
-0.42135052 -2.67738500 2.71033701 -1.72689000
-0.42659622 -2.72343845 2.75664675 -1.72617261
-0.43119111 -2.77019335 2.80355078 -1.72521102
-0.43741423 -2.81876792 2.85250483 -1.72474764
-0.44314961 -2.86954400 2.90356063 -1.72401797
-0.44980039 -2.92221356 2.95662856 -1.72352223
-0.45579355 -2.97701949 3.01170929 -1.72272057
-0.46394251 -3.03340789 3.06868149 -1.72256455
-0.47099330 -3.09289774 3.12855416 -1.72191751
-0.47889316 -3.15435610 3.19050169 -1.72146538
-0.48704386 -3.21856369 3.25520567 -1.72098026
-0.49589552 -3.28573003 3.32294059 -1.72058982
-0.50586992 -3.35546821 3.39338640 -1.72042933
-0.51563909 -3.42829162 3.46685262 -1.72008430
-0.52641632 -3.50474052 3.54405422 -1.71988307
-0.53784417 -3.58561991 3.62573392 -1.71968660
-0.54999178 -3.66924242 3.71023326 -1.71958110
-0.56392327 -3.75799593 3.80007143 -1.71974454
-0.57691297 -3.85145158 3.89442009 -1.71948191
-0.59140657 -3.95006947 3.99409696 -1.71941296
-0.60770862 -4.05288138 4.09818951 -1.71963232
-0.62491751 -4.16283953 4.20948392 -1.71980176
-0.64363301 -4.27873625 4.32687501 -1.72010284
-0.66281596 -4.40149748 4.45112402 -1.72026201
-0.69072280 -4.53816572 4.59042984 -1.72184018
-0.71148262 -4.67541150 4.72923674 -1.72181312
-0.73648498 -4.82476403 4.88065140 -1.72227386
-0.76498319 -4.98523214 5.04358392 -1.72305850
-0.79604576 -5.15770696 5.21877667 -1.72392904
-0.83072514 -5.34465074 5.40882573 -1.72499362
-0.86836658 -5.54607335 5.61364322 -1.72610857
-0.90998469 -5.76437637 5.83576105 -1.72736774
-0.95714259 -6.00372940 6.07954674 -1.72889057
-1.00933030 -6.26651738 6.34728192 -1.73049196
-1.06865568 -6.55530813 6.64184384 -1.73239620
-1.13565658 -6.87518074 6.96834457 -1.73450018
-1.21145942 -7.23167267 7.33244322 -1.73677645
-1.29926124 -7.63353156 7.74331220 -1.73938521
-1.39948337 -8.08877729 8.20895071 -1.74211576
-1.51788421 -8.60802689 8.74082945 -1.74533565
-1.65750489 -9.20956641 9.35753364 -1.74886644
-1.82479472 -9.91401215 10.08055121 -1.75282116
-2.02736898 -10.75385629 10.94329247 -1.75713412
-2.27899239 -11.77111144 11.98969853 -1.76203915
-2.59707859 -13.03430362 13.29051873 -1.76747016
-3.01082653 -14.64698030 14.95323070 -1.77353184
-3.57068381 -16.78798326 17.16351260 -1.78036622
-4.36496667 -19.77587222 20.25186550 -1.78803503
-5.57444905 -24.25600333 24.88831412 -1.79669118
-7.62803673 -31.76384964 32.66694183 -1.80648159
-11.85318828 -47.03603852 48.50656648 -1.81765859
-25.38353022 -95.56679693 98.88041404 -1.83041227
273.19304760 970.86798022 1008.57279176 1.29649866
22.40487051 74.72397386 78.01057936 1.27949082
11.99662922 37.30167654 39.18334066 1.25963272
8.35653930 24.03789434 25.44901007 1.23622529
6.51779717 17.19124233 18.38533363 1.20840562
5.42143420 12.96948355 14.05700723 1.17485717
4.70311642 10.07032191 11.11443599 1.13387297
4.20506757 7.92665724 8.97298658 1.08304985
3.84758031 6.25063328 7.33991080 1.01902105
3.58738022 4.87876257 6.05570978 0.93676632
3.39749822 3.71056987 5.03103597 0.82941426
3.26222019 2.67976689 4.22175688 0.68768700
3.17153405 1.74087765 3.61791145 0.50200377
3.11935208 0.85718899 3.23498538 0.26817759
