3.10133500
3.11935208
3.17153405
3.26222019
3.39749822
3.58738022
3.84758031
4.20506757
4.70311642
5.42143420
6.51779717
8.35653930
11.99662922
22.40487051
273.19304760
-25.38353022
-11.85318828
-7.62803673
-5.57444905
-4.36496667
-3.57068381
-3.01082653
-2.59707859
-2.27899239
-2.02736898
-1.82479472
-1.65750489
-1.51788421
-1.39948337
-1.29926124
-1.21145942
-1.13565658
-1.06865568
-1.00933030
-0.95714259
-0.90998469
-0.86836658
-0.83072514
-0.79604576
-0.76498319
-0.73648498
-0.71148262
-0.69072280
-0.66281596
-0.64363301
-0.62491751
-0.60770862
-0.59140657
-0.57691297
-0.56392327
-0.54999178
-0.53784417
-0.52641632
-0.51563909
-0.50586992
-0.49589552
-0.48704386
-0.47889316
-0.47099330
-0.46394251
-0.45579355
-0.44980039
-0.44314961
-0.43741423
-0.43119111
-0.42659622
-0.42135052
-0.41631173
-0.41140027
-0.40734946
-0.40480342
-0.39578594
-0.39314375
-0.38944277
-0.38589899
-0.38258189
-0.37937822
-0.37640836
-0.37325156
-0.37056377
-0.36709749
-0.36513527
-0.36242201
-0.35945620
-0.35774523
-0.35558433
-0.35266854
-0.35056585
-0.34837592
-0.34627341
-0.34472719
-0.34267601
-0.34075734
-0.33947187
-0.33758548
-0.33584063
-0.33467956
-0.33292800
-0.33197168
-0.32782774
-0.32750532
-0.32678529
-0.32532878
-0.32378958
-0.32269086
-0.32166949
-0.32049793
-0.31918885
-0.31857672
-0.31746037
-0.31619373
-0.31531333
-0.31395434
-0.31332281
-0.31256446
-0.31092357
-0.31051500
-0.30951415
-0.30839736
-0.30798384
-0.30706685
-0.30562711
-0.30537982
-0.30464066
-0.30397732
-0.30343378
-0.30266677
-0.30058993
-0.30137345
-0.30027796
-0.30040538
-0.29954619
-0.29887864
-0.29830327
-0.29739913
-0.29714504
-0.29619899
-0.29667000
-0.29530630
-0.29509513
-0.29468172
-0.29413449
-0.29335232
-0.29287817
-0.29259417
-0.29219137
-0.29133634
-0.29156256
-0.29081372
-0.29061697
-0.29023259
-0.28959722
-0.28907153
-0.28870154
-0.28832949
-0.28755176
-0.28772187
-0.28664299
-0.28694559
-0.28666484
-0.28642140
-0.28624218
-0.28566828
-0.28477639
-0.28494011
-0.28482800
-0.28428299
-0.28436245
-0.28415037
-0.28348957
-0.28335665
-0.28351479
-0.28317972
-0.28254436
-0.28227416
-0.28216912
-0.28218524
-0.28196257
-0.28167512
-0.28149959
-0.28118832
-0.28065979
-0.28103450
-0.28069579
-0.27978067
-0.27991967
-0.27943116
-0.27925430
-0.27853368
-0.27847102
-0.27867384
-0.27863378
-0.27824202
-0.27787664
-0.27760276
-0.27770118
-0.27738430
-0.27765298
-0.27764595
-0.27698190
-0.27742335
-0.27669033
-0.27664993
-0.27632053
-0.27638544
-0.27557057
-0.27560453
-0.27557406
-0.27562874
-0.27561030
-0.27530961
-0.27613685
-0.27520365
-0.27499795
-0.27467849
-0.27496501
-0.27435059
-0.27411661
-0.27368825
-0.27415829
-0.27385530
-0.27400462
-0.27425467
-0.27318371
-0.27356627
-0.27332579
-0.27393340
-0.27265063
-0.27318513
-0.27240210
-0.27283922
-0.27288523
-0.27236413
-0.27243227
-0.27283539
-0.27228099
-0.27270290
-0.27193852
-0.27217988
-0.27244877
-0.27124360
-0.27124441
-0.27150386
-0.27173448
-0.27109727
-0.27163977
-0.27136749
-0.27099251
-0.27105875
-0.27121219
-0.27081032
-0.27087957
-0.26993507
-0.27063514
-0.27056312
-0.27040393
-0.26998298
-0.27006282
-0.27020667
-0.27034806
-0.27055973
-0.26982966
-0.26966836
-0.27024268
-0.26919568
-0.27010314
-0.26947028
-0.27016856
-0.26931587
-0.26942887
-0.26936572
-0.26894332
-0.26937637
-0.26931151
-0.26926390
-0.26860839
-0.26916660
-0.26857705
-0.26783755
-0.26838035
-0.26808834
-0.26898669
-0.26841801
-0.26821970
-0.26859143
-0.26884546
-0.26802799
-0.26835670
-0.26812952
-0.26757745
-0.26851283
-0.26789578
-0.26784270
-0.26774179
-0.26726421
-0.26763758
-0.26694214
-0.26805987
-0.26761577
-0.26732127
-0.26748361
-0.26714351
-0.26776427
-0.26731918
-0.26707912
-0.26768690
-0.26744331
-0.26765709
-0.26717609
-0.26752230
-0.26742302
-0.26700860
-0.26639577
-0.26713620
-0.26653986
-0.26709790
-0.26671860
-0.26686356
-0.26681645
-0.26662565
-0.26664046
-0.26658715
-0.26664715
-0.26667330
-0.26711976
-0.26626128
-0.26624171
-0.26647542
-0.26672616
-0.26628908
-0.26664153
-0.26589017
-0.26565223
-0.26644761
-0.26647858
-0.26528624
-0.26589762
-0.26600809
-0.26547369
-0.26640973
-0.26626547
-0.26560303
-0.26550225
-0.26476958
-0.26588908
-0.26544073
-0.26539941
-0.26604496
-0.26554424
-0.26547606
-0.26573784
-0.26561902
-0.26584852
-0.26473172
-0.26555757
-0.26521144
-0.26566842
-0.26536898
-0.26528341
-0.26442722
-0.26525300
-0.26519766
-0.26536797
-0.26497640
-0.26532365
-0.26518579
-0.26552196
-0.26525350
-0.26538120
-0.26468513
-0.26531639
-0.26457839
-0.26416397
-0.26476286
-0.26484779
-0.26485959
-0.26481900
-0.26485382
-0.26459802
-0.26482783
-0.26548972
-0.26443271
-0.26486077
-0.26488419
-0.26486803
-0.26405502
-0.26451668
-0.26464914
-0.26433773
-0.26482909
-0.26446673
-0.26472277
-0.26414894
-0.26453923
-0.26502384
-0.26470374
-0.26470657
-0.26449496
-0.26426291
-0.26365289
-0.26421303
-0.26387719
-0.26417821
-0.26428244
-0.26460102
-0.26431565
-0.26420111
-0.26474264
-0.26489433
-0.26396524
-0.26414675
-0.26433317
-0.26416924
-0.26398746
-0.26379602
-0.26404955
-0.26378220
-0.26388452
-0.26400537
-0.26419937
-0.26411102
-0.26369642
-0.26436058
-0.26357248
-0.26367208
-0.26353422
-0.26406114
-0.26367059
-0.26369631
-0.26384532
-0.26398492
-0.26310875
-0.26435578
-0.26364980
-0.26403081
-0.26340771
-0.26355237
-0.26296424
-0.26395472
-0.26362472
-0.26365126
-0.26370394
-0.26364037
-0.26426747
-0.26333671
-0.26349701
-0.26306347
-0.26305082
-0.26404065
-0.26357648
-0.26384505
-0.26409150
-0.26309845
-0.26302330
-0.26318940
-0.26364302
-0.26300865
-0.26297881
-0.26327503
-0.26306580
-0.26332734
-0.26382735
-0.26323153
-0.26318773
-0.26307869
-0.26331588
-0.26300009
-0.26337271
-0.26297296
-0.26306770
-0.26341440
-0.26322432
-0.26303288
-0.26278624
-0.26287525
-0.26308488
-0.26302486
-0.26312951
-0.26314117
-0.26304252
-0.26300122
-0.26288833
-0.26339928
-0.26300465
-0.26258814
-0.26308092
-0.26307418
-0.26261418
-0.26325680
-0.26278163
-0.26244074
-0.26248788
-0.26279607
-0.26331638
-0.26259187
-0.26303408
-0.26290308
-0.26288376
-0.26286265
-0.26233086
-0.26270015
-0.26305608
-0.26232093
-0.26271716
-0.26269919
-0.26284656
-0.26275837
-0.26260039
-0.26239434
-0.26267466
-0.26241652
-0.26276051
-0.26320600
-0.26337657
-0.26316152
-0.26303291
-0.26214120
-0.26273756
-0.26306623
-0.26280913
-0.26275346
-0.26231711
-0.26246369
-0.26231655
-0.26253610
-0.26242973
-0.26205417
-0.26247941
-0.26252520
-0.26279423
-0.26247366
-0.26250923
-0.26252131
-0.26218085
-0.26167409
-0.26271202
-0.26290529
-0.26270931
-0.26280966
-0.26240153
-0.26233467
-0.26294669
-0.26205530
-0.26258932
-0.26315569
-0.26245484
-0.26242541
-0.26229431
-0.26239088
-0.26292198
-0.26283817
-0.26217534
-0.26249082
-0.26247672
-0.26162900
-0.26270490
-0.26224196
-0.26246333
-0.26234202
-0.26230193
-0.26195123
-0.26208332
-0.26225582
-0.26247692
-0.26186205
-0.26185473
-0.26204191
-0.26208767
-0.26220575
-0.26219410
-0.26274148
-0.26272154
-0.26195851
-0.26197188
-0.26269641
-0.26228563
-0.26212073
-0.26241908
-0.26144134
-0.26223421
-0.26155236
-0.26244954
-0.26207044
-0.26180454
-0.26249862
-0.26210914
-0.26238017
-0.26203009
-0.26216629
-0.26243339
-0.26211972
-0.26199544
-0.26258332
-0.26219970
-0.26206959
-0.26183733
-0.26218830
-0.26163662
-0.26219553
-0.26218905
-0.26212333
-0.26190146
-0.26166672
-0.26216591
-0.26189809
-0.26232418
-0.26204317
-0.26181094
-0.26236722
-0.26163784
-0.26176903
-0.26117778
-0.26187650
-0.26179684
-0.26199569
-0.26193387
-0.26159650
-0.26218349
-0.26184450
-0.26174737
-0.26191145
-0.26213639
-0.26235459
-0.26171647
-0.26177207
-0.26158724
-0.26240871
-0.26159239
-0.26222644
-0.26216713
-0.26191652
-0.26215455
-0.26212305
-0.26191643
-0.26128018
-0.26189821
-0.26171290
-0.26218902
-0.26191034
-0.26192783
-0.26103810
-0.26195247
-0.26205556
-0.26155006
-0.26150693
-0.26204738
-0.26196700
-0.26213132
-0.26177717
-0.26169397
-0.26163284
-0.26150569
-0.26223163
-0.26140952
-0.26156658
-0.26169546
-0.26177270
-0.26180905
-0.26185436
-0.26140063
-0.26140738
-0.26116827
-0.26227834
-0.26169031
-0.26132713
-0.26185688
-0.26197127
-0.26152933
-0.26142961
-0.26172514
-0.26177436
-0.26157761
-0.26181444
-0.26144814
-0.26158817
-0.26127387
-0.26150429
-0.26151140
-0.26161618
-0.26126883
-0.26112677
-0.26130949
-0.26184762
-0.26130989
-0.26165093
-0.26199932
-0.26164797
-0.26154375
-0.26118299
-0.26154555
-0.26193490
-0.26163731
-0.26189990
-0.26168098
-0.26150861
-0.26185886
-0.26157295
-0.26162841
-0.26165007
-0.26148370
-0.26164376
-0.26171109
-0.26177559
-0.26179447
-0.26125167
-0.26134899
-0.26178971
-0.26177073
-0.26149280
-0.26097724
-0.26156986
-0.26183127
-0.26158661
-0.26141929
-0.26214416
-0.26179372
-0.26159219
-0.26160420
-0.26224899
-0.26153454
-0.26175541
-0.26134295
-0.26156355
-0.26125609
-0.26134189
-0.26162273
-0.26140885
-0.26101789
-0.26145793
-0.26162578
-0.26194271
-0.26173122
-0.26150851
-0.26157447
-0.26176698
-0.26098741
-0.26146254
-0.26161576
-0.26159691
-0.26147396
-0.26152977
-0.26172965
-0.26161705
-0.26138867
-0.26141879
-0.26205039
-0.26173300
-0.26054912
-0.26114743
-0.26112634
-0.26129659
-0.26103781
-0.26131018
-0.26154930
-0.26185808
-0.26161444
-0.26072282
-0.26141125
-0.26127599
-0.26117852
-0.26172708
-0.26143359
-0.26148107
-0.26109953
-0.26166675
-0.26131512
-0.26108045
-0.26142574
-0.26145102
-0.26169226
-0.26129101
-0.26148741
-0.26095233
-0.26160929
-0.26164954
-0.26137730
-0.26153065
-0.26139013
-0.26182081
-0.26147744
-0.26116983
-0.26088506
-0.26193199
-0.26152476
-0.26104387
-0.26137924
-0.26127601
-0.26144974
-0.26168168
-0.26188569
-0.26156289
-0.26130646
-0.26167362
-0.26138175
-0.26142752
-0.26124289
-0.26123661
-0.26161946
-0.26162728
-0.26109427
-0.26173681
-0.26142359
-0.26136418
-0.26141099
-0.26154594
-0.26139703
-0.26178580
-0.26122120
-0.26164107
-0.26123435
-0.26112962
-0.26135014
-0.26109041
-0.26083349
-0.26107609
-0.26126136
-0.26159916
-0.26136644
-0.26137541
-0.26130214
-0.26110937
-0.26129534
-0.26092754
-0.26136459
-0.26137214
-0.26115421
-0.26156971
-0.26075824
-0.26178350
-0.26151439
-0.26125287
-0.26084030
-0.26139722
-0.26178280
-0.26116101
-0.26137566
-0.26153818
-0.26180127
-0.26145010
-0.26148174
-0.26108688
-0.26095610
-0.26166250
-0.26162846
-0.26178673
-0.26098600
-0.26140136
-0.26148603
-0.26093219
-0.26129712
-0.26093148
-0.26156172
-0.26099876
-0.26145202
-0.26075743
-0.26166820
-0.26131722
-0.26115412
-0.26142124
-0.26187055
-0.26082585
-0.26088450
-0.26099791
-0.26101922
-0.26117460
-0.26107313
-0.26162345
-0.26129049
-0.26137668
-0.26177855
-0.26107467
-0.26117475
-0.26115010
-0.26139439
-0.26086624
-0.26140165
-0.26089872
-0.26106843
-0.26161883
-0.26141371
-0.26141768
-0.26121130
-0.26082442
-0.26143836
-0.26139420
-0.26124758
-0.26177864
-0.26155178
-0.26149889
-0.26096997
-0.26188340
-0.26109231
-0.26175527
-0.26092546
-0.26156943
-0.26141634
-0.26148042
-0.26141047
-0.26178112
-0.26124541
-0.26132068
-0.26119764
-0.26170839
-0.26112554
-0.26122004
-0.26144291
-0.26111169
-0.26118377
-0.26100875
-0.26116013
-0.26116687
-0.26099478
-0.26087191
-0.26142441
-0.26098978
-0.26145691
-0.26092033
-0.26079285
-0.26144906
-0.26109726
-0.26170326
-0.26099414
-0.26116387
-0.26118678
-0.26115610
-0.26097585
-0.26093574
-0.26106256
-0.26086475
-0.26111569
-0.26074775
-0.26112947
-0.26144758
-0.26127444
-0.26123610
-0.26091919
-0.26100830
-0.26095323
-0.26106519
-0.26135251
-0.26117070
-0.26094162
-0.26164601
-0.26122665
-0.26072010
-0.26121744
-0.26124329
-0.26065181
-0.26122902
-0.26166943
-0.26093333
-0.26124397
-0.26113318
-0.26134477
-0.26137148
-0.26087519
-0.26128831
-0.26059068
-0.26099747
-0.26117714
-0.26146013
-0.26102585
-0.26155238
-0.26080019
-0.26128883
-0.26067593
-0.26141656
-0.26131116
-0.26180338
-0.26079645
-0.26101333
-0.26064848
-0.26117752
-0.26095547
-0.26091163
-0.26121147
-0.26116383
-0.26108444
-0.26098240
-0.26123501
-0.26129398
-0.26150669
-0.26117841
-0.26072241
-0.26143379
-0.26106134
-0.26113303
-0.26203708
-0.26139273
-0.26110605
-0.26142444
-0.26119963
-0.26097158
-0.26059350
-0.26104990
-0.26163876
-0.26124966
-0.26098917
-0.26138363
-0.26137373
-0.26111902
-0.26116239
-0.26056975
-0.26094295
-0.26100379
-0.26133354
-0.26140640
-0.26082534
-0.26138049
-0.26074490
-0.26114371
-0.26106641
-0.26084217
-0.26091266
-0.26143790
-0.26097702
-0.26089474
-0.26102307
-0.26100783
-0.26132291
-0.26127933
-0.26094787
-0.26104865
-0.26154422
-0.26085500
-0.26154422
-0.26104865
-0.26094787
-0.26127933
-0.26132291
-0.26100783
-0.26102307
-0.26089474
-0.26097702
-0.26143790
-0.26091266
-0.26084217
-0.26106641
-0.26114371
-0.26074490
-0.26138049
-0.26082534
-0.26140640
-0.26133354
-0.26100379
-0.26094295
-0.26056975
-0.26116239
-0.26111902
-0.26137373
-0.26138363
-0.26098917
-0.26124966
-0.26163876
-0.26104990
-0.26059350
-0.26097158
-0.26119963
-0.26142444
-0.26110605
-0.26139273
-0.26203708
-0.26113303
-0.26106134
-0.26143379
-0.26072241
-0.26117841
-0.26150669
-0.26129398
-0.26123501
-0.26098240
-0.26108444
-0.26116383
-0.26121147
-0.26091163
-0.26095547
-0.26117752
-0.26064848
-0.26101333
-0.26079645
-0.26180338
-0.26131116
-0.26141656
-0.26067593
-0.26128883
-0.26080019
-0.26155238
-0.26102585
-0.26146013
-0.26117714
-0.26099747
-0.26059068
-0.26128831
-0.26087519
-0.26137148
-0.26134477
-0.26113318
-0.26124397
-0.26093333
-0.26166943
-0.26122902
-0.26065181
-0.26124329
-0.26121744
-0.26072010
-0.26122665
-0.26164601
-0.26094162
-0.26117070
-0.26135251
-0.26106519
-0.26095323
-0.26100830
-0.26091919
-0.26123610
-0.26127444
-0.26144758
-0.26112947
-0.26074775
-0.26111569
-0.26086475
-0.26106256
-0.26093574
-0.26097585
-0.26115610
-0.26118678
-0.26116387
-0.26099414
-0.26170326
-0.26109726
-0.26144906
-0.26079285
-0.26092033
-0.26145691
-0.26098978
-0.26142441
-0.26087191
-0.26099478
-0.26116687
-0.26116013
-0.26100875
-0.26118377
-0.26111169
-0.26144291
-0.26122004
-0.26112554
-0.26170839
-0.26119764
-0.26132068
-0.26124541
-0.26178112
-0.26141047
-0.26148042
-0.26141634
-0.26156943
-0.26092546
-0.26175527
-0.26109231
-0.26188340
-0.26096997
-0.26149889
-0.26155178
-0.26177864
-0.26124758
-0.26139420
-0.26143836
-0.26082442
-0.26121130
-0.26141768
-0.26141371
-0.26161883
-0.26106843
-0.26089872
-0.26140165
-0.26086624
-0.26139439
-0.26115010
-0.26117475
-0.26107467
-0.26177855
-0.26137668
-0.26129049
-0.26162345
-0.26107313
-0.26117460
-0.26101922
-0.26099791
-0.26088450
-0.26082585
-0.26187055
-0.26142124
-0.26115412
-0.26131722
-0.26166820
-0.26075743
-0.26145202
-0.26099876
-0.26156172
-0.26093148
-0.26129712
-0.26093219
-0.26148603
-0.26140136
-0.26098600
-0.26178673
-0.26162846
-0.26166250
-0.26095610
-0.26108688
-0.26148174
-0.26145010
-0.26180127
-0.26153818
-0.26137566
-0.26116101
-0.26178280
-0.26139722
-0.26084030
-0.26125287
-0.26151439
-0.26178350
-0.26075824
-0.26156971
-0.26115421
-0.26137214
-0.26136459
-0.26092754
-0.26129534
-0.26110937
-0.26130214
-0.26137541
-0.26136644
-0.26159916
-0.26126136
-0.26107609
-0.26083349
-0.26109041
-0.26135014
-0.26112962
-0.26123435
-0.26164107
-0.26122120
-0.26178580
-0.26139703
-0.26154594
-0.26141099
-0.26136418
-0.26142359
-0.26173681
-0.26109427
-0.26162728
-0.26161946
-0.26123661
-0.26124289
-0.26142752
-0.26138175
-0.26167362
-0.26130646
-0.26156289
-0.26188569
-0.26168168
-0.26144974
-0.26127601
-0.26137924
-0.26104387
-0.26152476
-0.26193199
-0.26088506
-0.26116983
-0.26147744
-0.26182081
-0.26139013
-0.26153065
-0.26137730
-0.26164954
-0.26160929
-0.26095233
-0.26148741
-0.26129101
-0.26169226
-0.26145102
-0.26142574
-0.26108045
-0.26131512
-0.26166675
-0.26109953
-0.26148107
-0.26143359
-0.26172708
-0.26117852
-0.26127599
-0.26141125
-0.26072282
-0.26161444
-0.26185808
-0.26154930
-0.26131018
-0.26103781
-0.26129659
-0.26112634
-0.26114743
-0.26054912
-0.26173300
-0.26205039
-0.26141879
-0.26138867
-0.26161705
-0.26172965
-0.26152977
-0.26147396
-0.26159691
-0.26161576
-0.26146254
-0.26098741
-0.26176698
-0.26157447
-0.26150851
-0.26173122
-0.26194271
-0.26162578
-0.26145793
-0.26101789
-0.26140885
-0.26162273
-0.26134189
-0.26125609
-0.26156355
-0.26134295
-0.26175541
-0.26153454
-0.26224899
-0.26160420
-0.26159219
-0.26179372
-0.26214416
-0.26141929
-0.26158661
-0.26183127
-0.26156986
-0.26097724
-0.26149280
-0.26177073
-0.26178971
-0.26134899
-0.26125167
-0.26179447
-0.26177559
-0.26171109
-0.26164376
-0.26148370
-0.26165007
-0.26162841
-0.26157295
-0.26185886
-0.26150861
-0.26168098
-0.26189990
-0.26163731
-0.26193490
-0.26154555
-0.26118299
-0.26154375
-0.26164797
-0.26199932
-0.26165093
-0.26130989
-0.26184762
-0.26130949
-0.26112677
-0.26126883
-0.26161618
-0.26151140
-0.26150429
-0.26127387
-0.26158817
-0.26144814
-0.26181444
-0.26157761
-0.26177436
-0.26172514
-0.26142961
-0.26152933
-0.26197127
-0.26185688
-0.26132713
-0.26169031
-0.26227834
-0.26116827
-0.26140738
-0.26140063
-0.26185436
-0.26180905
-0.26177270
-0.26169546
-0.26156658
-0.26140952
-0.26223163
-0.26150569
-0.26163284
-0.26169397
-0.26177717
-0.26213132
-0.26196700
-0.26204738
-0.26150693
-0.26155006
-0.26205556
-0.26195247
-0.26103810
-0.26192783
-0.26191034
-0.26218902
-0.26171290
-0.26189821
-0.26128018
-0.26191643
-0.26212305
-0.26215455
-0.26191652
-0.26216713
-0.26222644
-0.26159239
-0.26240871
-0.26158724
-0.26177207
-0.26171647
-0.26235459
-0.26213639
-0.26191145
-0.26174737
-0.26184450
-0.26218349
-0.26159650
-0.26193387
-0.26199569
-0.26179684
-0.26187650
-0.26117778
-0.26176903
-0.26163784
-0.26236722
-0.26181094
-0.26204317
-0.26232418
-0.26189809
-0.26216591
-0.26166672
-0.26190146
-0.26212333
-0.26218905
-0.26219553
-0.26163662
-0.26218830
-0.26183733
-0.26206959
-0.26219970
-0.26258332
-0.26199544
-0.26211972
-0.26243339
-0.26216629
-0.26203009
-0.26238017
-0.26210914
-0.26249862
-0.26180454
-0.26207044
-0.26244954
-0.26155236
-0.26223421
-0.26144134
-0.26241908
-0.26212073
-0.26228563
-0.26269641
-0.26197188
-0.26195851
-0.26272154
-0.26274148
-0.26219410
-0.26220575
-0.26208767
-0.26204191
-0.26185473
-0.26186205
-0.26247692
-0.26225582
-0.26208332
-0.26195123
-0.26230193
-0.26234202
-0.26246333
-0.26224196
-0.26270490
-0.26162900
-0.26247672
-0.26249082
-0.26217534
-0.26283817
-0.26292198
-0.26239088
-0.26229431
-0.26242541
-0.26245484
-0.26315569
-0.26258932
-0.26205530
-0.26294669
-0.26233467
-0.26240153
-0.26280966
-0.26270931
-0.26290529
-0.26271202
-0.26167409
-0.26218085
-0.26252131
-0.26250923
-0.26247366
-0.26279423
-0.26252520
-0.26247941
-0.26205417
-0.26242973
-0.26253610
-0.26231655
-0.26246369
-0.26231711
-0.26275346
-0.26280913
-0.26306623
-0.26273756
-0.26214120
-0.26303291
-0.26316152
-0.26337657
-0.26320600
-0.26276051
-0.26241652
-0.26267466
-0.26239434
-0.26260039
-0.26275837
-0.26284656
-0.26269919
-0.26271716
-0.26232093
-0.26305608
-0.26270015
-0.26233086
-0.26286265
-0.26288376
-0.26290308
-0.26303408
-0.26259187
-0.26331638
-0.26279607
-0.26248788
-0.26244074
-0.26278163
-0.26325680
-0.26261418
-0.26307418
-0.26308092
-0.26258814
-0.26300465
-0.26339928
-0.26288833
-0.26300122
-0.26304252
-0.26314117
-0.26312951
-0.26302486
-0.26308488
-0.26287525
-0.26278624
-0.26303288
-0.26322432
-0.26341440
-0.26306770
-0.26297296
-0.26337271
-0.26300009
-0.26331588
-0.26307869
-0.26318773
-0.26323153
-0.26382735
-0.26332734
-0.26306580
-0.26327503
-0.26297881
-0.26300865
-0.26364302
-0.26318940
-0.26302330
-0.26309845
-0.26409150
-0.26384505
-0.26357648
-0.26404065
-0.26305082
-0.26306347
-0.26349701
-0.26333671
-0.26426747
-0.26364037
-0.26370394
-0.26365126
-0.26362472
-0.26395472
-0.26296424
-0.26355237
-0.26340771
-0.26403081
-0.26364980
-0.26435578
-0.26310875
-0.26398492
-0.26384532
-0.26369631
-0.26367059
-0.26406114
-0.26353422
-0.26367208
-0.26357248
-0.26436058
-0.26369642
-0.26411102
-0.26419937
-0.26400537
-0.26388452
-0.26378220
-0.26404955
-0.26379602
-0.26398746
-0.26416924
-0.26433317
-0.26414675
-0.26396524
-0.26489433
-0.26474264
-0.26420111
-0.26431565
-0.26460102
-0.26428244
-0.26417821
-0.26387719
-0.26421303
-0.26365289
-0.26426291
-0.26449496
-0.26470657
-0.26470374
-0.26502384
-0.26453923
-0.26414894
-0.26472277
-0.26446673
-0.26482909
-0.26433773
-0.26464914
-0.26451668
-0.26405502
-0.26486803
-0.26488419
-0.26486077
-0.26443271
-0.26548972
-0.26482783
-0.26459802
-0.26485382
-0.26481900
-0.26485959
-0.26484779
-0.26476286
-0.26416397
-0.26457839
-0.26531639
-0.26468513
-0.26538120
-0.26525350
-0.26552196
-0.26518579
-0.26532365
-0.26497640
-0.26536797
-0.26519766
-0.26525300
-0.26442722
-0.26528341
-0.26536898
-0.26566842
-0.26521144
-0.26555757
-0.26473172
-0.26584852
-0.26561902
-0.26573784
-0.26547606
-0.26554424
-0.26604496
-0.26539941
-0.26544073
-0.26588908
-0.26476958
-0.26550225
-0.26560303
-0.26626547
-0.26640973
-0.26547369
-0.26600809
-0.26589762
-0.26528624
-0.26647858
-0.26644761
-0.26565223
-0.26589017
-0.26664153
-0.26628908
-0.26672616
-0.26647542
-0.26624171
-0.26626128
-0.26711976
-0.26667330
-0.26664715
-0.26658715
-0.26664046
-0.26662565
-0.26681645
-0.26686356
-0.26671860
-0.26709790
-0.26653986
-0.26713620
-0.26639577
-0.26700860
-0.26742302
-0.26752230
-0.26717609
-0.26765709
-0.26744331
-0.26768690
-0.26707912
-0.26731918
-0.26776427
-0.26714351
-0.26748361
-0.26732127
-0.26761577
-0.26805987
-0.26694214
-0.26763758
-0.26726421
-0.26774179
-0.26784270
-0.26789578
-0.26851283
-0.26757745
-0.26812952
-0.26835670
-0.26802799
-0.26884546
-0.26859143
-0.26821970
-0.26841801
-0.26898669
-0.26808834
-0.26838035
-0.26783755
-0.26857705
-0.26916660
-0.26860839
-0.26926390
-0.26931151
-0.26937637
-0.26894332
-0.26936572
-0.26942887
-0.26931587
-0.27016856
-0.26947028
-0.27010314
-0.26919568
-0.27024268
-0.26966836
-0.26982966
-0.27055973
-0.27034806
-0.27020667
-0.27006282
-0.26998298
-0.27040393
-0.27056312
-0.27063514
-0.26993507
-0.27087957
-0.27081032
-0.27121219
-0.27105875
-0.27099251
-0.27136749
-0.27163977
-0.27109727
-0.27173448
-0.27150386
-0.27124441
-0.27124360
-0.27244877
-0.27217988
-0.27193852
-0.27270290
-0.27228099
-0.27283539
-0.27243227
-0.27236413
-0.27288523
-0.27283922
-0.27240210
-0.27318513
-0.27265063
-0.27393340
-0.27332579
-0.27356627
-0.27318371
-0.27425467
-0.27400462
-0.27385530
-0.27415829
-0.27368825
-0.27411661
-0.27435059
-0.27496501
-0.27467849
-0.27499795
-0.27520365
-0.27613685
-0.27530961
-0.27561030
-0.27562874
-0.27557406
-0.27560453
-0.27557057
-0.27638544
-0.27632053
-0.27664993
-0.27669033
-0.27742335
-0.27698190
-0.27764595
-0.27765298
-0.27738430
-0.27770118
-0.27760276
-0.27787664
-0.27824202
-0.27863378
-0.27867384
-0.27847102
-0.27853368
-0.27925430
-0.27943116
-0.27991967
-0.27978067
-0.28069579
-0.28103450
-0.28065979
-0.28118832
-0.28149959
-0.28167512
-0.28196257
-0.28218524
-0.28216912
-0.28227416
-0.28254436
-0.28317972
-0.28351479
-0.28335665
-0.28348957
-0.28415037
-0.28436245
-0.28428299
-0.28482800
-0.28494011
-0.28477639
-0.28566828
-0.28624218
-0.28642140
-0.28666484
-0.28694559
-0.28664299
-0.28772187
-0.28755176
-0.28832949
-0.28870154
-0.28907153
-0.28959722
-0.29023259
-0.29061697
-0.29081372
-0.29156256
-0.29133634
-0.29219137
-0.29259417
-0.29287817
-0.29335232
-0.29413449
-0.29468172
-0.29509513
-0.29530630
-0.29667000
-0.29619899
-0.29714504
-0.29739913
-0.29830327
-0.29887864
-0.29954619
-0.30040538
-0.30027796
-0.30137345
-0.30058993
-0.30266677
-0.30343378
-0.30397732
-0.30464066
-0.30537982
-0.30562711
-0.30706685
-0.30798384
-0.30839736
-0.30951415
-0.31051500
-0.31092357
-0.31256446
-0.31332281
-0.31395434
-0.31531333
-0.31619373
-0.31746037
-0.31857672
-0.31918885
-0.32049793
-0.32166949
-0.32269086
-0.32378958
-0.32532878
-0.32678529
-0.32750532
-0.32782774
-0.33197168
-0.33292800
-0.33467956
-0.33584063
-0.33758548
-0.33947187
-0.34075734
-0.34267601
-0.34472719
-0.34627341
-0.34837592
-0.35056585
-0.35266854
-0.35558433
-0.35774523
-0.35945620
-0.36242201
-0.36513527
-0.36709749
-0.37056377
-0.37325156
-0.37640836
-0.37937822
-0.38258189
-0.38589899
-0.38944277
-0.39314375
-0.39578594
-0.40480342
-0.40734946
-0.41140027
-0.41631173
-0.42135052
-0.42659622
-0.43119111
-0.43741423
-0.44314961
-0.44980039
-0.45579355
-0.46394251
-0.47099330
-0.47889316
-0.48704386
-0.49589552
-0.50586992
-0.51563909
-0.52641632
-0.53784417
-0.54999178
-0.56392327
-0.57691297
-0.59140657
-0.60770862
-0.62491751
-0.64363301
-0.66281596
-0.69072280
-0.71148262
-0.73648498
-0.76498319
-0.79604576
-0.83072514
-0.86836658
-0.90998469
-0.95714259
-1.00933030
-1.06865568
-1.13565658
-1.21145942
-1.29926124
-1.39948337
-1.51788421
-1.65750489
-1.82479472
-2.02736898
-2.27899239
-2.59707859
-3.01082653
-3.57068381
-4.36496667
-5.57444905
-7.62803673
-11.85318828
-25.38353022
273.19304760
22.40487051
11.99662922
8.35653930
6.51779717
5.42143420
4.70311642
4.20506757
3.84758031
3.58738022
3.39749822
3.26222019
3.17153405
3.11935208
