3.10133500
3.23498538
3.61791145
4.22175688
5.03103597
6.05570978
7.33991080
8.97298658
11.11443599
14.05700723
18.38533363
25.44901007
39.18334066
78.01057936
1008.57279176
98.88041404
48.50656648
32.66694183
24.88831412
20.25186550
17.16351260
14.95323070
13.29051873
11.98969853
10.94329247
10.08055121
9.35753364
8.74082945
8.20895071
7.74331220
7.33244322
6.96834457
6.64184384
6.34728192
6.07954674
5.83576105
5.61364322
5.40882573
5.21877667
5.04358392
4.88065140
4.72923674
4.59042984
4.45112402
4.32687501
4.20948392
4.09818951
3.99409696
3.89442009
3.80007143
3.71023326
3.62573392
3.54405422
3.46685262
3.39338640
3.32294059
3.25520567
3.19050169
3.12855416
3.06868149
3.01170929
2.95662856
2.90356063
2.85250483
2.80355078
2.75664675
2.71033701
2.66636376
2.62331053
2.58168328
2.54296440
2.50273916
2.46478194
2.42961408
2.39424403
2.35970186
2.32686623
2.29439506
2.26317635
2.23336889
2.20319182
2.17401547
2.14637776
2.11865095
2.09244929
2.06691014
2.04099998
2.01676568
1.99225934
1.96882134
1.94598820
1.92347086
1.90171227
1.88085192
1.86008838
1.83952023
1.81938150
1.79986924
1.78099304
1.76295891
1.74442712
1.72702546
1.70914634
1.69207785
1.67522377
1.65801040
1.64239367
1.62667864
1.61165448
1.59636003
1.58132909
1.56639358
1.55212065
1.53834626
1.52408335
1.51114554
1.49783797
1.48476807
1.47138463
1.45945470
1.44723721
1.43455684
1.42236903
1.41105945
1.39937056
1.38786785
1.37654331
1.36726609
1.35528701
1.34454943
1.33408635
1.32428494
1.31355541
1.30346341
1.29392063
1.28423777
1.27439467
1.26585631
1.25610780
1.24666496
1.23814443
1.22962730
1.22073648
1.21166607
1.20375796
1.19486983
1.18658899
1.17821626
1.17069818
1.16290896
1.15496559
1.14764451
1.13994638
1.13285302
1.12492686
1.11938902
1.11087773
1.10422705
1.09697456
1.08981331
1.08309158
1.07680057
1.06990407
1.06298022
1.05668189
1.05062423
1.04401463
1.03766749
1.03136909
1.02564725
1.01959176
1.01394214
1.00841063
1.00241066
0.99640859
0.99124895
0.98541696
0.98051774
0.97457980
0.96930780
0.96394622
0.95842850
0.95374205
0.94969009
0.94281434
0.93843791
0.93282095
0.92806123
0.92302412
0.91818587
0.91355673
0.90915121
0.90401339
0.89965200
0.89504377
0.89084138
0.88596224
0.88207519
0.87754426
0.87290593
0.86903784
0.86433515
0.86093113
0.85643917
0.85209060
0.84729646
0.84445131
0.83994529
0.83596251
0.83244187
0.82881872
0.82548809
0.82039292
0.81679530
0.81363090
0.80994385
0.80618416
0.80207767
0.79869222
0.79529445
0.79231680
0.78857649
0.78506284
0.78132944
0.77823024
0.77454227
0.77172480
0.76783431
0.76518630
0.76141967
0.75859527
0.75544708
0.75200474
0.74904012
0.74639517
0.74321328
0.74007824
0.73654051
0.73435275
0.73098427
0.72775585
0.72514968
0.72193603
0.71943845
0.71652495
0.71374073
0.71099067
0.70817007
0.70575487
0.70283799
0.70043807
0.69728457
0.69425945
0.69248829
0.68933849
0.68718993
0.68409582
0.68232719
0.67870869
0.67707044
0.67449496
0.67198319
0.66922612
0.66685894
0.66419061
0.66215466
0.65959248
0.65747134
0.65516266
0.65247237
0.65081487
0.64860066
0.64614491
0.64419759
0.64187995
0.63912440
0.63728863
0.63460282
0.63225490
0.63052857
0.62824250
0.62662063
0.62408320
0.62254066
0.62029515
0.61850526
0.61575561
0.61366643
0.61231052
0.60980131
0.60783369
0.60655714
0.60397811
0.60212996
0.60009185
0.59851088
0.59699115
0.59506263
0.59294876
0.59098906
0.58943705
0.58723296
0.58589440
0.58388860
0.58182808
0.58049527
0.57836788
0.57682960
0.57531052
0.57350332
0.57107093
0.56974236
0.56778152
0.56680381
0.56435036
0.56263769
0.56153322
0.56002346
0.55812395
0.55691010
0.55490571
0.55293946
0.55179835
0.54976221
0.54950504
0.54698845
0.54526461
0.54386660
0.54294084
0.54101102
0.53961891
0.53759351
0.53587385
0.53552487
0.53355337
0.53156868
0.53054133
0.52915533
0.52784278
0.52636513
0.52476448
0.52328638
0.52190283
0.51985257
0.51950400
0.51789312
0.51647704
0.51533901
0.51416454
0.51328403
0.51150375
0.51046609
0.50919530
0.50670701
0.50615485
0.50451644
0.50383200
0.50214994
0.50127811
0.49940390
0.49832299
0.49735019
0.49634039
0.49480528
0.49348491
0.49174404
0.49114296
0.49038083
0.48877132
0.48746181
0.48666258
0.48473233
0.48331070
0.48312003
0.48178496
0.48035489
0.47948990
0.47860309
0.47706624
0.47654269
0.47544631
0.47341322
0.47275020
0.47121368
0.47052975
0.46900464
0.46837559
0.46754828
0.46631794
0.46557350
0.46395507
0.46322868
0.46201492
0.46091389
0.46020152
0.45928927
0.45841153
0.45712468
0.45588517
0.45472935
0.45370239
0.45245696
0.45162256
0.45157657
0.45037690
0.44878439
0.44802952
0.44715151
0.44656143
0.44538745
0.44439383
0.44310911
0.44255199
0.44163522
0.44015215
0.43970822
0.43839886
0.43806066
0.43687540
0.43624916
0.43540624
0.43432009
0.43377520
0.43257715
0.43131401
0.43055601
0.43001103
0.42887297
0.42802480
0.42692569
0.42663136
0.42571599
0.42523005
0.42398409
0.42309479
0.42211978
0.42142718
0.42035386
0.42012371
0.41951443
0.41794538
0.41748520
0.41710426
0.41664125
0.41443216
0.41430957
0.41333315
0.41192699
0.41247021
0.41152736
0.41036749
0.40994682
0.40885239
0.40763724
0.40734892
0.40669899
0.40525363
0.40483699
0.40459882
0.40335620
0.40302284
0.40232910
0.40110887
0.40108373
0.39967347
0.40003226
0.39839701
0.39791472
0.39694079
0.39667163
0.39593416
0.39521718
0.39464436
0.39367344
0.39239924
0.39238947
0.39144086
0.39119104
0.39020161
0.38944103
0.38912321
0.38835720
0.38795624
0.38697718
0.38627675
0.38583892
0.38486394
0.38441758
0.38402736
0.38372546
0.38251418
0.38139892
0.38162140
0.38147185
0.38007169
0.37944394
0.37900049
0.37817633
0.37757741
0.37655046
0.37660241
0.37620493
0.37508382
0.37480442
0.37385189
0.37352115
0.37286614
0.37250733
0.37160523
0.37104967
0.37078094
0.36995804
0.37002076
0.36955776
0.36883313
0.36809956
0.36707423
0.36690980
0.36626916
0.36586936
0.36527258
0.36484866
0.36372032
0.36308936
0.36273852
0.36209349
0.36167584
0.36130829
0.36059791
0.36038608
0.35951298
0.35924693
0.35853244
0.35772238
0.35711330
0.35710711
0.35712352
0.35605020
0.35599115
0.35523837
0.35458892
0.35457157
0.35325082
0.35326341
0.35320475
0.35246286
0.35135307
0.35085519
0.35066774
0.35043003
0.35003718
0.34910063
0.34841484
0.34834090
0.34752959
0.34770094
0.34676093
0.34690370
0.34602390
0.34562885
0.34479008
0.34457912
0.34380217
0.34369346
0.34249531
0.34228467
0.34207629
0.34196047
0.34115538
0.34058937
0.34081319
0.34022815
0.33949124
0.33919200
0.33886567
0.33839858
0.33806570
0.33782770
0.33687036
0.33677417
0.33601167
0.33610870
0.33553067
0.33482657
0.33469771
0.33428303
0.33364153
0.33326320
0.33298400
0.33273691
0.33212972
0.33144797
0.33156345
0.33101736
0.33049739
0.33009560
0.32978999
0.32921947
0.32930459
0.32877435
0.32828027
0.32787914
0.32721437
0.32726297
0.32666740
0.32681105
0.32608420
0.32535813
0.32561916
0.32469255
0.32418952
0.32347802
0.32366898
0.32315235
0.32321038
0.32250841
0.32207981
0.32223102
0.32109646
0.32085477
0.32066990
0.32080290
0.32057544
0.31961179
0.31957992
0.31877905
0.31944890
0.31837881
0.31824602
0.31802873
0.31740156
0.31755572
0.31692250
0.31636949
0.31590617
0.31555950
0.31515447
0.31525615
0.31514217
0.31467549
0.31377727
0.31410290
0.31361655
0.31279149
0.31264564
0.31263736
0.31248012
0.31194828
0.31161382
0.31152737
0.31094376
0.31051456
0.31073517
0.30977393
0.30967082
0.30932320
0.30911626
0.30885691
0.30850267
0.30792393
0.30764901
0.30745878
0.30807104
0.30722819
0.30630547
0.30650280
0.30630451
0.30559473
0.30529619
0.30537661
0.30500493
0.30486403
0.30471638
0.30422231
0.30378632
0.30338308
0.30339638
0.30309898
0.30269643
0.30216397
0.30194858
0.30196908
0.30217132
0.30128979
0.30147827
0.30117995
0.30079000
0.30047556
0.29980146
0.29997448
0.29980548
0.29945183
0.29951766
0.29906282
0.29829780
0.29852590
0.29810513
0.29752686
0.29731777
0.29734532
0.29724687
0.29677136
0.29681063
0.29648819
0.29590389
0.29574288
0.29582880
0.29560422
0.29514525
0.29428909
0.29450997
0.29466430
0.29440139
0.29387786
0.29432273
0.29368457
0.29335801
0.29298805
0.29340400
0.29283487
0.29246125
0.29214986
0.29191053
0.29142957
0.29137498
0.29138048
0.29093316
0.29028408
0.29063064
0.29035918
0.29076109
0.29032859
0.28978086
0.28958148
0.28962631
0.28854867
0.28903170
0.28882622
0.28849307
0.28827621
0.28815810
0.28797489
0.28782805
0.28730958
0.28731976
0.28736301
0.28709646
0.28583635
0.28632622
0.28587751
0.28595577
0.28560486
0.28550502
0.28557782
0.28562354
0.28498971
0.28425210
0.28465667
0.28426360
0.28404276
0.28445521
0.28404895
0.28412604
0.28310587
0.28354391
0.28304815
0.28268864
0.28288662
0.28267531
0.28284237
0.28211653
0.28217745
0.28154280
0.28190418
0.28187821
0.28131438
0.28132119
0.28110176
0.28126850
0.28103358
0.28026658
0.27992763
0.28097404
0.28032089
0.27962131
0.27985931
0.27950703
0.27947854
0.27982219
0.27954128
0.27926707
0.27848494
0.27901168
0.27834120
0.27819917
0.27811375
0.27796086
0.27823683
0.27789483
0.27725696
0.27766249
0.27730496
0.27712682
0.27718768
0.27685968
0.27648584
0.27682642
0.27616559
0.27642636
0.27593945
0.27584272
0.27576639
0.27540028
0.27495541
0.27509940
0.27511505
0.27530503
0.27496105
0.27491850
0.27459357
0.27437456
0.27434312
0.27395338
0.27416227
0.27411373
0.27367379
0.27391074
0.27307544
0.27401669
0.27340423
0.27323607
0.27276807
0.27295598
0.27326539
0.27257946
0.27279735
0.27261551
0.27272269
0.27232050
0.27236408
0.27189684
0.27147899
0.27204239
0.27183992
0.27193531
0.27118174
0.27146464
0.27127697
0.27060496
0.27088818
0.27037475
0.27091362
0.27035256
0.27058921
0.26982457
0.27058950
0.27017576
0.27000193
0.27008243
0.27035908
0.26919223
0.26916877
0.26930851
0.26909993
0.26904888
0.26901137
0.26939246
0.26890663
0.26887036
0.26922832
0.26844446
0.26858445
0.26839319
0.26841036
0.26793226
0.26825874
0.26778201
0.26770401
0.26819475
0.26785091
0.26787027
0.26756429
0.26703501
0.26755665
0.26749454
0.26726239
0.26757693
0.26740968
0.26723984
0.26661253
0.26738659
0.26661850
0.26712785
0.26612673
0.26681883
0.26658004
0.26657340
0.26640859
0.26672960
0.26604929
0.26607733
0.26586475
0.26623787
0.26565497
0.26560921
0.26579182
0.26543606
0.26538797
0.26510509
0.26516683
0.26522502
0.26490359
0.26476183
0.26515186
0.26470760
0.26512102
0.26462047
0.26433633
0.26487495
0.26447933
0.26498889
0.26421559
0.26438761
0.26422193
0.26425672
0.26406204
0.26387759
0.26400116
0.26365609
0.26383013
0.26345995
0.26379532
0.26401781
0.26371929
0.26370049
0.26336443
0.26334824
0.26321603
0.26332270
0.26362281
0.26331343
0.26304137
0.26369556
0.26320820
0.26266410
0.26309459
0.26313092
0.26248637
0.26299676
0.26344380
0.26261918
0.26287215
0.26271814
0.26288353
0.26287149
0.26234546
0.26272213
0.26192864
0.26233179
0.26247714
0.26265174
0.26222697
0.26272334
0.26192873
0.26239390
0.26173168
0.26243978
0.26230484
0.26276878
0.26168167
0.26188973
0.26150151
0.26205152
0.26176822
0.26167391
0.26195779
0.26184782
0.26176072
0.26163958
0.26183020
0.26187892
0.26207857
0.26173660
0.26125619
0.26189881
0.26152944
0.26160006
0.26248386
0.26180120
0.26146711
0.26176117
0.26153238
0.26128323
0.26086750
0.26131641
0.26190149
0.26149716
0.26120123
0.26158953
0.26155675
0.26130074
0.26133344
0.26071251
0.26107370
0.26111464
0.26144040
0.26150737
0.26091241
0.26145725
0.26081714
0.26120727
0.26111317
0.26088520
0.26094598
0.26147150
0.26100211
0.26091708
0.26104017
0.26101809
0.26133086
0.26128195
0.26095145
0.26105013
0.26154696
0.26085500
0.26154696
0.26105013
0.26095145
0.26128195
0.26133086
0.26101809
0.26104017
0.26091708
0.26100211
0.26147150
0.26094598
0.26088520
0.26111317
0.26120727
0.26081714
0.26145725
0.26091241
0.26150737
0.26144040
0.26111464
0.26107370
0.26071251
0.26133344
0.26130074
0.26155675
0.26158953
0.26120123
0.26149716
0.26190149
0.26131641
0.26086750
0.26128323
0.26153238
0.26176117
0.26146711
0.26180120
0.26248386
0.26160006
0.26152944
0.26189881
0.26125619
0.26173660
0.26207857
0.26187892
0.26183020
0.26163958
0.26176072
0.26184782
0.26195779
0.26167391
0.26176822
0.26205152
0.26150151
0.26188973
0.26168167
0.26276878
0.26230484
0.26243978
0.26173168
0.26239390
0.26192873
0.26272334
0.26222697
0.26265174
0.26247714
0.26233179
0.26192864
0.26272213
0.26234546
0.26287149
0.26288353
0.26271814
0.26287215
0.26261918
0.26344380
0.26299676
0.26248637
0.26313092
0.26309459
0.26266410
0.26320820
0.26369556
0.26304137
0.26331343
0.26362281
0.26332270
0.26321603
0.26334824
0.26336443
0.26370049
0.26371929
0.26401781
0.26379532
0.26345995
0.26383013
0.26365609
0.26400116
0.26387759
0.26406204
0.26425672
0.26422193
0.26438761
0.26421559
0.26498889
0.26447933
0.26487495
0.26433633
0.26462047
0.26512102
0.26470760
0.26515186
0.26476183
0.26490359
0.26522502
0.26516683
0.26510509
0.26538797
0.26543606
0.26579182
0.26560921
0.26565497
0.26623787
0.26586475
0.26607733
0.26604929
0.26672960
0.26640859
0.26657340
0.26658004
0.26681883
0.26612673
0.26712785
0.26661850
0.26738659
0.26661253
0.26723984
0.26740968
0.26757693
0.26726239
0.26749454
0.26755665
0.26703501
0.26756429
0.26787027
0.26785091
0.26819475
0.26770401
0.26778201
0.26825874
0.26793226
0.26841036
0.26839319
0.26858445
0.26844446
0.26922832
0.26887036
0.26890663
0.26939246
0.26901137
0.26904888
0.26909993
0.26930851
0.26916877
0.26919223
0.27035908
0.27008243
0.27000193
0.27017576
0.27058950
0.26982457
0.27058921
0.27035256
0.27091362
0.27037475
0.27088818
0.27060496
0.27127697
0.27146464
0.27118174
0.27193531
0.27183992
0.27204239
0.27147899
0.27189684
0.27236408
0.27232050
0.27272269
0.27261551
0.27279735
0.27257946
0.27326539
0.27295598
0.27276807
0.27323607
0.27340423
0.27401669
0.27307544
0.27391074
0.27367379
0.27411373
0.27416227
0.27395338
0.27434312
0.27437456
0.27459357
0.27491850
0.27496105
0.27530503
0.27511505
0.27509940
0.27495541
0.27540028
0.27576639
0.27584272
0.27593945
0.27642636
0.27616559
0.27682642
0.27648584
0.27685968
0.27718768
0.27712682
0.27730496
0.27766249
0.27725696
0.27789483
0.27823683
0.27796086
0.27811375
0.27819917
0.27834120
0.27901168
0.27848494
0.27926707
0.27954128
0.27982219
0.27947854
0.27950703
0.27985931
0.27962131
0.28032089
0.28097404
0.27992763
0.28026658
0.28103358
0.28126850
0.28110176
0.28132119
0.28131438
0.28187821
0.28190418
0.28154280
0.28217745
0.28211653
0.28284237
0.28267531
0.28288662
0.28268864
0.28304815
0.28354391
0.28310587
0.28412604
0.28404895
0.28445521
0.28404276
0.28426360
0.28465667
0.28425210
0.28498971
0.28562354
0.28557782
0.28550502
0.28560486
0.28595577
0.28587751
0.28632622
0.28583635
0.28709646
0.28736301
0.28731976
0.28730958
0.28782805
0.28797489
0.28815810
0.28827621
0.28849307
0.28882622
0.28903170
0.28854867
0.28962631
0.28958148
0.28978086
0.29032859
0.29076109
0.29035918
0.29063064
0.29028408
0.29093316
0.29138048
0.29137498
0.29142957
0.29191053
0.29214986
0.29246125
0.29283487
0.29340400
0.29298805
0.29335801
0.29368457
0.29432273
0.29387786
0.29440139
0.29466430
0.29450997
0.29428909
0.29514525
0.29560422
0.29582880
0.29574288
0.29590389
0.29648819
0.29681063
0.29677136
0.29724687
0.29734532
0.29731777
0.29752686
0.29810513
0.29852590
0.29829780
0.29906282
0.29951766
0.29945183
0.29980548
0.29997448
0.29980146
0.30047556
0.30079000
0.30117995
0.30147827
0.30128979
0.30217132
0.30196908
0.30194858
0.30216397
0.30269643
0.30309898
0.30339638
0.30338308
0.30378632
0.30422231
0.30471638
0.30486403
0.30500493
0.30537661
0.30529619
0.30559473
0.30630451
0.30650280
0.30630547
0.30722819
0.30807104
0.30745878
0.30764901
0.30792393
0.30850267
0.30885691
0.30911626
0.30932320
0.30967082
0.30977393
0.31073517
0.31051456
0.31094376
0.31152737
0.31161382
0.31194828
0.31248012
0.31263736
0.31264564
0.31279149
0.31361655
0.31410290
0.31377727
0.31467549
0.31514217
0.31525615
0.31515447
0.31555950
0.31590617
0.31636949
0.31692250
0.31755572
0.31740156
0.31802873
0.31824602
0.31837881
0.31944890
0.31877905
0.31957992
0.31961179
0.32057544
0.32080290
0.32066990
0.32085477
0.32109646
0.32223102
0.32207981
0.32250841
0.32321038
0.32315235
0.32366898
0.32347802
0.32418952
0.32469255
0.32561916
0.32535813
0.32608420
0.32681105
0.32666740
0.32726297
0.32721437
0.32787914
0.32828027
0.32877435
0.32930459
0.32921947
0.32978999
0.33009560
0.33049739
0.33101736
0.33156345
0.33144797
0.33212972
0.33273691
0.33298400
0.33326320
0.33364153
0.33428303
0.33469771
0.33482657
0.33553067
0.33610870
0.33601167
0.33677417
0.33687036
0.33782770
0.33806570
0.33839858
0.33886567
0.33919200
0.33949124
0.34022815
0.34081319
0.34058937
0.34115538
0.34196047
0.34207629
0.34228467
0.34249531
0.34369346
0.34380217
0.34457912
0.34479008
0.34562885
0.34602390
0.34690370
0.34676093
0.34770094
0.34752959
0.34834090
0.34841484
0.34910063
0.35003718
0.35043003
0.35066774
0.35085519
0.35135307
0.35246286
0.35320475
0.35326341
0.35325082
0.35457157
0.35458892
0.35523837
0.35599115
0.35605020
0.35712352
0.35710711
0.35711330
0.35772238
0.35853244
0.35924693
0.35951298
0.36038608
0.36059791
0.36130829
0.36167584
0.36209349
0.36273852
0.36308936
0.36372032
0.36484866
0.36527258
0.36586936
0.36626916
0.36690980
0.36707423
0.36809956
0.36883313
0.36955776
0.37002076
0.36995804
0.37078094
0.37104967
0.37160523
0.37250733
0.37286614
0.37352115
0.37385189
0.37480442
0.37508382
0.37620493
0.37660241
0.37655046
0.37757741
0.37817633
0.37900049
0.37944394
0.38007169
0.38147185
0.38162140
0.38139892
0.38251418
0.38372546
0.38402736
0.38441758
0.38486394
0.38583892
0.38627675
0.38697718
0.38795624
0.38835720
0.38912321
0.38944103
0.39020161
0.39119104
0.39144086
0.39238947
0.39239924
0.39367344
0.39464436
0.39521718
0.39593416
0.39667163
0.39694079
0.39791472
0.39839701
0.40003226
0.39967347
0.40108373
0.40110887
0.40232910
0.40302284
0.40335620
0.40459882
0.40483699
0.40525363
0.40669899
0.40734892
0.40763724
0.40885239
0.40994682
0.41036749
0.41152736
0.41247021
0.41192699
0.41333315
0.41430957
0.41443216
0.41664125
0.41710426
0.41748520
0.41794538
0.41951443
0.42012371
0.42035386
0.42142718
0.42211978
0.42309479
0.42398409
0.42523005
0.42571599
0.42663136
0.42692569
0.42802480
0.42887297
0.43001103
0.43055601
0.43131401
0.43257715
0.43377520
0.43432009
0.43540624
0.43624916
0.43687540
0.43806066
0.43839886
0.43970822
0.44015215
0.44163522
0.44255199
0.44310911
0.44439383
0.44538745
0.44656143
0.44715151
0.44802952
0.44878439
0.45037690
0.45157657
0.45162256
0.45245696
0.45370239
0.45472935
0.45588517
0.45712468
0.45841153
0.45928927
0.46020152
0.46091389
0.46201492
0.46322868
0.46395507
0.46557350
0.46631794
0.46754828
0.46837559
0.46900464
0.47052975
0.47121368
0.47275020
0.47341322
0.47544631
0.47654269
0.47706624
0.47860309
0.47948990
0.48035489
0.48178496
0.48312003
0.48331070
0.48473233
0.48666258
0.48746181
0.48877132
0.49038083
0.49114296
0.49174404
0.49348491
0.49480528
0.49634039
0.49735019
0.49832299
0.49940390
0.50127811
0.50214994
0.50383200
0.50451644
0.50615485
0.50670701
0.50919530
0.51046609
0.51150375
0.51328403
0.51416454
0.51533901
0.51647704
0.51789312
0.51950400
0.51985257
0.52190283
0.52328638
0.52476448
0.52636513
0.52784278
0.52915533
0.53054133
0.53156868
0.53355337
0.53552487
0.53587385
0.53759351
0.53961891
0.54101102
0.54294084
0.54386660
0.54526461
0.54698845
0.54950504
0.54976221
0.55179835
0.55293946
0.55490571
0.55691010
0.55812395
0.56002346
0.56153322
0.56263769
0.56435036
0.56680381
0.56778152
0.56974236
0.57107093
0.57350332
0.57531052
0.57682960
0.57836788
0.58049527
0.58182808
0.58388860
0.58589440
0.58723296
0.58943705
0.59098906
0.59294876
0.59506263
0.59699115
0.59851088
0.60009185
0.60212996
0.60397811
0.60655714
0.60783369
0.60980131
0.61231052
0.61366643
0.61575561
0.61850526
0.62029515
0.62254066
0.62408320
0.62662063
0.62824250
0.63052857
0.63225490
0.63460282
0.63728863
0.63912440
0.64187995
0.64419759
0.64614491
0.64860066
0.65081487
0.65247237
0.65516266
0.65747134
0.65959248
0.66215466
0.66419061
0.66685894
0.66922612
0.67198319
0.67449496
0.67707044
0.67870869
0.68232719
0.68409582
0.68718993
0.68933849
0.69248829
0.69425945
0.69728457
0.70043807
0.70283799
0.70575487
0.70817007
0.71099067
0.71374073
0.71652495
0.71943845
0.72193603
0.72514968
0.72775585
0.73098427
0.73435275
0.73654051
0.74007824
0.74321328
0.74639517
0.74904012
0.75200474
0.75544708
0.75859527
0.76141967
0.76518630
0.76783431
0.77172480
0.77454227
0.77823024
0.78132944
0.78506284
0.78857649
0.79231680
0.79529445
0.79869222
0.80207767
0.80618416
0.80994385
0.81363090
0.81679530
0.82039292
0.82548809
0.82881872
0.83244187
0.83596251
0.83994529
0.84445131
0.84729646
0.85209060
0.85643917
0.86093113
0.86433515
0.86903784
0.87290593
0.87754426
0.88207519
0.88596224
0.89084138
0.89504377
0.89965200
0.90401339
0.90915121
0.91355673
0.91818587
0.92302412
0.92806123
0.93282095
0.93843791
0.94281434
0.94969009
0.95374205
0.95842850
0.96394622
0.96930780
0.97457980
0.98051774
0.98541696
0.99124895
0.99640859
1.00241066
1.00841063
1.01394214
1.01959176
1.02564725
1.03136909
1.03766749
1.04401463
1.05062423
1.05668189
1.06298022
1.06990407
1.07680057
1.08309158
1.08981331
1.09697456
1.10422705
1.11087773
1.11938902
1.12492686
1.13285302
1.13994638
1.14764451
1.15496559
1.16290896
1.17069818
1.17821626
1.18658899
1.19486983
1.20375796
1.21166607
1.22073648
1.22962730
1.23814443
1.24666496
1.25610780
1.26585631
1.27439467
1.28423777
1.29392063
1.30346341
1.31355541
1.32428494
1.33408635
1.34454943
1.35528701
1.36726609
1.37654331
1.38786785
1.39937056
1.41105945
1.42236903
1.43455684
1.44723721
1.45945470
1.47138463
1.48476807
1.49783797
1.51114554
1.52408335
1.53834626
1.55212065
1.56639358
1.58132909
1.59636003
1.61165448
1.62667864
1.64239367
1.65801040
1.67522377
1.69207785
1.70914634
1.72702546
1.74442712
1.76295891
1.78099304
1.79986924
1.81938150
1.83952023
1.86008838
1.88085192
1.90171227
1.92347086
1.94598820
1.96882134
1.99225934
2.01676568
2.04099998
2.06691014
2.09244929
2.11865095
2.14637776
2.17401547
2.20319182
2.23336889
2.26317635
2.29439506
2.32686623
2.35970186
2.39424403
2.42961408
2.46478194
2.50273916
2.54296440
2.58168328
2.62331053
2.66636376
2.71033701
2.75664675
2.80355078
2.85250483
2.90356063
2.95662856
3.01170929
3.06868149
3.12855416
3.19050169
3.25520567
3.32294059
3.39338640
3.46685262
3.54405422
3.62573392
3.71023326
3.80007143
3.89442009
3.99409696
4.09818951
4.20948392
4.32687501
4.45112402
4.59042984
4.72923674
4.88065140
5.04358392
5.21877667
5.40882573
5.61364322
5.83576105
6.07954674
6.34728192
6.64184384
6.96834457
7.33244322
7.74331220
8.20895071
8.74082945
9.35753364
10.08055121
10.94329247
11.98969853
13.29051873
14.95323070
17.16351260
20.25186550
24.88831412
32.66694183
48.50656648
98.88041404
1008.57279176
78.01057936
39.18334066
25.44901007
18.38533363
14.05700723
11.11443599
8.97298658
7.33991080
6.05570978
5.03103597
4.22175688
3.61791145
3.23498538
