0000000000011000110011111000
0000000000011000111101000110
0000000000011001010111110100
0000000000011010000110010000
0000000000011011001011100001
0000000000011100101100101111
0000000000011110110001111101
0000000000100001101000111111
0000000000100101100111111111
0000000000101011010111110001
0000000000110100001001000111
0000000001000010110110100011
0000000001011111111110010001
0000000010110011001111010010
0000100010001001100010110101
1111111100110100111011101001
1111111110100001001011001011
1111111111000010111110011101
1111111111010011011001111001
1111111111011101000101001001
1111111111100011011011110100
1111111111100111111010011110
1111111111101011001110010011
1111111111101101110001001010
1111111111101111110010000000
1111111111110001011001101110
1111111111110010101111010111
1111111111110011110110110110
1111111111110100110011011110
1111111111110101100110110010
1111111111110110010011101111
1111111111110110111010100011
1111111111110111011100110111
1111111111110111111011001111
1111111111111000010101111101
1111111111111000101110000110
1111111111111001000011011010
1111111111111001010110101011
1111111111111001101000011100
1111111111111001111000010110
1111111111111010000110111011
1111111111111010010011101111
1111111111111010011110010111
1111111111111010101100101001
1111111111111010110110011110
1111111111111011000000000011
1111111111111011001000110111
1111111111111011010001001101
1111111111111011011000101000
1111111111111011011111010010
1111111111111011100110011010
1111111111111011101100101000
1111111111111011110010011111
1111111111111011111000000000
1111111111111011111101000000
1111111111111100000010000111
1111111111111100000110101001
1111111111111100001010110100
1111111111111100001110110111
1111111111111100010010011110
1111111111111100010110101001
1111111111111100011001101101
1111111111111100011101000111
1111111111111100100000000011
1111111111111100100011001111
1111111111111100100101100110
1111111111111100101000010010
1111111111111100101010110111
1111111111111100101101011000
1111111111111100101111011100
1111111111111100110000110000
1111111111111100110101010111
1111111111111100110110101110
1111111111111100111000100111
1111111111111100111010011011
1111111111111100111100001000
1111111111111100111101110001
1111111111111100111111010010
1111111111111101000000111010
1111111111111101000010010010
1111111111111101000100000011
1111111111111101000101000100
1111111111111101000110011101
1111111111111101000111111110
1111111111111101001000110110
1111111111111101001001111101
1111111111111101001011011100
1111111111111101001100100001
1111111111111101001101101001
1111111111111101001110101110
1111111111111101001111100000
1111111111111101010000100100
1111111111111101010001100011
1111111111111101010010001101
1111111111111101010011001010
1111111111111101010100000100
1111111111111101010100101010
1111111111111101010101100011
1111111111111101010110000010
1111111111111101011000001010
1111111111111101011000010101
1111111111111101011000101100
1111111111111101011001011100
1111111111111101011010001111
1111111111111101011010110011
1111111111111101011011010100
1111111111111101011011111010
1111111111111101011100100101
1111111111111101011100111001
1111111111111101011101011110
1111111111111101011110000111
1111111111111101011110100100
1111111111111101011111010001
1111111111111101011111100110
1111111111111101011111111110
1111111111111101100000110100
1111111111111101100001000010
1111111111111101100001100010
1111111111111101100010000111
1111111111111101100010010100
1111111111111101100010110011
1111111111111101100011100010
1111111111111101100011101010
1111111111111101100100000010
1111111111111101100100011000
1111111111111101100100101010
1111111111111101100101000011
1111111111111101100110000111
1111111111111101100101101101
1111111111111101100110010001
1111111111111101100110001101
1111111111111101100110101001
1111111111111101100110111111
1111111111111101100111010010
1111111111111101100111101111
1111111111111101100111111000
1111111111111101101000010111
1111111111111101101000000111
1111111111111101101000110100
1111111111111101101000111011
1111111111111101101001001000
1111111111111101101001011010
1111111111111101101001110100
1111111111111101101010000011
1111111111111101101010001101
1111111111111101101010011010
1111111111111101101010110110
1111111111111101101010101111
1111111111111101101011000111
1111111111111101101011001110
1111111111111101101011011010
1111111111111101101011101111
1111111111111101101100000000
1111111111111101101100001100
1111111111111101101100011001
1111111111111101101100110010
1111111111111101101100101100
1111111111111101101101010000
1111111111111101101101000110
1111111111111101101101001111
1111111111111101101101010111
1111111111111101101101011101
1111111111111101101101110000
1111111111111101101110001101
1111111111111101101110001000
1111111111111101101110001011
1111111111111101101110011101
1111111111111101101110011011
1111111111111101101110100001
1111111111111101101110110111
1111111111111101101110111011
1111111111111101101110110110
1111111111111101101111000001
1111111111111101101111010110
1111111111111101101111011111
1111111111111101101111100010
1111111111111101101111100010
1111111111111101101111101001
1111111111111101101111110011
1111111111111101101111111000
1111111111111101110000000011
1111111111111101110000010100
1111111111111101110000001000
1111111111111101110000010011
1111111111111101110000110001
1111111111111101110000101100
1111111111111101110000111100
1111111111111101110001000010
1111111111111101110001011010
1111111111111101110001011100
1111111111111101110001010101
1111111111111101110001010110
1111111111111101110001100011
1111111111111101110001101111
1111111111111101110001111000
1111111111111101110001110101
1111111111111101110001111111
1111111111111101110001110110
1111111111111101110001110111
1111111111111101110010001100
1111111111111101110001111110
1111111111111101110010010110
1111111111111101110010010111
1111111111111101110010100010
1111111111111101110010100000
1111111111111101110010111011
1111111111111101110010111001
1111111111111101110010111010
1111111111111101110010111001
1111111111111101110010111001
1111111111111101110011000011
1111111111111101110010101000
1111111111111101110011000111
1111111111111101110011001101
1111111111111101110011011000
1111111111111101110011001110
1111111111111101110011100011
1111111111111101110011101010
1111111111111101110011111000
1111111111111101110011101001
1111111111111101110011110011
1111111111111101110011101110
1111111111111101110011100110
1111111111111101110100001001
1111111111111101110011111100
1111111111111101110100000100
1111111111111101110011110000
1111111111111101110100011010
1111111111111101110100001001
1111111111111101110100100010
1111111111111101110100010100
1111111111111101110100010011
1111111111111101110100100100
1111111111111101110100100001
1111111111111101110100010100
1111111111111101110100100110
1111111111111101110100011001
1111111111111101110100110010
1111111111111101110100101010
1111111111111101110100100001
1111111111111101110101001000
1111111111111101110101001000
1111111111111101110101000000
1111111111111101110100111000
1111111111111101110101001101
1111111111111101110100111011
1111111111111101110101000100
1111111111111101110101010001
1111111111111101110101001110
1111111111111101110101001001
1111111111111101110101010111
1111111111111101110101010100
1111111111111101110101110011
1111111111111101110101011100
1111111111111101110101011111
1111111111111101110101100100
1111111111111101110101110010
1111111111111101110101101111
1111111111111101110101101010
1111111111111101110101100110
1111111111111101110101011111
1111111111111101110101110111
1111111111111101110101111100
1111111111111101110101101001
1111111111111101110110001011
1111111111111101110101101110
1111111111111101110110000010
1111111111111101110101101100
1111111111111101110110001000
1111111111111101110110000100
1111111111111101110110000110
1111111111111101110110010100
1111111111111101110110000110
1111111111111101110110001000
1111111111111101110110001001
1111111111111101110110011111
1111111111111101110110001100
1111111111111101110110100000
1111111111111101110110111000
1111111111111101110110100110
1111111111111101110110110000
1111111111111101110110010010
1111111111111101110110100101
1111111111111101110110101011
1111111111111101110110011111
1111111111111101110110010111
1111111111111101110110110010
1111111111111101110110100111
1111111111111101110110101110
1111111111111101110111000001
1111111111111101110110100010
1111111111111101110110110110
1111111111111101110110111000
1111111111111101110110111011
1111111111111101110111001011
1111111111111101110110111111
1111111111111101110111010101
1111111111111101110110110001
1111111111111101110110111111
1111111111111101110111001001
1111111111111101110111000100
1111111111111101110111001111
1111111111111101110110111010
1111111111111101110111001001
1111111111111101110111010001
1111111111111101110110111101
1111111111111101110111000101
1111111111111101110110111110
1111111111111101110111001110
1111111111111101110111000010
1111111111111101110111000110
1111111111111101110111010011
1111111111111101110111100111
1111111111111101110111001111
1111111111111101110111100011
1111111111111101110111010000
1111111111111101110111011101
1111111111111101110111011000
1111111111111101110111011001
1111111111111101110111100000
1111111111111101110111011111
1111111111111101110111100001
1111111111111101110111011111
1111111111111101110111011110
1111111111111101110111010000
1111111111111101110111101100
1111111111111101110111101100
1111111111111101110111100101
1111111111111101110111011100
1111111111111101110111101011
1111111111111101110111011111
1111111111111101110111111000
1111111111111101111000000000
1111111111111101110111100110
1111111111111101110111100101
1111111111111101111000001100
1111111111111101110111111000
1111111111111101110111110100
1111111111111101111000000101
1111111111111101110111100111
1111111111111101110111101100
1111111111111101111000000001
1111111111111101111000000101
1111111111111101111000011101
1111111111111101110111111000
1111111111111101111000000111
1111111111111101111000001000
1111111111111101110111110011
1111111111111101111000000011
1111111111111101111000000101
1111111111111101110111111101
1111111111111101111000000001
1111111111111101110111111001
1111111111111101111000011110
1111111111111101111000000011
1111111111111101111000001110
1111111111111101110111111111
1111111111111101111000001001
1111111111111101111000001100
1111111111111101111000101000
1111111111111101111000001101
1111111111111101111000001111
1111111111111101111000001001
1111111111111101111000010110
1111111111111101111000001010
1111111111111101111000001111
1111111111111101111000000100
1111111111111101111000001101
1111111111111101111000001000
1111111111111101111000011111
1111111111111101111000001011
1111111111111101111000100011
1111111111111101111000110000
1111111111111101111000011101
1111111111111101111000011010
1111111111111101111000011010
1111111111111101111000011011
1111111111111101111000011010
1111111111111101111000100010
1111111111111101111000011011
1111111111111101111000000101
1111111111111101111000101000
1111111111111101111000011010
1111111111111101111000011001
1111111111111101111000011001
1111111111111101111000110100
1111111111111101111000100101
1111111111111101111000100000
1111111111111101111000101011
1111111111111101111000011011
1111111111111101111000100110
1111111111111101111000011110
1111111111111101111000110001
1111111111111101111000100100
1111111111111101111000010100
1111111111111101111000011111
1111111111111101111000011111
1111111111111101111000100110
1111111111111101111000101101
1111111111111101111001000001
1111111111111101111000101111
1111111111111101111000111010
1111111111111101111000110000
1111111111111101111000101100
1111111111111101111000100010
1111111111111101111000101011
1111111111111101111000101111
1111111111111101111000011101
1111111111111101111000011000
1111111111111101111000110111
1111111111111101111000110001
1111111111111101111000101011
1111111111111101111000110000
1111111111111101111000110110
1111111111111101111000111100
1111111111111101111000110100
1111111111111101111000111101
1111111111111101111000111010
1111111111111101111000110110
1111111111111101111000101111
1111111111111101111000110010
1111111111111101111001000000
1111111111111101111000101010
1111111111111101111001000100
1111111111111101111001000000
1111111111111101111001000101
1111111111111101111000110100
1111111111111101111001000001
1111111111111101111001000000
1111111111111101111000111011
1111111111111101111000110110
1111111111111101111001010011
1111111111111101111000101010
1111111111111101111001000001
1111111111111101111000110101
1111111111111101111001001001
1111111111111101111001000100
1111111111111101111001011000
1111111111111101111000110111
1111111111111101111001000010
1111111111111101111001000001
1111111111111101111000111111
1111111111111101111001000010
1111111111111101111000101101
1111111111111101111001001011
1111111111111101111001000110
1111111111111101111001010100
1111111111111101111001010101
1111111111111101111000110100
1111111111111101111001000100
1111111111111101111000111011
1111111111111101111000110011
1111111111111101111001010011
1111111111111101111001010110
1111111111111101111001010000
1111111111111101111001000001
1111111111111101111001010110
1111111111111101111001010111
1111111111111101111001001110
1111111111111101111001010100
1111111111111101111001001100
1111111111111101111000111011
1111111111111101111001001111
1111111111111101111001010000
1111111111111101111001010100
1111111111111101111001001100
1111111111111101111001010111
1111111111111101111001001010
1111111111111101111001010111
1111111111111101111001010100
1111111111111101111001001001
1111111111111101111001001111
1111111111111101111001010101
1111111111111101111001011110
1111111111111101111001011011
1111111111111101111001010100
1111111111111101111001010110
1111111111111101111001010010
1111111111111101111001010010
1111111111111101111001010101
1111111111111101111001010110
1111111111111101111001011010
1111111111111101111001001001
1111111111111101111001010110
1111111111111101111001100100
1111111111111101111001010100
1111111111111101111001010100
1111111111111101111001100011
1111111111111101111001001110
1111111111111101111001011110
1111111111111101111001101001
1111111111111101111001100111
1111111111111101111001011101
1111111111111101111001001100
1111111111111101111001100100
1111111111111101111001010101
1111111111111101111001011010
1111111111111101111001011010
1111111111111101111001011011
1111111111111101111001101100
1111111111111101111001100000
1111111111111101111001010101
1111111111111101111001101101
1111111111111101111001100000
1111111111111101111001100000
1111111111111101111001011100
1111111111111101111001011110
1111111111111101111001100100
1111111111111101111001101010
1111111111111101111001100001
1111111111111101111001101010
1111111111111101111001011110
1111111111111101111001010000
1111111111111101111001001010
1111111111111101111001010001
1111111111111101111001010101
1111111111111101111001110011
1111111111111101111001011111
1111111111111101111001010100
1111111111111101111001011101
1111111111111101111001011111
1111111111111101111001101101
1111111111111101111001101000
1111111111111101111001101101
1111111111111101111001100110
1111111111111101111001101001
1111111111111101111001110110
1111111111111101111001101000
1111111111111101111001100110
1111111111111101111001011101
1111111111111101111001101000
1111111111111101111001100111
1111111111111101111001100110
1111111111111101111001110001
1111111111111101111010000010
1111111111111101111001100000
1111111111111101111001011010
1111111111111101111001100000
1111111111111101111001011101
1111111111111101111001101010
1111111111111101111001101100
1111111111111101111001011000
1111111111111101111001110101
1111111111111101111001100100
1111111111111101111001010001
1111111111111101111001101000
1111111111111101111001101001
1111111111111101111001101110
1111111111111101111001101010
1111111111111101111001011001
1111111111111101111001011100
1111111111111101111001110010
1111111111111101111001100111
1111111111111101111001101000
1111111111111101111010000011
1111111111111101111001100000
1111111111111101111001101111
1111111111111101111001101000
1111111111111101111001101100
1111111111111101111001101101
1111111111111101111001111001
1111111111111101111001110101
1111111111111101111001101111
1111111111111101111001101000
1111111111111101111001111100
1111111111111101111001111100
1111111111111101111001110110
1111111111111101111001110100
1111111111111101111001110001
1111111111111101111001110001
1111111111111101111001011111
1111111111111101111001100000
1111111111111101111001111001
1111111111111101111001111000
1111111111111101111001100000
1111111111111101111001101110
1111111111111101111001110011
1111111111111101111001101010
1111111111111101111010001010
1111111111111101111001110000
1111111111111101111010000110
1111111111111101111001101001
1111111111111101111001110101
1111111111111101111001111110
1111111111111101111001100111
1111111111111101111001110100
1111111111111101111001101011
1111111111111101111001110110
1111111111111101111001110010
1111111111111101111001101001
1111111111111101111001110011
1111111111111101111001110111
1111111111111101111001100100
1111111111111101111001110001
1111111111111101111001110101
1111111111111101111001111101
1111111111111101111001110001
1111111111111101111010000011
1111111111111101111001110001
1111111111111101111001110001
1111111111111101111001110011
1111111111111101111001111011
1111111111111101111010000010
1111111111111101111001110010
1111111111111101111001111011
1111111111111101111001101101
1111111111111101111001110110
1111111111111101111001111101
1111111111111101111001101011
1111111111111101111010000011
1111111111111101111001111111
1111111111111101111010010010
1111111111111101111001111011
1111111111111101111001111110
1111111111111101111001110111
1111111111111101111001111001
1111111111111101111010000101
1111111111111101111001110001
1111111111111101111001111100
1111111111111101111010000000
1111111111111101111001111010
1111111111111101111001110011
1111111111111101111001101100
1111111111111101111010000001
1111111111111101111001111111
1111111111111101111010000101
1111111111111101111001101010
1111111111111101111010000101
1111111111111101111001110000
1111111111111101111001110010
1111111111111101111001111010
1111111111111101111001110010
1111111111111101111001110011
1111111111111101111001111010
1111111111111101111010001111
1111111111111101111001111011
1111111111111101111010000001
1111111111111101111001110001
1111111111111101111001111010
1111111111111101111001111010
1111111111111101111010010111
1111111111111101111001111001
1111111111111101111001110101
1111111111111101111010000110
1111111111111101111010000111
1111111111111101111001110110
1111111111111101111001111000
1111111111111101111001110011
1111111111111101111001111111
1111111111111101111010000001
1111111111111101111010000011
1111111111111101111010000111
1111111111111101111001110000
1111111111111101111010001011
1111111111111101111010000101
1111111111111101111010000001
1111111111111101111001111111
1111111111111101111001111110
1111111111111101111001111100
1111111111111101111010001011
1111111111111101111010001011
1111111111111101111010010011
1111111111111101111001101110
1111111111111101111010000001
1111111111111101111010001101
1111111111111101111001111100
1111111111111101111001111000
1111111111111101111010000111
1111111111111101111010001010
1111111111111101111010000000
1111111111111101111001111111
1111111111111101111010000101
1111111111111101111001111101
1111111111111101111010001001
1111111111111101111010000101
1111111111111101111010001111
1111111111111101111010001000
1111111111111101111010000111
1111111111111101111010000100
1111111111111101111010001111
1111111111111101111010010100
1111111111111101111010001110
1111111111111101111001111100
1111111111111101111010001110
1111111111111101111010000011
1111111111111101111001110111
1111111111111101111010000011
1111111111111101111010000110
1111111111111101111010010010
1111111111111101111010000110
1111111111111101111001111001
1111111111111101111010000011
1111111111111101111001111011
1111111111111101111010000010
1111111111111101111010000111
1111111111111101111001111100
1111111111111101111010000101
1111111111111101111010000011
1111111111111101111010000011
1111111111111101111010001000
1111111111111101111010000011
1111111111111101111010000001
1111111111111101111001111111
1111111111111101111001111110
1111111111111101111010010000
1111111111111101111010001101
1111111111111101111001111110
1111111111111101111001111111
1111111111111101111010001000
1111111111111101111010011001
1111111111111101111010000101
1111111111111101111001111101
1111111111111101111010000101
1111111111111101111010001010
1111111111111101111001110011
1111111111111101111001111110
1111111111111101111010000101
1111111111111101111010000100
1111111111111101111001101111
1111111111111101111010000111
1111111111111101111001111111
1111111111111101111010001101
1111111111111101111010000110
1111111111111101111010010000
1111111111111101111010001101
1111111111111101111010000100
1111111111111101111010001011
1111111111111101111010010111
1111111111111101111010001001
1111111111111101111010000100
1111111111111101111001111001
1111111111111101111010000000
1111111111111101111010000111
1111111111111101111010000101
1111111111111101111001111111
1111111111111101111010011000
1111111111111101111010001001
1111111111111101111010000100
1111111111111101111010000100
1111111111111101111010001001
1111111111111101111010000111
1111111111111101111010000000
1111111111111101111010000100
1111111111111101111010001011
1111111111111101111010001010
1111111111111101111001110110
1111111111111101111010000000
1111111111111101111010100111
1111111111111101111010010011
1111111111111101111010010100
1111111111111101111010001110
1111111111111101111010010111
1111111111111101111010001110
1111111111111101111010000110
1111111111111101111001111100
1111111111111101111010000100
1111111111111101111010100001
1111111111111101111010001011
1111111111111101111010001111
1111111111111101111010010010
1111111111111101111010000000
1111111111111101111010001010
1111111111111101111010001000
1111111111111101111010010101
1111111111111101111010000010
1111111111111101111010001110
1111111111111101111010010101
1111111111111101111010001010
1111111111111101111010001001
1111111111111101111010000001
1111111111111101111010001111
1111111111111101111010001000
1111111111111101111010011010
1111111111111101111010000100
1111111111111101111010000011
1111111111111101111010001100
1111111111111101111010000111
1111111111111101111010001011
1111111111111101111001111101
1111111111111101111010001000
1111111111111101111010010010
1111111111111101111010011100
1111111111111101111001111010
1111111111111101111010000111
1111111111111101111010010111
1111111111111101111010001100
1111111111111101111010001111
1111111111111101111010001001
1111111111111101111010000010
1111111111111101111001111011
1111111111111101111010000110
1111111111111101111010001110
1111111111111101111010000010
1111111111111101111010001100
1111111111111101111010001010
1111111111111101111010010000
1111111111111101111010010000
1111111111111101111010000100
1111111111111101111010000011
1111111111111101111010010101
1111111111111101111010000000
1111111111111101111010001010
1111111111111101111010001100
1111111111111101111010001011
1111111111111101111010000110
1111111111111101111010001011
1111111111111101111001111110
1111111111111101111010010001
1111111111111101111010000011
1111111111111101111010010000
1111111111111101111010010100
1111111111111101111010001101
1111111111111101111010010101
1111111111111101111010011110
1111111111111101111010010110
1111111111111101111010001111
1111111111111101111010000100
1111111111111101111010001100
1111111111111101111010001100
1111111111111101111010001110
1111111111111101111010010100
1111111111111101111010001110
1111111111111101111010011010
1111111111111101111010001100
1111111111111101111010001100
1111111111111101111010010011
1111111111111101111010000101
1111111111111101111010100000
1111111111111101111001111110
1111111111111101111010000111
1111111111111101111010010000
1111111111111101111010011101
1111111111111101111010001011
1111111111111101111001111110
1111111111111101111010010011
1111111111111101111010001100
1111111111111101111010000110
1111111111111101111001111110
1111111111111101111010001001
1111111111111101111010001000
1111111111111101111010010101
1111111111111101111010011001
1111111111111101111010000010
1111111111111101111010000011
1111111111111101111001111110
1111111111111101111010011001
1111111111111101111010001011
1111111111111101111010001000
1111111111111101111010011010
1111111111111101111010001110
1111111111111101111010011010
1111111111111101111010000110
1111111111111101111010011000
1111111111111101111010001001
1111111111111101111010100000
1111111111111101111010000010
1111111111111101111010001110
1111111111111101111010010011
1111111111111101111010001010
1111111111111101111001111100
1111111111111101111010011110
1111111111111101111010011100
1111111111111101111010011000
1111111111111101111010010111
1111111111111101111010010010
1111111111111101111010010110
1111111111111101111010000100
1111111111111101111010001111
1111111111111101111010001100
1111111111111101111001111111
1111111111111101111010010110
1111111111111101111010010010
1111111111111101111010010011
1111111111111101111010001011
1111111111111101111010011100
1111111111111101111010001011
1111111111111101111010011011
1111111111111101111010010110
1111111111111101111010000100
1111111111111101111010001010
1111111111111101111010001010
1111111111111101111010010001
1111111111111101111010011110
1111111111111101111010001010
1111111111111101111010001011
1111111111111101111010010000
1111111111111101111001111111
1111111111111101111010000110
1111111111111101111010001000
1111111111111101111010011001
1111111111111101111001111011
1111111111111101111010010101
1111111111111101111001111111
1111111111111101111010011010
1111111111111101111010000101
1111111111111101111010001010
1111111111111101111010001000
1111111111111101111010001011
1111111111111101111001111110
1111111111111101111010010000
1111111111111101111010001110
1111111111111101111010010010
1111111111111101111010000001
1111111111111101111010010100
1111111111111101111010010001
1111111111111101111010001010
1111111111111101111010010100
1111111111111101111010010010
1111111111111101111010011000
1111111111111101111010010011
1111111111111101111010010011
1111111111111101111010011000
1111111111111101111010011100
1111111111111101111010001010
1111111111111101111010011000
1111111111111101111010001001
1111111111111101111010011011
1111111111111101111010011111
1111111111111101111010001001
1111111111111101111010010101
1111111111111101111010000001
1111111111111101111010011000
1111111111111101111010010011
1111111111111101111010010010
1111111111111101111010010011
1111111111111101111010011001
1111111111111101111010011010
1111111111111101111010010110
1111111111111101111010011100
1111111111111101111010010100
1111111111111101111010100000
1111111111111101111010010100
1111111111111101111010001001
1111111111111101111010001111
1111111111111101111010010000
1111111111111101111010011011
1111111111111101111010011000
1111111111111101111010011010
1111111111111101111010010110
1111111111111101111010001101
1111111111111101111010010010
1111111111111101111010011010
1111111111111101111010000011
1111111111111101111010010001
1111111111111101111010100001
1111111111111101111010010001
1111111111111101111010010000
1111111111111101111010100011
1111111111111101111010010001
1111111111111101111010000010
1111111111111101111010011010
1111111111111101111010010000
1111111111111101111010010100
1111111111111101111010001101
1111111111111101111010001100
1111111111111101111010011100
1111111111111101111010001111
1111111111111101111010100101
1111111111111101111010011000
1111111111111101111010010010
1111111111111101111010001001
1111111111111101111010010111
1111111111111101111010000110
1111111111111101111010011111
1111111111111101111010001111
1111111111111101111010100011
1111111111111101111010001010
1111111111111101111010001110
1111111111111101111001111110
1111111111111101111010011111
1111111111111101111010011000
1111111111111101111010100100
1111111111111101111010010010
1111111111111101111010011010
1111111111111101111010011011
1111111111111101111010010001
1111111111111101111010010011
1111111111111101111010010101
1111111111111101111010011001
1111111111111101111010010000
1111111111111101111010001110
1111111111111101111010000111
1111111111111101111010010010
1111111111111101111010100001
1111111111111101111010001010
1111111111111101111010010110
1111111111111101111010010100
1111111111111101111001110110
1111111111111101111010001011
1111111111111101111010010101
1111111111111101111010001010
1111111111111101111010010010
1111111111111101111010011001
1111111111111101111010100101
1111111111111101111010010110
1111111111111101111010000011
1111111111111101111010010000
1111111111111101111010011000
1111111111111101111010001011
1111111111111101111010001100
1111111111111101111010010100
1111111111111101111010010011
1111111111111101111010100110
1111111111111101111010011010
1111111111111101111010011000
1111111111111101111010001101
1111111111111101111010001011
1111111111111101111010011110
1111111111111101111010001100
1111111111111101111010100000
1111111111111101111010010011
1111111111111101111010010110
1111111111111101111010011101
1111111111111101111010011011
1111111111111101111010001010
1111111111111101111010011001
1111111111111101111010011100
1111111111111101111010010111
1111111111111101111010011000
1111111111111101111010001101
1111111111111101111010001111
1111111111111101111010011010
1111111111111101111010010110
1111111111111101111010000110
1111111111111101111010011101
1111111111111101111010000110
1111111111111101111010010110
1111111111111101111010011010
1111111111111101111010001111
1111111111111101111010001101
1111111111111101111010011000
1111111111111101111010010111
1111111111111101111010011100
1111111111111101111010011001
1111111111111101111010001010
1111111111111101111010011011
1111111111111101111010011101
1111111111111101111010010110
1111111111111101111010010011
1111111111111101111010100000
1111111111111101111010001100
1111111111111101111010011110
1111111111111101111010001011
1111111111111101111010001101
1111111111111101111010011000
1111111111111101111010011010
1111111111111101111010100110
1111111111111101111010010011
1111111111111101111010010100
1111111111111101111010001100
1111111111111101111010001011
1111111111111101111010011000
1111111111111101111010010000
1111111111111101111010000011
1111111111111101111010010110
1111111111111101111010100101
1111111111111101111010011001
1111111111111101111010010010
1111111111111101111010001010
1111111111111101111010010101
1111111111111101111010001011
1111111111111101111001110110
1111111111111101111010010100
1111111111111101111010010110
1111111111111101111010001010
1111111111111101111010100001
1111111111111101111010010010
1111111111111101111010000111
1111111111111101111010001110
1111111111111101111010010000
1111111111111101111010011001
1111111111111101111010010101
1111111111111101111010010011
1111111111111101111010010001
1111111111111101111010011011
1111111111111101111010011010
1111111111111101111010010010
1111111111111101111010100100
1111111111111101111010011000
1111111111111101111010011111
1111111111111101111001111110
1111111111111101111010001110
1111111111111101111010001010
1111111111111101111010100011
1111111111111101111010001111
1111111111111101111010011111
1111111111111101111010000110
1111111111111101111010010111
1111111111111101111010001001
1111111111111101111010010010
1111111111111101111010011000
1111111111111101111010100101
1111111111111101111010001111
1111111111111101111010011100
1111111111111101111010001100
1111111111111101111010001101
1111111111111101111010010100
1111111111111101111010010000
1111111111111101111010011010
1111111111111101111010000010
1111111111111101111010010001
1111111111111101111010100011
1111111111111101111010010000
1111111111111101111010010001
1111111111111101111010100001
1111111111111101111010010001
1111111111111101111010000011
1111111111111101111010011010
1111111111111101111010010010
1111111111111101111010001101
1111111111111101111010010110
1111111111111101111010011010
1111111111111101111010011000
1111111111111101111010011011
1111111111111101111010010000
1111111111111101111010001111
1111111111111101111010001001
1111111111111101111010010100
1111111111111101111010100000
1111111111111101111010010100
1111111111111101111010011100
1111111111111101111010010110
1111111111111101111010011010
1111111111111101111010011001
1111111111111101111010010011
1111111111111101111010010010
1111111111111101111010010011
1111111111111101111010011000
1111111111111101111010000001
1111111111111101111010010101
1111111111111101111010001001
1111111111111101111010011111
1111111111111101111010011011
1111111111111101111010001001
1111111111111101111010011000
1111111111111101111010001010
1111111111111101111010011100
1111111111111101111010011000
1111111111111101111010010011
1111111111111101111010010011
1111111111111101111010011000
1111111111111101111010010010
1111111111111101111010010100
1111111111111101111010001010
1111111111111101111010010001
1111111111111101111010010100
1111111111111101111010000001
1111111111111101111010010010
1111111111111101111010001110
1111111111111101111010010000
1111111111111101111001111110
1111111111111101111010001011
1111111111111101111010001000
1111111111111101111010001010
1111111111111101111010000101
1111111111111101111010011010
1111111111111101111001111111
1111111111111101111010010101
1111111111111101111001111011
1111111111111101111010011001
1111111111111101111010001000
1111111111111101111010000110
1111111111111101111001111111
1111111111111101111010010000
1111111111111101111010001011
1111111111111101111010001010
1111111111111101111010011110
1111111111111101111010010001
1111111111111101111010001010
1111111111111101111010001010
1111111111111101111010000100
1111111111111101111010010110
1111111111111101111010011011
1111111111111101111010001011
1111111111111101111010011100
1111111111111101111010001011
1111111111111101111010010011
1111111111111101111010010010
1111111111111101111010010110
1111111111111101111001111111
1111111111111101111010001100
1111111111111101111010001111
1111111111111101111010000100
1111111111111101111010010110
1111111111111101111010010010
1111111111111101111010010111
1111111111111101111010011000
1111111111111101111010011100
1111111111111101111010011110
1111111111111101111001111100
1111111111111101111010001010
1111111111111101111010010011
1111111111111101111010001110
1111111111111101111010000010
1111111111111101111010100000
1111111111111101111010001001
1111111111111101111010011000
1111111111111101111010000110
1111111111111101111010011010
1111111111111101111010001110
1111111111111101111010011010
1111111111111101111010001000
1111111111111101111010001011
1111111111111101111010011001
1111111111111101111001111110
1111111111111101111010000011
1111111111111101111010000010
1111111111111101111010011001
1111111111111101111010010101
1111111111111101111010001000
1111111111111101111010001001
1111111111111101111001111110
1111111111111101111010000110
1111111111111101111010001100
1111111111111101111010010011
1111111111111101111001111110
1111111111111101111010001011
1111111111111101111010011101
1111111111111101111010010000
1111111111111101111010000111
1111111111111101111001111110
1111111111111101111010100000
1111111111111101111010000101
1111111111111101111010010011
1111111111111101111010001100
1111111111111101111010001100
1111111111111101111010011010
1111111111111101111010001110
1111111111111101111010010100
1111111111111101111010001110
1111111111111101111010001100
1111111111111101111010001100
1111111111111101111010000100
1111111111111101111010001111
1111111111111101111010010110
1111111111111101111010011110
1111111111111101111010010101
1111111111111101111010001101
1111111111111101111010010100
1111111111111101111010010000
1111111111111101111010000011
1111111111111101111010010001
1111111111111101111001111110
1111111111111101111010001011
1111111111111101111010000110
1111111111111101111010001011
1111111111111101111010001100
1111111111111101111010001010
1111111111111101111010000000
1111111111111101111010010101
1111111111111101111010000011
1111111111111101111010000100
1111111111111101111010010000
1111111111111101111010010000
1111111111111101111010001010
1111111111111101111010001100
1111111111111101111010000010
1111111111111101111010001110
1111111111111101111010000110
1111111111111101111001111011
1111111111111101111010000010
1111111111111101111010001001
1111111111111101111010001111
1111111111111101111010001100
1111111111111101111010010111
1111111111111101111010000111
1111111111111101111001111010
1111111111111101111010011100
1111111111111101111010010010
1111111111111101111010001000
1111111111111101111001111101
1111111111111101111010001011
1111111111111101111010000111
1111111111111101111010001100
1111111111111101111010000011
1111111111111101111010000100
1111111111111101111010011010
1111111111111101111010001000
1111111111111101111010001111
1111111111111101111010000001
1111111111111101111010001001
1111111111111101111010001010
1111111111111101111010010101
1111111111111101111010001110
1111111111111101111010000010
1111111111111101111010010101
1111111111111101111010001000
1111111111111101111010001010
1111111111111101111010000000
1111111111111101111010010010
1111111111111101111010001111
1111111111111101111010001011
1111111111111101111010100001
1111111111111101111010000100
1111111111111101111001111100
1111111111111101111010000110
1111111111111101111010001110
1111111111111101111010010111
1111111111111101111010001110
1111111111111101111010010100
1111111111111101111010010011
1111111111111101111010100111
1111111111111101111010000000
1111111111111101111001110110
1111111111111101111010001010
1111111111111101111010001011
1111111111111101111010000100
1111111111111101111010000000
1111111111111101111010000111
1111111111111101111010001001
1111111111111101111010000100
1111111111111101111010000100
1111111111111101111010001001
1111111111111101111010011000
1111111111111101111001111111
1111111111111101111010000101
1111111111111101111010000111
1111111111111101111010000000
1111111111111101111001111001
1111111111111101111010000100
1111111111111101111010001001
1111111111111101111010010111
1111111111111101111010001011
1111111111111101111010000100
1111111111111101111010001101
1111111111111101111010010000
1111111111111101111010000110
1111111111111101111010001101
1111111111111101111001111111
1111111111111101111010000111
1111111111111101111001101111
1111111111111101111010000100
1111111111111101111010000101
1111111111111101111001111110
1111111111111101111001110011
1111111111111101111010001010
1111111111111101111010000101
1111111111111101111001111101
1111111111111101111010000101
1111111111111101111010011001
1111111111111101111010001000
1111111111111101111001111111
1111111111111101111001111110
1111111111111101111010001101
1111111111111101111010010000
1111111111111101111001111110
1111111111111101111001111111
1111111111111101111010000001
1111111111111101111010000011
1111111111111101111010001000
1111111111111101111010000011
1111111111111101111010000011
1111111111111101111010000101
1111111111111101111001111100
1111111111111101111010000111
1111111111111101111010000010
1111111111111101111001111011
1111111111111101111010000011
1111111111111101111001111001
1111111111111101111010000110
1111111111111101111010010010
1111111111111101111010000110
1111111111111101111010000011
1111111111111101111001110111
1111111111111101111010000011
1111111111111101111010001110
1111111111111101111001111100
1111111111111101111010001110
1111111111111101111010010100
1111111111111101111010001111
1111111111111101111010000100
1111111111111101111010000111
1111111111111101111010001000
1111111111111101111010001111
1111111111111101111010000101
1111111111111101111010001001
1111111111111101111001111101
1111111111111101111010000101
1111111111111101111001111111
1111111111111101111010000000
1111111111111101111010001010
1111111111111101111010000111
1111111111111101111001111000
1111111111111101111001111100
1111111111111101111010001101
1111111111111101111010000001
1111111111111101111001101110
1111111111111101111010010011
1111111111111101111010001011
1111111111111101111010001011
1111111111111101111001111100
1111111111111101111001111110
1111111111111101111001111111
1111111111111101111010000001
1111111111111101111010000101
1111111111111101111010001011
1111111111111101111001110000
1111111111111101111010000111
1111111111111101111010000011
1111111111111101111010000001
1111111111111101111001111111
1111111111111101111001110011
1111111111111101111001111000
1111111111111101111001110110
1111111111111101111010000111
1111111111111101111010000110
1111111111111101111001110101
1111111111111101111001111001
1111111111111101111010010111
1111111111111101111001111010
1111111111111101111001111010
1111111111111101111001110001
1111111111111101111010000001
1111111111111101111001111011
1111111111111101111010001111
1111111111111101111001111010
1111111111111101111001110011
1111111111111101111001110010
1111111111111101111001111010
1111111111111101111001110010
1111111111111101111001110000
1111111111111101111010000101
1111111111111101111001101010
1111111111111101111010000101
1111111111111101111001111111
1111111111111101111010000001
1111111111111101111001101100
1111111111111101111001110011
1111111111111101111001111010
1111111111111101111010000000
1111111111111101111001111100
1111111111111101111001110001
1111111111111101111010000101
1111111111111101111001111001
1111111111111101111001110111
1111111111111101111001111110
1111111111111101111001111011
1111111111111101111010010010
1111111111111101111001111111
1111111111111101111010000011
1111111111111101111001101011
1111111111111101111001111101
1111111111111101111001110110
1111111111111101111001101101
1111111111111101111001111011
1111111111111101111001110010
1111111111111101111010000010
1111111111111101111001111011
1111111111111101111001110011
1111111111111101111001110001
1111111111111101111001110001
1111111111111101111010000011
1111111111111101111001110001
1111111111111101111001111101
1111111111111101111001110101
1111111111111101111001110001
1111111111111101111001100100
1111111111111101111001110111
1111111111111101111001110011
1111111111111101111001101001
1111111111111101111001110010
1111111111111101111001110110
1111111111111101111001101011
1111111111111101111001110100
1111111111111101111001100111
1111111111111101111001111110
1111111111111101111001110101
1111111111111101111001101001
1111111111111101111010000110
1111111111111101111001110000
1111111111111101111010001010
1111111111111101111001101010
1111111111111101111001110011
1111111111111101111001101110
1111111111111101111001100000
1111111111111101111001111000
1111111111111101111001111001
1111111111111101111001100000
1111111111111101111001011111
1111111111111101111001110001
1111111111111101111001110001
1111111111111101111001110100
1111111111111101111001110110
1111111111111101111001111100
1111111111111101111001111100
1111111111111101111001101000
1111111111111101111001101111
1111111111111101111001110101
1111111111111101111001111001
1111111111111101111001101101
1111111111111101111001101100
1111111111111101111001101000
1111111111111101111001101111
1111111111111101111001100000
1111111111111101111010000011
1111111111111101111001101000
1111111111111101111001100111
1111111111111101111001110010
1111111111111101111001011100
1111111111111101111001011001
1111111111111101111001101010
1111111111111101111001101110
1111111111111101111001101001
1111111111111101111001101000
1111111111111101111001010001
1111111111111101111001100100
1111111111111101111001110101
1111111111111101111001011000
1111111111111101111001101100
1111111111111101111001101010
1111111111111101111001011101
1111111111111101111001100000
1111111111111101111001011010
1111111111111101111001100000
1111111111111101111010000010
1111111111111101111001110001
1111111111111101111001100110
1111111111111101111001100111
1111111111111101111001101000
1111111111111101111001011101
1111111111111101111001100110
1111111111111101111001101000
1111111111111101111001110110
1111111111111101111001101001
1111111111111101111001100110
1111111111111101111001101101
1111111111111101111001101000
1111111111111101111001101101
1111111111111101111001011111
1111111111111101111001011101
1111111111111101111001010100
1111111111111101111001011111
1111111111111101111001110011
1111111111111101111001010101
1111111111111101111001010001
1111111111111101111001001010
1111111111111101111001010000
1111111111111101111001011110
1111111111111101111001101010
1111111111111101111001100001
1111111111111101111001101010
1111111111111101111001100100
1111111111111101111001011110
1111111111111101111001011100
1111111111111101111001100000
1111111111111101111001100000
1111111111111101111001101101
1111111111111101111001010101
1111111111111101111001100000
1111111111111101111001101100
1111111111111101111001011011
1111111111111101111001011010
1111111111111101111001011010
1111111111111101111001010101
1111111111111101111001100100
1111111111111101111001001100
1111111111111101111001011101
1111111111111101111001100111
1111111111111101111001101001
1111111111111101111001011110
1111111111111101111001001110
1111111111111101111001100011
1111111111111101111001010100
1111111111111101111001010100
1111111111111101111001100100
1111111111111101111001010110
1111111111111101111001001001
1111111111111101111001011010
1111111111111101111001010110
1111111111111101111001010101
1111111111111101111001010010
1111111111111101111001010010
1111111111111101111001010110
1111111111111101111001010100
1111111111111101111001011011
1111111111111101111001011110
1111111111111101111001010101
1111111111111101111001001111
1111111111111101111001001001
1111111111111101111001010100
1111111111111101111001010111
1111111111111101111001001010
1111111111111101111001010111
1111111111111101111001001100
1111111111111101111001010100
1111111111111101111001010000
1111111111111101111001001111
1111111111111101111000111011
1111111111111101111001001100
1111111111111101111001010100
1111111111111101111001001110
1111111111111101111001010111
1111111111111101111001010110
1111111111111101111001000001
1111111111111101111001010000
1111111111111101111001010110
1111111111111101111001010011
1111111111111101111000110011
1111111111111101111000111011
1111111111111101111001000100
1111111111111101111000110100
1111111111111101111001010101
1111111111111101111001010100
1111111111111101111001000110
1111111111111101111001001011
1111111111111101111000101101
1111111111111101111001000010
1111111111111101111000111111
1111111111111101111001000001
1111111111111101111001000010
1111111111111101111000110111
1111111111111101111001011000
1111111111111101111001000100
1111111111111101111001001001
1111111111111101111000110101
1111111111111101111001000001
1111111111111101111000101010
1111111111111101111001010011
1111111111111101111000110110
1111111111111101111000111011
1111111111111101111001000000
1111111111111101111001000001
1111111111111101111000110100
1111111111111101111001000101
1111111111111101111001000000
1111111111111101111001000100
1111111111111101111000101010
1111111111111101111001000000
1111111111111101111000110010
1111111111111101111000101111
1111111111111101111000110110
1111111111111101111000111010
1111111111111101111000111101
1111111111111101111000110100
1111111111111101111000111100
1111111111111101111000110110
1111111111111101111000110000
1111111111111101111000101011
1111111111111101111000110001
1111111111111101111000110111
1111111111111101111000011000
1111111111111101111000011101
1111111111111101111000101111
1111111111111101111000101011
1111111111111101111000100010
1111111111111101111000101100
1111111111111101111000110000
1111111111111101111000111010
1111111111111101111000101111
1111111111111101111001000001
1111111111111101111000101101
1111111111111101111000100110
1111111111111101111000011111
1111111111111101111000011111
1111111111111101111000010100
1111111111111101111000100100
1111111111111101111000110001
1111111111111101111000011110
1111111111111101111000100110
1111111111111101111000011011
1111111111111101111000101011
1111111111111101111000100000
1111111111111101111000100101
1111111111111101111000110100
1111111111111101111000011001
1111111111111101111000011001
1111111111111101111000011010
1111111111111101111000101000
1111111111111101111000000101
1111111111111101111000011011
1111111111111101111000100010
1111111111111101111000011010
1111111111111101111000011011
1111111111111101111000011010
1111111111111101111000011010
1111111111111101111000011101
1111111111111101111000110000
1111111111111101111000100011
1111111111111101111000001011
1111111111111101111000011111
1111111111111101111000001000
1111111111111101111000001101
1111111111111101111000000100
1111111111111101111000001111
1111111111111101111000001010
1111111111111101111000010110
1111111111111101111000001001
1111111111111101111000001111
1111111111111101111000001101
1111111111111101111000101000
1111111111111101111000001100
1111111111111101111000001001
1111111111111101110111111111
1111111111111101111000001110
1111111111111101111000000011
1111111111111101111000011110
1111111111111101110111111001
1111111111111101111000000001
1111111111111101110111111101
1111111111111101111000000101
1111111111111101111000000011
1111111111111101110111110011
1111111111111101111000001000
1111111111111101111000000111
1111111111111101110111111000
1111111111111101111000011101
1111111111111101111000000101
1111111111111101111000000001
1111111111111101110111101100
1111111111111101110111100111
1111111111111101111000000101
1111111111111101110111110100
1111111111111101110111111000
1111111111111101111000001100
1111111111111101110111100101
1111111111111101110111100110
1111111111111101111000000000
1111111111111101110111111000
1111111111111101110111011111
1111111111111101110111101011
1111111111111101110111011100
1111111111111101110111100101
1111111111111101110111101100
1111111111111101110111101100
1111111111111101110111010000
1111111111111101110111011110
1111111111111101110111011111
1111111111111101110111100001
1111111111111101110111011111
1111111111111101110111100000
1111111111111101110111011001
1111111111111101110111011000
1111111111111101110111011101
1111111111111101110111010000
1111111111111101110111100011
1111111111111101110111001111
1111111111111101110111100111
1111111111111101110111010011
1111111111111101110111000110
1111111111111101110111000010
1111111111111101110111001110
1111111111111101110110111110
1111111111111101110111000101
1111111111111101110110111101
1111111111111101110111010001
1111111111111101110111001001
1111111111111101110110111010
1111111111111101110111001111
1111111111111101110111000100
1111111111111101110111001001
1111111111111101110110111111
1111111111111101110110110001
1111111111111101110111010101
1111111111111101110110111111
1111111111111101110111001011
1111111111111101110110111011
1111111111111101110110111000
1111111111111101110110110110
1111111111111101110110100010
1111111111111101110111000001
1111111111111101110110101110
1111111111111101110110100111
1111111111111101110110110010
1111111111111101110110010111
1111111111111101110110011111
1111111111111101110110101011
1111111111111101110110100101
1111111111111101110110010010
1111111111111101110110110000
1111111111111101110110100110
1111111111111101110110111000
1111111111111101110110100000
1111111111111101110110001100
1111111111111101110110011111
1111111111111101110110001001
1111111111111101110110001000
1111111111111101110110000110
1111111111111101110110010100
1111111111111101110110000110
1111111111111101110110000100
1111111111111101110110001000
1111111111111101110101101100
1111111111111101110110000010
1111111111111101110101101110
1111111111111101110110001011
1111111111111101110101101001
1111111111111101110101111100
1111111111111101110101110111
1111111111111101110101011111
1111111111111101110101100110
1111111111111101110101101010
1111111111111101110101101111
1111111111111101110101110010
1111111111111101110101100100
1111111111111101110101011111
1111111111111101110101011100
1111111111111101110101110011
1111111111111101110101010100
1111111111111101110101010111
1111111111111101110101001001
1111111111111101110101001110
1111111111111101110101010001
1111111111111101110101000100
1111111111111101110100111011
1111111111111101110101001101
1111111111111101110100111000
1111111111111101110101000000
1111111111111101110101001000
1111111111111101110101001000
1111111111111101110100100001
1111111111111101110100101010
1111111111111101110100110010
1111111111111101110100011001
1111111111111101110100100110
1111111111111101110100010100
1111111111111101110100100001
1111111111111101110100100100
1111111111111101110100010011
1111111111111101110100010100
1111111111111101110100100010
1111111111111101110100001001
1111111111111101110100011010
1111111111111101110011110000
1111111111111101110100000100
1111111111111101110011111100
1111111111111101110100001001
1111111111111101110011100110
1111111111111101110011101110
1111111111111101110011110011
1111111111111101110011101001
1111111111111101110011111000
1111111111111101110011101010
1111111111111101110011100011
1111111111111101110011001110
1111111111111101110011011000
1111111111111101110011001101
1111111111111101110011000111
1111111111111101110010101000
1111111111111101110011000011
1111111111111101110010111001
1111111111111101110010111001
1111111111111101110010111010
1111111111111101110010111001
1111111111111101110010111011
1111111111111101110010100000
1111111111111101110010100010
1111111111111101110010010111
1111111111111101110010010110
1111111111111101110001111110
1111111111111101110010001100
1111111111111101110001110111
1111111111111101110001110110
1111111111111101110001111111
1111111111111101110001110101
1111111111111101110001111000
1111111111111101110001101111
1111111111111101110001100011
1111111111111101110001010110
1111111111111101110001010101
1111111111111101110001011100
1111111111111101110001011010
1111111111111101110001000010
1111111111111101110000111100
1111111111111101110000101100
1111111111111101110000110001
1111111111111101110000010011
1111111111111101110000001000
1111111111111101110000010100
1111111111111101110000000011
1111111111111101101111111000
1111111111111101101111110011
1111111111111101101111101001
1111111111111101101111100010
1111111111111101101111100010
1111111111111101101111011111
1111111111111101101111010110
1111111111111101101111000001
1111111111111101101110110110
1111111111111101101110111011
1111111111111101101110110111
1111111111111101101110100001
1111111111111101101110011011
1111111111111101101110011101
1111111111111101101110001011
1111111111111101101110001000
1111111111111101101110001101
1111111111111101101101110000
1111111111111101101101011101
1111111111111101101101010111
1111111111111101101101001111
1111111111111101101101000110
1111111111111101101101010000
1111111111111101101100101100
1111111111111101101100110010
1111111111111101101100011001
1111111111111101101100001100
1111111111111101101100000000
1111111111111101101011101111
1111111111111101101011011010
1111111111111101101011001110
1111111111111101101011000111
1111111111111101101010101111
1111111111111101101010110110
1111111111111101101010011010
1111111111111101101010001101
1111111111111101101010000011
1111111111111101101001110100
1111111111111101101001011010
1111111111111101101001001000
1111111111111101101000111011
1111111111111101101000110100
1111111111111101101000000111
1111111111111101101000010111
1111111111111101100111111000
1111111111111101100111101111
1111111111111101100111010010
1111111111111101100110111111
1111111111111101100110101001
1111111111111101100110001101
1111111111111101100110010001
1111111111111101100101101101
1111111111111101100110000111
1111111111111101100101000011
1111111111111101100100101010
1111111111111101100100011000
1111111111111101100100000010
1111111111111101100011101010
1111111111111101100011100010
1111111111111101100010110011
1111111111111101100010010100
1111111111111101100010000111
1111111111111101100001100010
1111111111111101100001000010
1111111111111101100000110100
1111111111111101011111111110
1111111111111101011111100110
1111111111111101011111010001
1111111111111101011110100100
1111111111111101011110000111
1111111111111101011101011110
1111111111111101011100111001
1111111111111101011100100101
1111111111111101011011111010
1111111111111101011011010100
1111111111111101011010110011
1111111111111101011010001111
1111111111111101011001011100
1111111111111101011000101100
1111111111111101011000010101
1111111111111101011000001010
1111111111111101010110000010
1111111111111101010101100011
1111111111111101010100101010
1111111111111101010100000100
1111111111111101010011001010
1111111111111101010010001101
1111111111111101010001100011
1111111111111101010000100100
1111111111111101001111100000
1111111111111101001110101110
1111111111111101001101101001
1111111111111101001100100001
1111111111111101001011011100
1111111111111101001001111101
1111111111111101001000110110
1111111111111101000111111110
1111111111111101000110011101
1111111111111101000101000100
1111111111111101000100000011
1111111111111101000010010010
1111111111111101000000111010
1111111111111100111111010010
1111111111111100111101110001
1111111111111100111100001000
1111111111111100111010011011
1111111111111100111000100111
1111111111111100110110101110
1111111111111100110101010111
1111111111111100110000110000
1111111111111100101111011100
1111111111111100101101011000
1111111111111100101010110111
1111111111111100101000010010
1111111111111100100101100110
1111111111111100100011001111
1111111111111100100000000011
1111111111111100011101000111
1111111111111100011001101101
1111111111111100010110101001
1111111111111100010010011110
1111111111111100001110110111
1111111111111100001010110100
1111111111111100000110101001
1111111111111100000010000111
1111111111111011111101000000
1111111111111011111000000000
1111111111111011110010011111
1111111111111011101100101000
1111111111111011100110011010
1111111111111011011111010010
1111111111111011011000101000
1111111111111011010001001101
1111111111111011001000110111
1111111111111011000000000011
1111111111111010110110011110
1111111111111010101100101001
1111111111111010011110010111
1111111111111010010011101111
1111111111111010000110111011
1111111111111001111000010110
1111111111111001101000011100
1111111111111001010110101011
1111111111111001000011011010
1111111111111000101110000110
1111111111111000010101111101
1111111111110111111011001111
1111111111110111011100110111
1111111111110110111010100011
1111111111110110010011101111
1111111111110101100110110010
1111111111110100110011011110
1111111111110011110110110110
1111111111110010101111010111
1111111111110001011001101110
1111111111101111110010000000
1111111111101101110001001010
1111111111101011001110010011
1111111111100111111010011110
1111111111100011011011110100
1111111111011101000101001001
1111111111010011011001111001
1111111111000010111110011101
1111111110100001001011001011
1111111100110100111011101001
0000100010001001100010110101
0000000010110011001111010010
0000000001011111111110010001
0000000001000010110110100011
0000000000110100001001000111
0000000000101011010111110001
0000000000100101100111111111
0000000000100001101000111111
0000000000011110110001111101
0000000000011100101100101111
0000000000011011001011100001
0000000000011010000110010000
0000000000011001010111110100
0000000000011000111101000110
