0000000000000000000000000000
1111111111111101110110101101
1111111111111011111110111111
1111111111111010011111111010
1111111111111001010111010110
1111111111111000100000011001
1111111111110111110110010001
1111111111110111010101011111
1111111111110110111011011110
1111111111110110100110011111
1111111111110110010101010011
1111111111110110000111000100
1111111111110101111011000101
1111111111110101110000111010
1111111111110101101000001101
0000000000001110101001001010
0000000000001110100010101001
0000000000001110011100111010
0000000000001110010111111001
0000000000001110010011011110
0000000000001110001111100011
0000000000001110001100000011
0000000000001110001000111100
0000000000001110000110001010
0000000000001110000011101001
0000000000001110000001011100
0000000000001101111111011010
0000000000001101111101100111
0000000000001101111011111101
0000000000001101111010100100
0000000000001101111001001110
0000000000001101111000000100
0000000000001101110110111111
0000000000001101110110000000
0000000000001101110101001100
0000000000001101110100011010
0000000000001101110011110001
0000000000001101110011001100
0000000000001101110010101001
0000000000001101110010001101
0000000000001101110001110011
0000000000001101110001100100
0000000000001101110001100101
0000000000001101110000110001
0000000000001101110000101100
0000000000001101110000100010
0000000000001101110000011100
0000000000001101110000010101
0000000000001101110000010111
0000000000001101110000100000
0000000000001101110000011011
0000000000001101110000011110
0000000000001101110000100101
0000000000001101110000101011
0000000000001101110000110111
0000000000001101110000111100
0000000000001101110001001001
0000000000001101110001011000
0000000000001101110001100111
0000000000001101110001111100
0000000000001101110010000010
0000000000001101110010011100
0000000000001101110010101100
0000000000001101110011000100
0000000000001101110011010011
0000000000001101110011110011
0000000000001101110100001010
0000000000001101110100100001
0000000000001101110100110111
0000000000001101110101010111
0000000000001101110110000110
0000000000001101110101100011
0000000000001101110110010000
0000000000001101110110101010
0000000000001101110111001000
0000000000001101110111101000
0000000000001101111000000110
0000000000001101111000101000
0000000000001101111001000100
0000000000001101111001100110
0000000000001101111001111101
0000000000001101111010101001
0000000000001101111011000111
0000000000001101111011100010
0000000000001101111100001101
0000000000001101111100110001
0000000000001101111101001010
0000000000001101111101101100
0000000000001101111110001111
0000000000001101111110110001
0000000000001101111111011011
0000000000001101111111111100
0000000000001110000000011111
0000000000001110000001001010
0000000000001110000001101100
0000000000001110000010010000
0000000000001110000010111110
0000000000001110000011100000
0000000000001110000100001111
0000000000001110000100000000
0000000000001110000100111100
0000000000001110000101101101
0000000000001110000110010011
0000000000001110000110110101
0000000000001110000111011111
0000000000001110001000001101
0000000000001110001000110011
0000000000001110001001010111
0000000000001110001010001000
0000000000001110001010110000
0000000000001110001011010100
0000000000001110001100000001
0000000000001110001100100010
0000000000001110001101010000
0000000000001110001110000000
0000000000001110001110010110
0000000000001110001111001010
0000000000001110001111110001
0000000000001110010000010111
0000000000001110010001000111
0000000000001110010001101101
0000000000001110010010001010
0000000000001110010011000010
0000000000001110010011101010
0000000000001110010100010111
0000000000001110010101000110
0000000000001110010101110000
0000000000001110010101101111
0000000000001110010111000011
0000000000001110010111100100
0000000000001110011000100010
0000000000001110011001000100
0000000000001110011001110001
0000000000001110011010011110
0000000000001110011010111111
0000000000001110011011110010
0000000000001110011100010110
0000000000001110011101010111
0000000000001110011101110000
0000000000001110011110100110
0000000000001110011111010010
0000000000001110011111111010
0000000000001110100000100000
0000000000001110100001001111
0000000000001110100001111101
0000000000001110100010101110
0000000000001110100011010000
0000000000001110100100010001
0000000000001110100100110001
0000000000001110100101100100
0000000000001110100110010011
0000000000001110100110110110
0000000000001110100111100001
0000000000001110101000001011
0000000000001110101000111101
0000000000001110101001010000
0000000000001110101010011000
0000000000001110101010101100
0000000000001110101011110000
0000000000001110101100100001
0000000000001110101101010001
0000000000001110101110000000
0000000000001110101110101000
0000000000001110101111000111
0000000000001110110000000010
0000000000001110110000110011
0000000000001110110001011100
0000000000001110110010010111
0000000000001110110011001001
0000000000001110110011101000
0000000000001110110100011011
0000000000001110110101010110
0000000000001110110101111111
0000000000001110110110100010
0000000000001110110111010011
0000000000001110111000000010
0000000000001110111000111100
0000000000001110111001100101
0000000000001110111010010111
0000000000001110111011000111
0000000000001110111011110011
0000000000001110111100011010
0000000000001110111101011000
0000000000001110111101110111
0000000000001110111110100000
0000000000001110111111010101
0000000000001111000000000000
0000000000001111000000101110
0000000000001111000001001100
0000000000001111000010000000
0000000000001111000010111101
0000000000001111000011101110
0000000000001111000100011011
0000000000001111000101000001
0000000000001111000101101101
0000000000001111000110100011
0000000000001111000111010010
0000000000001111001000001100
0000000000001111001001000100
0000000000001111001001100100
0000000000001111001010100110
0000000000001111001011000101
0000000000001111001011101111
0000000000001111001100011100
0000000000001111001101011000
0000000000001111001101110110
0000000000001111001110011101
0000000000001111001111011001
0000000000001111010000010001
0000000000001111010001000001
0000000000001111010001100111
0000000000001111010010111000
0000000000001111010011011001
0000000000001111010100000011
0000000000001111010100100011
0000000000001111010101100101
0000000000001111010110000010
0000000000001111010110110100
0000000000001111010111010100
0000000000001111011000011100
0000000000001111011000111100
0000000000001111011001111100
0000000000001111011010111101
0000000000001111011011001000
0000000000001111011100001010
0000000000001111011100111001
0000000000001111011110000010
0000000000001111011110000110
0000000000001111011111001010
0000000000001111011111100100
0000000000001111100000100111
0000000000001111100001011110
0000000000001111100010000000
0000000000001111100010110101
0000000000001111100011110101
0000000000001111100100010010
0000000000001111100101011101
0000000000001111100101110111
0000000000001111100110101001
0000000000001111100111110011
0000000000001111100111110010
0000000000001111101000100010
0000000000001111101001101001
0000000000001111101010100011
0000000000001111101010111010
0000000000001111101100001001
0000000000001111101100110000
0000000000001111101101010011
0000000000001111101110000100
0000000000001111101111000101
0000000000001111101111011111
0000000000001111110000100001
0000000000001111110000101101
0000000000001111110001110100
0000000000001111110010110000
0000000000001111110011010100
0000000000001111110011111101
0000000000001111110100100110
0000000000001111110101111001
0000000000001111110110100011
0000000000001111110111100100
0000000000001111110111110011
0000000000001111111000100110
0000000000001111111001111000
0000000000001111111001111010
0000000000001111111011010111
0000000000001111111011101110
0000000000001111111101000011
0000000000001111111101001001
0000000000001111111110001100
0000000000001111111110101110
0000000000001111111111001010
0000000000010000000000011011
0000000000010000000001000100
0000000000010000000001111000
0000000000010000000010010100
0000000000010000000011100000
0000000000010000000011111111
0000000000010000000100001101
0000000000010000000101010111
0000000000010000000101111110
0000000000010000000111011010
0000000000010000000111111000
0000000000010000001000010011
0000000000010000001001100010
0000000000010000001010011110
0000000000010000001010110101
0000000000010000001011111110
0000000000010000001100010100
0000000000010000001100110100
0000000000010000001110100000
0000000000010000001110011101
0000000000010000001111011111
0000000000010000010000001011
0000000000010000010000100101
0000000000010000010001100111
0000000000010000010001100110
0000000000010000010011100000
0000000000010000010011111111
0000000000010000010100100100
0000000000010000010101011010
0000000000010000010110000011
0000000000010000010111010000
0000000000010000010111101110
0000000000010000011000011011
0000000000010000011001101000
0000000000010000011010010111
0000000000010000011011010011
0000000000010000011011100001
0000000000010000011100101110
0000000000010000011101110001
0000000000010000011101111110
0000000000010000011110010010
0000000000010000011111100001
0000000000010000100000000110
0000000000010000100001100000
0000000000010000100001101010
0000000000010000100010100011
0000000000010000100011011100
0000000000010000100011110110
0000000000010000100100111000
0000000000010000100101110100
0000000000010000100110011110
0000000000010000100111100010
0000000000010000101000001001
0000000000010000101000100010
0000000000010000101001011011
0000000000010000101010011010
0000000000010000101011001011
0000000000010000101011101111
0000000000010000101100110111
0000000000010000101101001000
0000000000010000101101110100
0000000000010000101110111000
0000000000010000110000000000
0000000000010000101111110001
0000000000010000110001000001
0000000000010000110001111011
0000000000010000110010000100
0000000000010000110011111101
0000000000010000110100101101
0000000000010000110100110100
0000000000010000110101100000
0000000000010000110101110110
0000000000010000110111010101
0000000000010000110111110001
0000000000010000111000100100
0000000000010000111001111111
0000000000010000111010000111
0000000000010000111010100100
0000000000010000111011111100
0000000000010000111100011100
0000000000010000111101011111
0000000000010000111101101101
0000000000010000111111000010
0000000000010000111111101001
0000000000010001000000100111
0000000000010001000001010100
0000000000010001000001110001
0000000000010001000001111100
0000000000010001000011101000
0000000000010001000100001100
0000000000010001000101000100
0000000000010001000101100101
0000000000010001000110111000
0000000000010001000111110111
0000000000010001001000101100
0000000000010001001000110111
0000000000010001001010000111
0000000000010001001010001000
0000000000010001001011011101
0000000000010001001011110111
0000000000010001001100010100
0000000000010001001101001101
0000000000010001001110001111
0000000000010001001111010001
0000000000010001001111110100
0000000000010001010000011111
0000000000010001010001010000
0000000000010001010001111011
0000000000010001010011100101
0000000000010001010011101100
0000000000010001010100101110
0000000000010001010101111001
0000000000010001010110011000
0000000000010001010110011011
0000000000010001010111100001
0000000000010001011000010100
0000000000010001011000110100
0000000000010001011010000010
0000000000010001011010110010
0000000000010001011011101100
0000000000010001011011110110
0000000000010001011101001111
0000000000010001011110011101
0000000000010001011110101111
0000000000010001011111011011
0000000000010001100000001010
0000000000010001100000110101
0000000000010001100000111010
0000000000010001100010100000
0000000000010001100011000011
0000000000010001100100001010
0000000000010001100100010101
0000000000010001100101110001
0000000000010001100110101100
0000000000010001100111001010
0000000000010001101000101010
0000000000010001101001010111
0000000000010001101001000010
0000000000010001101010001001
0000000000010001101011100000
0000000000010001101011110000
0000000000010001101100010010
0000000000010001101101010010
0000000000010001101110000011
0000000000010001101110110011
0000000000010001101111010000
0000000000010001110000011110
0000000000010001110001010100
0000000000010001110001111100
0000000000010001110010010011
0000000000010001110011110010
0000000000010001110011101101
0000000000010001110101000000
0000000000010001110101011111
0000000000010001110110110010
0000000000010001110111010000
0000000000010001111000000101
0000000000010001111001010110
0000000000010001111001110101
0000000000010001111001010111
0000000000010001111011101111
0000000000010001111011110110
0000000000010001111101010010
0000000000010001111101010001
0000000000010001111110001010
0000000000010001111110010010
0000000000010010000000000100
0000000000010010000000001001
0000000000010010000001101111
0000000000010010000010010010
0000000000010010000010100100
0000000000010010000100000010
0000000000010010000100110010
0000000000010010000101001010
0000000000010010000101011101
0000000000010010000110111000
0000000000010010000111111011
0000000000010010001000001001
0000000000010010001001110011
0000000000010010001010101001
0000000000010010001010001010
0000000000010010001011010101
0000000000010010001011111010
0000000000010010001101010110
0000000000010010001101110110
0000000000010010001110010000
0000000000010010001111000000
0000000000010010010000000000
0000000000010010010000110100
0000000000010010010010011010
0000000000010010010010110000
0000000000010010010010101101
0000000000010010010100000110
0000000000010010010100000110
0000000000010010010101011010
0000000000010010010110100101
0000000000010010010111000000
0000000000010010010111011110
0000000000010010011000111011
0000000000010010011001011011
0000000000010010011001110000
0000000000010010011010011101
0000000000010010011100000110
0000000000010010011100011111
0000000000010010011101100000
0000000000010010011101111110
0000000000010010011111001011
0000000000010010011111111011
0000000000010010100000001110
0000000000010010100000111101
0000000000010010100010010111
0000000000010010100010110110
0000000000010010100010111101
0000000000010010100100011000
0000000000010010100101100101
0000000000010010100101010011
0000000000010010100110111101
0000000000010010100110011110
0000000000010010100111010111
0000000000010010101000111000
0000000000010010101001001010
0000000000010010101010010100
0000000000010010101010110001
0000000000010010101100011001
0000000000010010101100101111
0000000000010010101101110001
0000000000010010101110100001
0000000000010010101110110111
0000000000010010101111011111
0000000000010010110000101101
0000000000010010110000110011
0000000000010010110001111011
0000000000010010110011001011
0000000000010010110011111010
0000000000010010110100101000
0000000000010010110100110100
0000000000010010110101101001
0000000000010010110110111101
0000000000010010110110110101
0000000000010010111000101001
0000000000010010111001011011
0000000000010010111010011011
0000000000010010111011000001
0000000000010010111011110011
0000000000010010111011011111
0000000000010010111100111010
0000000000010010111110011111
0000000000010010111110100011
0000000000010010111111010011
0000000000010010111111000010
0000000000010011000000111110
0000000000010011000001100111
0000000000010011000010100100
0000000000010011000011010100
0000000000010011000011001010
0000000000010011000100100101
0000000000010011000101110000
0000000000010011000110101000
0000000000010011000111010010
0000000000010011000111110001
0000000000010011001000111000
0000000000010011001001011010
0000000000010011001001010010
0000000000010011001011011111
0000000000010011001011111000
0000000000010011001101001001
0000000000010011001101011100
0000000000010011001101110000
0000000000010011001110101001
0000000000010011001111111111
0000000000010011010000001011
0000000000010011010001010100
0000000000010011010010101001
0000000000010011010010010100
0000000000010011010100000011
0000000000010011010100100101
0000000000010011010101000111
0000000000010011010110101011
0000000000010011010111001001
0000000000010011010111001110
0000000000010011011001000101
0000000000010011011001001011
0000000000010011011000101001
0000000000010011011010110001
0000000000010011011011010101
0000000000010011011011100101
0000000000010011011100110100
0000000000010011011101011010
0000000000010011011110000011
0000000000010011011110101110
0000000000010011100000011110
0000000000010011100001001011
0000000000010011100001111000
0000000000010011100010001111
0000000000010011100011000010
0000000000010011100011010110
0000000000010011100101000100
0000000000010011100110000100
0000000000010011100110111101
0000000000010011100111111110
0000000000010011100111100001
0000000000010011101000000110
0000000000010011101010011011
0000000000010011101010010011
0000000000010011101010100010
0000000000010011101011101100
0000000000010011101011001000
0000000000010011101101001110
0000000000010011101101000000
0000000000010011101111000000
0000000000010011101111001011
0000000000010011101111111000
0000000000010011110001110101
0000000000010011110001101011
0000000000010011110011100110
0000000000010011110011011101
0000000000010011110100010110
0000000000010011110101100000
0000000000010011110101111010
0000000000010011110110111101
0000000000010011111000001101
0000000000010011111000010101
0000000000010011111001000011
0000000000010011111001010001
0000000000010011111010110010
0000000000010011111010100010
0000000000010011111011110011
0000000000010011111100110111
0000000000010011111101101110
0000000000010011111101111110
0000000000010011111110101111
0000000000010011111111111100
0000000000010100000000011111
0000000000010100000001010100
0000000000010100000010000111
0000000000010100000011000010
0000000000010100000011111101
0000000000010100000100000000
0000000000010100000101011100
0000000000010100000101011001
0000000000010100000110110110
0000000000010100000111110001
0000000000010100001000001011
0000000000010100001001100011
0000000000010100001001100101
0000000000010100001010110110
0000000000010100001100011101
0000000000010100001100101111
0000000000010100001101100110
0000000000010100001101111011
0000000000010100001111000011
0000000000010100001111011110
0000000000010100001111101100
0000000000010100010001000001
0000000000010100010001110010
0000000000010100010001111101
0000000000010100010100000100
0000000000010100010100011001
0000000000010100010101001010
0000000000010100010101011110
0000000000010100010110111000
0000000000010100010111100111
0000000000010100010110111000
0000000000010100011001100000
0000000000010100011001111100
0000000000010100011011000101
0000000000010100011010100011
0000000000010100011011101111
0000000000010100011011010100
0000000000010100011101001101
0000000000010100011110101110
0000000000010100011111010001
0000000000010100011111100000
0000000000010100100001001001
0000000000010100100001010011
0000000000010100100011001001
0000000000010100100010111011
0000000000010100100010111000
0000000000010100100100001100
0000000000010100100100111010
0000000000010100100110100100
0000000000010100100110100001
0000000000010100100111010010
0000000000010100101000100101
0000000000010100101001011000
0000000000010100101010001011
0000000000010100101011010000
0000000000010100101011011000
0000000000010100101100001000
0000000000010100101011111000
0000000000010100101101110000
0000000000010100101110001010
0000000000010100101111100001
0000000000010100110000101011
0000000000010100110001100101
0000000000010100110010000111
0000000000010100110010101000
0000000000010100110011010111
0000000000010100110100100100
0000000000010100110100010100
0000000000010100110101100000
0000000000010100110101101100
0000000000010100110111011001
0000000000010100110111100000
0000000000010100111000001111
0000000000010100111001000111
0000000000010100111010101000
0000000000010100111011000001
0000000000010100111011001010
0000000000010100111011101110
0000000000010100111100111101
0000000000010100111101101110
0000000000010100111110010101
0000000000010101000000011010
0000000000010101000000011000
0000000000010101000000111101
0000000000010101000001101111
0000000000010101000010011110
0000000000010101000100010111
0000000000010101000100011001
0000000000010101000101000111
0000000000010101000101110000
0000000000010101000111100001
0000000000010101001000000011
0000000000010101001000010110
0000000000010101001010011000
0000000000010101001011001000
0000000000010101001010011011
0000000000010101001011010101
0000000000010101001101000110
0000000000010101001101001101
0000000000010101001110010100
0000000000010101001110001110
0000000000010101001111000111
0000000000010101010000011101
0000000000010101010001001000
0000000000010101010001100111
0000000000010101010010100001
0000000000010101010100000001
0000000000010101010100011111
0000000000010101010100011100
0000000000010101010101100101
0000000000010101010110110101
0000000000010101010111101011
0000000000010101011000000001
0000000000010101011001010110
0000000000010101011010011010
0000000000010101011001100110
0000000000010101011011110001
0000000000010101011011001111
0000000000010101011100111101
0000000000010101011101011100
0000000000010101011101111111
0000000000010101011111000101
0000000000010101011111110101
0000000000010101100000100111
0000000000010101100001001000
0000000000010101100010110010
0000000000010101100010100111
0000000000010101100011010101
0000000000010101100100011100
0000000000010101100101011101
0000000000010101100110000101
0000000000010101100110111001
0000000000010101100111000011
0000000000010101101000011101
0000000000010101101001101001
0000000000010101101001111101
0000000000010101101010101001
0000000000010101101100001101
0000000000010101101100010011
0000000000010101101101010101
0000000000010101101101011011
0000000000010101101111111111
0000000000010101101111101010
0000000000010101101111100000
0000000000010101110000001010
0000000000010101110001110111
0000000000010101110010010011
0000000000010101110010100101
0000000000010101110100001100
0000000000010101110100111101
0000000000010101110110001010
0000000000010101110111101011
0000000000010101110110101101
0000000000010101111000001001
0000000000010101111001001011
0000000000010101111001101010
0000000000010101111010011011
0000000000010101111010110011
0000000000010101111010101100
0000000000010101111101010010
0000000000010101111110000011
0000000000010101111110100011
0000000000010101111111000000
0000000000010101111111110001
0000000000010110000000110100
0000000000010110000001001111
0000000000010110000010100010
0000000000010110000011001101
0000000000010110000011011101
0000000000010110000101000001
0000000000010110000101010110
0000000000010110000110100100
0000000000010110000111010011
0000000000010110000111100111
0000000000010110001000111111
0000000000010110001000010111
0000000000010110001010011001
0000000000010110001010100011
0000000000010110001010111010
0000000000010110001011111011
0000000000010110001100110011
0000000000010110001101011000
0000000000010110001110100011
0000000000010110001111100101
0000000000010110001111000111
0000000000010110010001100011
0000000000010110010001001101
0000000000010110010011101110
0000000000010110010011000011
0000000000010110010100110101
0000000000010110010101110011
0000000000010110010101001111
0000000000010110010101111110
0000000000010110010110101001
0000000000010110011000011100
0000000000010110011000110011
0000000000010110011010001111
0000000000010110011010011000
0000000000010110011010111110
0000000000010110011010111010
0000000000010110011101011010
0000000000010110011110100100
0000000000010110011110111100
0000000000010110011111010010
0000000000010110100000010001
0000000000010110100000100101
0000000000010110100000100001
0000000000010110100010001101
0000000000010110100010101110
0000000000010110100011101100
0000000000010110100100010100
0000000000010110100101010100
0000000000010110100110010000
0000000000010110100110110100
0000000000010110100111000111
0000000000010110101000100010
0000000000010110101000101000
0000000000010110101001111101
0000000000010110101001111110
0000000000010110101011011100
0000000000010110101011110001
0000000000010110101101000001
0000000000010110101110001110
0000000000010110101110001000
0000000000010110101110111011
0000000000010110110000111100
0000000000010110110000010011
0000000000010110110000100001
0000000000010110110010111101
0000000000010110110011100010
0000000000010110110011110001
0000000000010110110011110100
0000000000010110110110000010
0000000000010110110111000110
0000000000010110110111010101
0000000000010110110111010001
0000000000010110110111101000
0000000000010110111001011110
0000000000010110111010100110
0000000000010110111011101101
0000000000010110111100001011
0000000000010110111011101001
0000000000010110111100101001
0000000000010110111110100001
0000000000010110111111001100
0000000000010110111111110110
0000000000010111000000110001
0000000000010111000001100100
0000000000010111000001011010
0000000000010111000011000011
0000000000010111000011011000
0000000000010111000100101010
0000000000010111000101000001
0000000000010111000101000011
0000000000010111000110011110
0000000000010111000111110110
0000000000010111001000100000
0000000000010111001001001000
0000000000010111001000111110
0000000000010111001010101101
0000000000010111001100010100
0000000000010111001011110011
0000000000010111001101001111
0000000000010111001110010110
0000000000010111001111010101
0000000000010111001111110001
0000000000010111010000001111
0000000000010111001111111100
0000000000010111010001010001
0000000000010111010011001011
0000000000010111010010101001
0000000000010111010100011110
0000000000010111010100001001
0000000000010111010110010000
0000000000010111010110111000
0000000000010111011000000001
0000000000010111010111111000
0000000000010111011000101100
0000000000010111011001110110
0000000000010111011010110010
0000000000010111011010111100
0000000000010111011011101010
0000000000010111011101101101
0000000000010111011101001000
0000000000010111011110001011
0000000000010111011110111110
0000000000010111100000011100
0000000000010111100000000100
0000000000010111100001101000
0000000000010111100011000110
0000000000010111100010110001
0000000000010111100011100011
0000000000010111100100010000
0000000000010111100101001010
0000000000010111100101101101
0000000000010111100111000011
0000000000010111100111100010
0000000000010111101000011010
0000000000010111101001111010
0000000000010111101001110100
0000000000010111101011010010
0000000000010111101011101111
0000000000010111101011111100
0000000000010111101101001111
0000000000010111101110010111
0000000000010111101111011000
0000000000010111101110110100
0000000000010111110000011011
0000000000010111110000100111
0000000000010111110010100010
0000000000010111110010100101
0000000000010111110011010001
0000000000010111110010110001
0000000000010111110100100100
0000000000010111110110000011
0000000000010111110110100001
0000000000010111110111110010
0000000000010111111000011101
0000000000010111111000011101
0000000000010111111010110100
0000000000010111111001111111
0000000000010111111010001000
0000000000010111111011111110
0000000000010111111100000010
0000000000010111111101111011
0000000000010111111110111111
0000000000010111111110111101
0000000000010111111111101001
0000000000011000000000111111
0000000000011000000010101110
0000000000011000000010011100
0000000000011000000010101010
0000000000011000000100001100
0000000000011000000101010011
0000000000011000000101011001
0000000000011000000101010000
0000000000011000000111001000
0000000000011000000111110000
0000000000011000001000100111
0000000000011000001001101000
0000000000011000001010001010
0000000000011000001011010011
0000000000011000001011001000
0000000000011000001011111011
0000000000011000001101000110
0000000000011000001101000010
0000000000011000001110011100
0000000000011000001111011110
0000000000011000010000001110
0000000000011000010001000100
0000000000011000010001110001
0000000000011000010010010000
0000000000011000010010111110
0000000000011000010100101110
0000000000011000010100110101
0000000000011000010101100001
0000000000011000010111101101
0000000000011000010111011110
0000000000011000011000001000
0000000000011000011000111100
0000000000011000011001011111
0000000000011000011010011111
0000000000011000011011010001
0000000000011000011011111010
0000000000011000011100100101
0000000000011000011110010111
0000000000011000011110100110
0000000000011000011111001000
0000000000011000011110101010
0000000000011000100000001000
0000000000011000100001011001
0000000000011000100001110101
0000000000011000100011011110
0000000000011000100011101011
0000000000011000100100001100
0000000000011000100101111101
0000000000011000100110010001
0000000000011000100110101010
0000000000011000100111000011
0000000000011000100111110000
0000000000011000101001111110
0000000000011000101001110110
0000000000011000101001111001
0000000000011000101010100111
0000000000011000101011111001
0000000000011000101101100101
0000000000011000101110100001
0000000000011000101110101010
0000000000011000101111011111
0000000000011000110001000001
0000000000011000110001010111
0000000000011000110001100011
0000000000011000110010001101
0000000000011000110011110111
0000000000011000110100001011
0000000000011000110101010101
0000000000011000110101011001
0000000000011000110101111110
0000000000011000110111100011
0000000000011000111000010010
0000000000011000111001100100
0000000000011000111001110110
0000000000011000111010010001
0000000000011000111011010001
0000000000011000111100000101
0000000000011000111100011100
0000000000011000111101001100
0000000000011000111110110011
0000000000011000111111001100
0000000000011001000000010100
0000000000011001000000010010
0000000000011001000001011001
0000000000011001000001110010
0000000000011001000010101000
0000000000011001000011111101
0000000000011001000100011111
0000000000011001000110001100
0000000000011001000101110100
0000000000011001000110110001
0000000000011001000110001001
0000000000011001001000011111
1111111111100110111001110111
1111111111100110111001001111
1111111111100110111010001100
1111111111100110111001110100
1111111111100110111011100001
1111111111100110111100000011
1111111111100110111101011000
1111111111100110111110001110
1111111111100110111110100111
1111111111100110111111101110
1111111111100110111111101100
1111111111100111000000110100
1111111111100111000001001101
1111111111100111000010110100
1111111111100111000011100100
1111111111100111000011111011
1111111111100111000100101111
1111111111100111000101101111
1111111111100111000110001010
1111111111100111000110011100
1111111111100111000111101110
1111111111100111001000011101
1111111111100111001010000010
1111111111100111001010100111
1111111111100111001010101011
1111111111100111001011110101
1111111111100111001100001001
1111111111100111001101110011
1111111111100111001110011101
1111111111100111001110101001
1111111111100111001110111111
1111111111100111010000100001
1111111111100111010001010110
1111111111100111010001011111
1111111111100111010010011011
1111111111100111010100000111
1111111111100111010101011001
1111111111100111010110000111
1111111111100111010110001010
1111111111100111010110000010
1111111111100111011000010000
1111111111100111011000111101
1111111111100111011001010110
1111111111100111011001101111
1111111111100111011010000011
1111111111100111011011110100
1111111111100111011100010101
1111111111100111011100100010
1111111111100111011110001011
1111111111100111011110100111
1111111111100111011111111000
1111111111100111100001010110
1111111111100111100000111000
1111111111100111100001011010
1111111111100111100001101001
1111111111100111100011011011
1111111111100111100100000110
1111111111100111100100101111
1111111111100111100101100001
1111111111100111100110100001
1111111111100111100111000100
1111111111100111100111111000
1111111111100111101000100010
1111111111100111101000010011
1111111111100111101010011111
1111111111100111101011001011
1111111111100111101011010010
1111111111100111101101000010
1111111111100111101101110000
1111111111100111101110001111
1111111111100111101110111100
1111111111100111101111110010
1111111111100111110000100010
1111111111100111110001100100
1111111111100111110010111110
1111111111100111110010111010
1111111111100111110100000101
1111111111100111110100111000
1111111111100111110100101101
1111111111100111110101110110
1111111111100111110110011000
1111111111100111110111011001
1111111111100111111000010000
1111111111100111111000111000
1111111111100111111010110000
1111111111100111111010100111
1111111111100111111010101101
1111111111100111111011110100
1111111111100111111101010110
1111111111100111111101100100
1111111111100111111101010010
1111111111100111111111000001
1111111111101000000000010111
1111111111101000000001000011
1111111111101000000001000001
1111111111101000000010000101
1111111111101000000011111110
1111111111101000000100000010
1111111111101000000101111000
1111111111101000000110000001
1111111111101000000101001100
1111111111101000000111100011
1111111111101000000111100011
1111111111101000001000001110
1111111111101000001001011111
1111111111101000001001111101
1111111111101000001011011100
1111111111101000001101001111
1111111111101000001100101111
1111111111101000001101011011
1111111111101000001101011110
1111111111101000001111011001
1111111111101000001111100101
1111111111101000010001001100
1111111111101000010000101000
1111111111101000010001101001
1111111111101000010010110001
1111111111101000010100000100
1111111111101000010100010001
1111111111101000010100101110
1111111111101000010110001100
1111111111101000010110000110
1111111111101000010111100110
1111111111101000011000011110
1111111111101000011000111101
1111111111101000011010010011
1111111111101000011010110110
1111111111101000011011110000
1111111111101000011100011101
1111111111101000011101001111
1111111111101000011100111010
1111111111101000011110011000
1111111111101000011111111100
1111111111101000011111100100
1111111111101000100001000010
1111111111101000100001110101
1111111111101000100010111000
1111111111101000100010010011
1111111111101000100100010110
1111111111101000100101000100
1111111111101000100101001110
1111111111101000100110001010
1111111111101000100111010100
1111111111101000101000001000
1111111111101000100111111111
1111111111101000101001001000
1111111111101000101001110000
1111111111101000101011110111
1111111111101000101011100010
1111111111101000101101010111
1111111111101000101100110101
1111111111101000101110101111
1111111111101000110000000100
1111111111101000101111110001
1111111111101000110000001111
1111111111101000110000101011
1111111111101000110001101010
1111111111101000110010110001
1111111111101000110100001101
1111111111101000110011101100
1111111111101000110101010011
1111111111101000110111000010
1111111111101000110110111000
1111111111101000110111100000
1111111111101000111000001010
1111111111101000111001100010
1111111111101000111010111101
1111111111101000111010111111
1111111111101000111011010110
1111111111101000111100101000
1111111111101000111100111101
1111111111101000111110100110
1111111111101000111110011100
1111111111101000111111001111
1111111111101001000000001010
1111111111101001000000110100
1111111111101001000001011111
1111111111101001000011010111
1111111111101001000100010111
1111111111101001000011110101
1111111111101001000100010011
1111111111101001000101011010
1111111111101001000110100010
1111111111101001001000011000
1111111111101001001000101111
1111111111101001001000101011
1111111111101001001000111010
1111111111101001001001111110
1111111111101001001100001100
1111111111101001001100001111
1111111111101001001100011110
1111111111101001001101000011
1111111111101001001111011111
1111111111101001001111101101
1111111111101001001111000100
1111111111101001010001000101
1111111111101001010001111000
1111111111101001010001110010
1111111111101001010010111111
1111111111101001010100001111
1111111111101001010100100100
1111111111101001010110000010
1111111111101001010110000011
1111111111101001010111011000
1111111111101001010111011110
1111111111101001011000111001
1111111111101001011001001100
1111111111101001011001110000
1111111111101001011010101100
1111111111101001011011101100
1111111111101001011100010100
1111111111101001011101010010
1111111111101001011101110011
1111111111101001011111011111
1111111111101001011111011011
1111111111101001011111101111
1111111111101001100000101110
1111111111101001100001000100
1111111111101001100001011100
1111111111101001100010100110
1111111111101001100101000110
1111111111101001100101000010
1111111111101001100101101000
1111111111101001100101110001
1111111111101001100111001101
1111111111101001100111100100
1111111111101001101001010111
1111111111101001101010000010
1111111111101001101010110001
1111111111101001101010001101
1111111111101001101011001011
1111111111101001101100111101
1111111111101001101100010010
1111111111101001101110110011
1111111111101001101110011101
1111111111101001110000111001
1111111111101001110000011011
1111111111101001110001011101
1111111111101001110010101000
1111111111101001110011001101
1111111111101001110100000101
1111111111101001110101000110
1111111111101001110101011101
1111111111101001110101100111
1111111111101001110111101001
1111111111101001110111000001
1111111111101001111000011001
1111111111101001111000101101
1111111111101001111001011100
1111111111101001111010101010
1111111111101001111010111111
1111111111101001111100100011
1111111111101001111100110011
1111111111101001111101011110
1111111111101001111110110001
1111111111101001111111001100
1111111111101010000000001111
1111111111101010000001000000
1111111111101010000001011101
1111111111101010000001111101
1111111111101010000010101110
1111111111101010000101010100
1111111111101010000101001101
1111111111101010000101100101
1111111111101010000110010110
1111111111101010000110110101
1111111111101010000111110111
1111111111101010001001010011
1111111111101010001000010101
1111111111101010001001110110
1111111111101010001011000011
1111111111101010001011110100
1111111111101010001101011011
1111111111101010001101101101
1111111111101010001110001001
1111111111101010001111110110
1111111111101010010000100000
1111111111101010010000010110
1111111111101010010000000001
1111111111101010010010100101
1111111111101010010010101011
1111111111101010010011101101
1111111111101010010011110011
1111111111101010010101010111
1111111111101010010110000011
1111111111101010010110010111
1111111111101010010111100011
1111111111101010011000111101
1111111111101010011001000111
1111111111101010011001111011
1111111111101010011010100011
1111111111101010011011100100
1111111111101010011100101011
1111111111101010011101011001
1111111111101010011101001110
1111111111101010011110111000
1111111111101010011111011001
1111111111101010100000001011
1111111111101010100000111011
1111111111101010100010000001
1111111111101010100010100100
1111111111101010100011000011
1111111111101010100100110001
1111111111101010100100001111
1111111111101010100110011010
1111111111101010100101100110
1111111111101010100110101010
1111111111101010100111111111
1111111111101010101000010101
1111111111101010101001001011
1111111111101010101010011011
1111111111101010101011100100
1111111111101010101011100001
1111111111101010101011111111
1111111111101010101101011111
1111111111101010101110011001
1111111111101010101110111000
1111111111101010101111100011
1111111111101010110000111001
1111111111101010110001110010
1111111111101010110001101100
1111111111101010110010110011
1111111111101010110010111010
1111111111101010110100101011
1111111111101010110101100101
1111111111101010110100111000
1111111111101010110101101000
1111111111101010110111101010
1111111111101010110111111101
1111111111101010111000011111
1111111111101010111010010000
1111111111101010111010111001
1111111111101010111011100111
1111111111101010111011101001
1111111111101010111101100010
1111111111101010111110010001
1111111111101010111111000011
1111111111101010111111101000
1111111111101010111111100110
1111111111101011000001101011
1111111111101011000010010010
1111111111101011000011000011
1111111111101011000100010010
1111111111101011000100110110
1111111111101011000100111111
1111111111101011000101011000
1111111111101011000110111001
1111111111101011000111110001
1111111111101011001000100000
1111111111101011001000100111
1111111111101011001010010100
1111111111101011001010100000
1111111111101011001011101100
1111111111101011001011011100
1111111111101011001100101001
1111111111101011001101011000
1111111111101011001101111001
1111111111101011001110011011
1111111111101011001111010101
1111111111101011010000011111
1111111111101011010001110110
1111111111101011010010010000
1111111111101011010100001000
1111111111101011010011111000
1111111111101011010100101000
1111111111101011010100110000
1111111111101011010101110101
1111111111101011010110101000
1111111111101011010111011011
1111111111101011011000101110
1111111111101011011001011111
1111111111101011011001011100
1111111111101011011011000110
1111111111101011011011110100
1111111111101011011101001000
1111111111101011011101000101
1111111111101011011100110111
1111111111101011011110101101
1111111111101011011110110111
1111111111101011100000100000
1111111111101011100000101111
1111111111101011100001010010
1111111111101011100010110011
1111111111101011100100101100
1111111111101011100100010001
1111111111101011100101011101
1111111111101011100100111011
1111111111101011100110000100
1111111111101011100110100000
1111111111101011101001001000
1111111111101011101000011001
1111111111101011101001001000
1111111111101011101010100010
1111111111101011101010110110
1111111111101011101011100111
1111111111101011101011111100
1111111111101011101110000011
1111111111101011101110001110
1111111111101011101110111111
1111111111101011110000010100
1111111111101011110000100010
1111111111101011110000111101
1111111111101011110010000101
1111111111101011110010011010
1111111111101011110011010001
1111111111101011110011100011
1111111111101011110101001010
1111111111101011110110011011
1111111111101011110110011101
1111111111101011110111110101
1111111111101011111000001111
1111111111101011111001001010
1111111111101011111010100111
1111111111101011111010100100
1111111111101011111100000000
1111111111101011111100000011
1111111111101011111100111110
1111111111101011111101111001
1111111111101011111110101100
1111111111101011111111100001
1111111111101100000000000100
1111111111101100000001010001
1111111111101100000010000010
1111111111101100000010010010
1111111111101100000011001001
1111111111101100000100001101
1111111111101100000101011110
1111111111101100000101001110
1111111111101100000110101111
1111111111101100000110111101
1111111111101100000111101011
1111111111101100000111110011
1111111111101100001001000011
1111111111101100001010000110
1111111111101100001010100000
1111111111101100001011101010
1111111111101100001100100011
1111111111101100001100011010
1111111111101100001110010101
1111111111101100001110001011
1111111111101100010000001000
1111111111101100010000110101
1111111111101100010001000000
1111111111101100010011000000
1111111111101100010010110010
1111111111101100010100111000
1111111111101100010100010100
1111111111101100010101011110
1111111111101100010101101101
1111111111101100010101100101
1111111111101100010111111010
1111111111101100011000011111
1111111111101100011000000010
1111111111101100011001000011
1111111111101100011001111100
1111111111101100011010111100
1111111111101100011100101010
1111111111101100011100111110
1111111111101100011101110001
1111111111101100011110001000
1111111111101100011110110101
1111111111101100011111100010
1111111111101100100001010010
1111111111101100100001111101
1111111111101100100010100110
1111111111101100100011001100
1111111111101100100100011011
1111111111101100100100101011
1111111111101100100101001111
1111111111101100100111010111
1111111111101100100110110101
1111111111101100100110111011
1111111111101100101000110010
1111111111101100101000110111
1111111111101100101001010101
1111111111101100101010111001
1111111111101100101011011011
1111111111101100101011111101
1111111111101100101101101100
1111111111101100101101010111
1111111111101100101110101100
1111111111101100101111110101
1111111111101100110000000001
1111111111101100110001010111
1111111111101100110010010000
1111111111101100110010100100
1111111111101100110010110111
1111111111101100110100001000
1111111111101100110100100001
1111111111101100110110101110
1111111111101100110110100110
1111111111101100110111001000
1111111111101100111000001111
1111111111101100111000101110
1111111111101100111001011000
1111111111101100111010010000
1111111111101100111011011011
1111111111101100111100110110
1111111111101100111100101100
1111111111101100111101011100
1111111111101100111110011001
1111111111101100111111000010
1111111111101101000000111110
1111111111101101000000101101
1111111111101101000001011101
1111111111101101000001100001
1111111111101101000011000110
1111111111101101000100100001
1111111111101101000100001101
1111111111101101000100111111
1111111111101101000101100101
1111111111101101000110100101
1111111111101101000111010111
1111111111101101001001001011
1111111111101101001001000011
1111111111101101001010010111
1111111111101101001011001100
1111111111101101001011011000
1111111111101101001100000110
1111111111101101001100110101
1111111111101101001110000101
1111111111101101001111001101
1111111111101101001111010011
1111111111101101010000100001
1111111111101101010001001001
1111111111101101010001011111
1111111111101101010010001111
1111111111101101010011010001
1111111111101101010011100111
1111111111101101010101001111
1111111111101101010101101100
1111111111101101010110110110
1111111111101101010111001000
1111111111101101011000101001
1111111111101101011001100010
1111111111101101011001000011
1111111111101101011010101101
1111111111101101011010011011
1111111111101101011011101000
1111111111101101011101000011
1111111111101101011101001010
1111111111101101011101101001
1111111111101101011111000011
1111111111101101011111110010
1111111111101101100000000101
1111111111101101100000110101
1111111111101101100010000010
1111111111101101100010100000
1111111111101101100011100001
1111111111101101100011111010
1111111111101101100101100011
1111111111101101100110010000
1111111111101101100110100101
1111111111101101100111000101
1111111111101101101000100010
1111111111101101101001000000
1111111111101101101001011011
1111111111101101101010100110
1111111111101101101011111010
1111111111101101101011111010
1111111111101101101101010011
1111111111101101101101010000
1111111111101101101101100110
1111111111101101101111001100
1111111111101101110000000000
1111111111101101110001000000
1111111111101101110001110000
1111111111101101110010001010
1111111111101101110010101010
1111111111101101110100000110
1111111111101101110100101011
1111111111101101110101110110
1111111111101101110101010111
1111111111101101110110001101
1111111111101101110111110111
1111111111101101111000000101
1111111111101101111001001000
1111111111101101111010100011
1111111111101101111010110110
1111111111101101111011001110
1111111111101101111011111110
1111111111101101111101011100
1111111111101101111101101110
1111111111101101111110010001
1111111111101101111111110111
1111111111101101111111111100
1111111111101110000001101110
1111111111101110000001110110
1111111111101110000010101111
1111111111101110000010101110
1111111111101110000100001010
1111111111101110000100010001
1111111111101110000110101001
1111111111101110000110001011
1111111111101110000110101010
1111111111101110000111111011
1111111111101110001000110000
1111111111101110001001001110
1111111111101110001010100001
1111111111101110001011000000
1111111111101110001100010011
1111111111101110001100001110
1111111111101110001101101101
1111111111101110001110000100
1111111111101110001110101100
1111111111101110001111100010
1111111111101110010000110000
1111111111101110010001001101
1111111111101110010001111101
1111111111101110010010101110
1111111111101110010011101110
1111111111101110010100010000
1111111111101110010100100000
1111111111101110010101110111
1111111111101110010110111110
1111111111101110010110101001
1111111111101110010111010110
1111111111101110011000110110
1111111111101110011001010100
1111111111101110011010001111
1111111111101110011011101011
1111111111101110011011110110
1111111111101110011100111101
1111111111101110011101100000
1111111111101110011111000110
1111111111101110011111001011
1111111111101110011111110110
1111111111101110100000100101
1111111111101110100001010001
1111111111101110100001100011
1111111111101110100010110001
1111111111101110100100001010
1111111111101110100100010100
1111111111101110100101001110
1111111111101110100101111110
1111111111101110100111001100
1111111111101110100111101100
1111111111101110101000011111
1111111111101110101001100101
1111111111101110101001101000
1111111111101110101010000111
1111111111101110101011010010
1111111111101110101100010100
1111111111101110101100011011
1111111111101110101110000101
1111111111101110101110110000
1111111111101110101111100001
1111111111101110110000001100
1111111111101110110000101111
1111111111101110110001110001
1111111111101110110010110011
1111111111101110110011101100
1111111111101110110100001001
1111111111101110110100100011
1111111111101110110101111000
1111111111101110110101111001
1111111111101110110111001001
1111111111101110110111010100
1111111111101110111000001001
1111111111101110111001001000
1111111111101110111010011011
1111111111101110111010111100
1111111111101110111011110100
1111111111101110111100011000
1111111111101110111110000100
1111111111101110111110001111
1111111111101110111110101100
1111111111101110111111011001
1111111111101111000000010111
1111111111101111000000111110
1111111111101111000010010011
1111111111101111000010100001
1111111111101111000011100100
1111111111101111000100000100
1111111111101111000101011100
1111111111101111000101111001
1111111111101111000110000001
1111111111101111000111011100
1111111111101111001000001111
1111111111101111001000101011
1111111111101111001010001010
1111111111101111001010100000
1111111111101111001011001100
1111111111101111001011010011
1111111111101111001100000011
1111111111101111001101111100
1111111111101111001110000101
1111111111101111001110111111
1111111111101111010000001111
1111111111101111010000000000
1111111111101111010001001000
1111111111101111010010001100
1111111111101111010010111000
1111111111101111010011001001
1111111111101111010100010001
1111111111101111010100110101
1111111111101111010101100110
1111111111101111010110100101
1111111111101111010111011110
1111111111101111010111110111
1111111111101111011000011110
1111111111101111011001100010
1111111111101111011010001100
1111111111101111011011001000
1111111111101111011100001010
1111111111101111011100100100
1111111111101111011101011101
1111111111101111011110010110
1111111111101111011110100000
1111111111101111011111111010
1111111111101111100000011111
1111111111101111100001101110
1111111111101111100010000010
1111111111101111100010001111
1111111111101111100011010010
1111111111101111100100011111
1111111111101111100100101101
1111111111101111100101101001
1111111111101111100110011000
1111111111101111100111100101
1111111111101111101000010010
1111111111101111101000110000
1111111111101111101001111101
1111111111101111101010100110
1111111111101111101011011100
1111111111101111101100000001
1111111111101111101100100000
1111111111101111101110011010
1111111111101111101110011001
1111111111101111101111011011
1111111111101111101111110101
1111111111101111110000100001
1111111111101111110001100011
1111111111101111110001100000
1111111111101111110011001100
1111111111101111110011101100
1111111111101111110100000010
1111111111101111110101001011
1111111111101111110101100010
1111111111101111110110011110
1111111111101111110111101101
1111111111101111111000001000
1111111111101111111000100110
1111111111101111111010000010
1111111111101111111010101001
1111111111101111111011110011
1111111111101111111100000001
1111111111101111111100100000
1111111111101111111101101100
1111111111101111111110001000
1111111111101111111110111100
1111111111101111111111100101
1111111111110000000000110110
1111111111110000000001010010
1111111111110000000001110100
1111111111110000000010110111
1111111111110000000010111101
1111111111110000000100010010
1111111111110000000100101001
1111111111110000000110000110
1111111111110000000110001000
1111111111110000000111011010
1111111111110000001000001101
1111111111110000001000011100
1111111111110000001001011101
1111111111110000001010000111
1111111111110000001011011010
1111111111110000001100000011
1111111111110000001100101100
1111111111110000001101010000
1111111111110000001110001100
1111111111110000001111010011
1111111111110000001111011111
1111111111110000010000100001
1111111111110000010000111011
1111111111110000010001111100
1111111111110000010010101101
1111111111110000010011010000
1111111111110000010011110111
1111111111110000010101000110
1111111111110000010101011101
1111111111110000010110010111
1111111111110000010111011110
1111111111110000011000001110
1111111111110000011000001101
1111111111110000011001010111
1111111111110000011010001001
1111111111110000011010100011
1111111111110000011011101110
1111111111110000011100001011
1111111111110000011101001011
1111111111110000011110000000
1111111111110000011110100010
1111111111110000011111011001
1111111111110000100000011100
1111111111110000100000110110
1111111111110000100001111010
1111111111110000100001111110
1111111111110000100011000111
1111111111110000100011110110
1111111111110000100100111000
1111111111110000100101000011
1111111111110000100110000100
1111111111110000100111000100
1111111111110000100111100100
1111111111110000101000101100
1111111111110000101001001100
1111111111110000101001111110
1111111111110000101010011011
1111111111110000101011011101
1111111111110000101011111101
1111111111110000101100100111
1111111111110000101101001000
1111111111110000101110011001
1111111111110000101110111111
1111111111110000101111101111
1111111111110000110000100111
1111111111110000110001100011
1111111111110000110010001010
1111111111110000110010101000
1111111111110000110011100100
1111111111110000110100010001
1111111111110000110100111011
1111111111110000110101011010
1111111111110000110110011100
1111111111110000110110111100
1111111111110000110111110100
1111111111110000111000101110
1111111111110000111001011101
1111111111110000111010010011
1111111111110000111010111111
1111111111110000111011100101
1111111111110000111100010010
1111111111110000111101000011
1111111111110000111110000000
1111111111110000111110110100
1111111111110000111111010010
1111111111110001000000000000
1111111111110001000000101011
1111111111110001000001100000
1111111111110001000010001001
1111111111110001000010101000
1111111111110001000011100110
1111111111110001000100001101
1111111111110001000100111001
1111111111110001000101101001
1111111111110001000110011011
1111111111110001000111000100
1111111111110001000111111110
1111111111110001001000101101
1111111111110001001001011110
1111111111110001001010000001
1111111111110001001010101010
1111111111110001001011100101
1111111111110001001100011000
1111111111110001001100110111
1111111111110001001101101001
1111111111110001001110100100
1111111111110001001111001101
1111111111110001001111111110
1111111111110001010000111001
1111111111110001010001011000
1111111111110001010010000000
1111111111110001010010101111
1111111111110001010011011111
1111111111110001010100010000
1111111111110001010101010100
1111111111110001010101101000
1111111111110001010110110000
1111111111110001010111000011
1111111111110001010111110101
1111111111110001011000011111
1111111111110001011001001010
1111111111110001011001101101
1111111111110001011010011100
1111111111110001011011001111
1111111111110001011011101111
1111111111110001011100110000
1111111111110001011101010010
1111111111110001011110000011
1111111111110001011110110001
1111111111110001011111100000
1111111111110001100000000110
1111111111110001100000101110
1111111111110001100001011010
1111111111110001100010010000
1111111111110001100010101001
1111111111110001100011101010
1111111111110001100100001110
1111111111110001100101000001
1111111111110001100101100010
1111111111110001100110001111
1111111111110001100110111100
1111111111110001100111011110
1111111111110001101000011100
1111111111110001101000111101
1111111111110001101010010001
1111111111110001101010010000
1111111111110001101010111010
1111111111110001101011101001
1111111111110001101100010110
1111111111110001101100111110
1111111111110001101101110110
1111111111110001101110010011
1111111111110001101110111001
1111111111110001101111101001
1111111111110001110000001111
1111111111110001110000110110
1111111111110001110001101010
1111111111110001110010000000
1111111111110001110010110000
1111111111110001110011011110
1111111111110001110011111111
1111111111110001110100101100
1111111111110001110101010000
1111111111110001110101111000
1111111111110001110110101001
1111111111110001110111001101
1111111111110001110111110011
1111111111110001111000100001
1111111111110001111001001011
1111111111110001111001101101
1111111111110001111010010011
1111111111110001111011000100
1111111111110001111100000000
1111111111110001111011110001
1111111111110001111100100000
1111111111110001111101000010
1111111111110001111101110000
1111111111110001111110010100
1111111111110001111110110110
1111111111110001111111100001
1111111111110010000000000100
1111111111110010000000100101
1111111111110010000001001111
1111111111110010000001110001
1111111111110010000010010100
1111111111110010000010110110
1111111111110010000011001111
1111111111110010000011110011
1111111111110010000100011110
1111111111110010000100111001
1111111111110010000101010111
1111111111110010000110000011
1111111111110010000110011010
1111111111110010000110111100
1111111111110010000111011000
1111111111110010000111111010
1111111111110010001000011000
1111111111110010001000111000
1111111111110010001001010110
1111111111110010001001110000
1111111111110010001010011101
1111111111110010001001111010
1111111111110010001010101001
1111111111110010001011001001
1111111111110010001011011111
1111111111110010001011110110
1111111111110010001100001101
1111111111110010001100101101
1111111111110010001100111100
1111111111110010001101010100
1111111111110010001101100100
1111111111110010001101111110
1111111111110010001110000100
1111111111110010001110011001
1111111111110010001110101000
1111111111110010001110110111
1111111111110010001111000100
1111111111110010001111001001
1111111111110010001111010101
1111111111110010001111011011
1111111111110010001111100010
1111111111110010001111100101
1111111111110010001111100000
1111111111110010001111101001
1111111111110010001111101011
1111111111110010001111100100
1111111111110010001111011110
1111111111110010001111010100
1111111111110010001111001111
1111111111110010001110011011
1111111111110010001110011100
1111111111110010001110001101
1111111111110010001101110011
1111111111110010001101010111
1111111111110010001100110100
1111111111110010001100001111
1111111111110010001011100110
1111111111110010001010110100
1111111111110010001010000000
1111111111110010001001000001
1111111111110010000111111100
1111111111110010000110110010
1111111111110010000101011100
1111111111110010000100000011
1111111111110010000010011001
1111111111110010000000100110
1111111111110001111110100100
1111111111110001111100010111
1111111111110001111001110110
1111111111110001110111000100
1111111111110001110011111101
1111111111110001110000011101
1111111111110001101100100010
1111111111110001101000000111
1111111111110001100011000110
1111111111110001011101010111
1111111111110001010110110110
0000000000001010010111110011
0000000000001010001111000110
0000000000001010000100111011
0000000000001001111000111100
0000000000001001101010101101
0000000000001001011001100001
0000000000001001000100100010
0000000000001000101010100001
0000000000001000001001101111
0000000000000111011111100111
0000000000000110101000101010
0000000000000101100000000110
0000000000000100000001000001
0000000000000010001001010011
