0000000000000000000000000000
1111111111111001001001001000
1111111111110010000100101011
1111111111101010100011111110
1111111111100010010100001101
1111111111011000111110000101
1111111111001101111111101100
1111111111000000100101100100
1111111110101111011100000000
1111111110011000001111101000
1111111101110110011110000110
1111111100111111101100100111
1111111011010101100101100011
1111110110101010001101010101
1110000110101001000011100111
0000001011111100100010001100
0000000101111000010010011100
0000000011111110000111000101
0000000011000010000011000100
0000000010011110001101001111
0000000010000110010011011100
0000000001110101001011010000
0000000001101000010001100100
0000000001011110001010110011
0000000001010110000001111110
0000000001001111010011111110
0000000001001001101011010011
0000000001000100110111010011
0000000001000000101101011101
0000000000111101000100010111
0000000000111001110110100111
0000000000110111000000000101
0000000000110100011100010100
0000000000110010001000011101
0000000000110000000001111010
0000000000101110000111010111
0000000000101100010111100101
0000000000101010110000011101
0000000000101001010000101111
0000000000100111111000011100
0000000000100110100110010001
0000000000100101011001110011
0000000000100100010011100010
0000000000100011001101100100
0000000000100010001110101101
0000000000100001010011010111
0000000000100000011011000100
0000000000011111100110011011
0000000000011110110011111100
0000000000011110000100000110
0000000000011101010110101001
0000000000011100101011110101
0000000000011100000010011011
0000000000011011011011010010
0000000000011010110101111111
0000000000011010010010010010
0000000000011001101111111001
0000000000011001001111000001
0000000000011000101111100100
0000000000011000010001000110
0000000000010111110100001110
0000000000010111011000001011
0000000000010110111101001101
0000000000010110100011001101
0000000000010110001010010101
0000000000010101110010011001
0000000000010101011010110100
0000000000010101000100011011
0000000000010100101110100000
0000000000010100011001010000
0000000000010100000101011001
0000000000010011110001010001
0000000000010011011101110011
0000000000010011001011111000
0000000000010010111001110100
0000000000010010101000001011
0000000000010010010111011010
0000000000010010000110110100
0000000000010001110110111000
0000000000010001100111101000
0000000000010001011000010000
0000000000010001001001010010
0000000000010000111011001010
0000000000010000101101000001
0000000000010000011111100011
0000000000010000010010011110
0000000000010000000101010001
0000000000001111111000110111
0000000000001111101100010100
0000000000001111100000010100
0000000000001111010100100101
0000000000001111001001000011
0000000000001110111101111010
0000000000001110110011001011
0000000000001110101000100011
0000000000001110011110000000
0000000000001110010011101000
0000000000001110001001101000
0000000000001101111111111000
0000000000001101110110111001
0000000000001101101101010000
0000000000001101100100010000
0000000000001101011011000101
0000000000001101010010010101
0000000000001101001001101001
0000000000001101000000110001
0000000000001100111000101111
0000000000001100110000101010
0000000000001100101000111000
0000000000001100100001000000
0000000000001100011001010010
0000000000001100010001100100
0000000000001100001010010000
0000000000001100000011000111
0000000000001011111011101111
0000000000001011110101001001
0000000000001011101110001110
0000000000001011100111100000
0000000000001011100000100111
0000000000001011011010011010
0000000000001011010100000111
0000000000001011001101101000
0000000000001011000111010001
0000000000001011000001011011
0000000000001010111011010111
0000000000001010110101011001
0000000000001010101111100010
0000000000001010101010111010
0000000000001010100100100010
0000000000001010011111000001
0000000000001010011001100000
0000000000001010010100011101
0000000000001010001110111001
0000000000001010001001101010
0000000000001010000100110000
0000000000001001111111101011
0000000000001001111010100111
0000000000001001110110000100
0000000000001001110001000110
0000000000001001101100001001
0000000000001001100111101101
0000000000001001100011010010
0000000000001001011110101100
0000000000001001011001111110
0000000000001001010101110101
0000000000001001010001001100
0000000000001001001100111011
0000000000001001001000011111
0000000000001001000100100110
0000000000001001000000100001
0000000000001000111100010111
0000000000001000111000100101
0000000000001000110100100100
0000000000001000110000110111
0000000000001000101100101110
0000000000001000101001111001
0000000000001000100101010111
0000000000001000100001111110
0000000000001000011110000110
0000000000001000011010010101
0000000000001000010110110011
0000000000001000010011011111
0000000000001000001111111001
0000000000001000001100010110
0000000000001000001000111110
0000000000001000000101110001
0000000000001000000010010101
0000000000000111111110111100
0000000000000111111011100111
0000000000000111111000101011
0000000000000111110101011101
0000000000000111110010011011
0000000000000111101111100001
0000000000000111101100011011
0000000000000111101001010000
0000000000000111100110100001
0000000000000111100011011001
0000000000000111100000110100
0000000000000111011101101100
0000000000000111011010111001
0000000000000111011000000100
0000000000000111010101001101
0000000000000111010010101000
0000000000000111010000100001
0000000000000111001100111110
0000000000000111001010100110
0000000000000111000111101011
0000000000000111000101001001
0000000000000111000010100011
0000000000000110111111111110
0000000000000110111101011100
0000000000000110111011000101
0000000000000110111000011000
0000000000000110110110000110
0000000000000110110011101010
0000000000000110110001011000
0000000000000110101110110011
0000000000000110101100101010
0000000000000110101010001110
0000000000000110100111110101
0000000000000110100101101010
0000000000000110100011010000
0000000000000110100001011010
0000000000000110011111000011
0000000000000110011100101011
0000000000000110011010001110
0000000000000110011000101011
0000000000000110010110001111
0000000000000110010100000101
0000000000000110010010001011
0000000000000110010000010000
0000000000000110001110010011
0000000000000110001011101100
0000000000000110001001110010
0000000000000110001000000111
0000000000000110000110000100
0000000000000110000100001000
0000000000000110000001111011
0000000000000110000000001011
0000000000000101111110001110
0000000000000101111100101010
0000000000000101111010100110
0000000000000101111000101000
0000000000000101110110110010
0000000000000101110101000001
0000000000000101110011000011
0000000000000101110001011001
0000000000000101101111100000
0000000000000101101101111101
0000000000000101101100000010
0000000000000101101010011010
0000000000000101101000101011
0000000000000101100110111000
0000000000000101100101001111
0000000000000101100011101101
0000000000000101100010000100
0000000000000101100000010000
0000000000000101011110011101
0000000000000101011101001101
0000000000000101011011010010
0000000000000101011001110000
0000000000000101011000010100
0000000000000101010110011111
0000000000000101010101000100
0000000000000101010011100101
0000000000000101010001111011
0000000000000101010000011110
0000000000000101001110111111
0000000000000101001101101000
0000000000000101001011111110
0000000000000101001010101111
0000000000000101001000111110
0000000000000101000111011111
0000000000000101000110010110
0000000000000101000100100111
0000000000000101000011011101
0000000000000101000001110100
0000000000000101000000110100
0000000000000100111110110001
0000000000000100111101110100
0000000000000100111100010101
0000000000000100111011000110
0000000000000100111001100110
0000000000000100111000001000
0000000000000100110110111000
0000000000000100110101100010
0000000000000100110100001111
0000000000000100110010111001
0000000000000100110001110010
0000000000000100110000010000
0000000000000100101111010101
0000000000000100101110001100
0000000000000100101100101101
0000000000000100101011100111
0000000000000100101010010101
0000000000000100101000111011
0000000000000100100111110000
0000000000000100100110011000
0000000000000100100101001110
0000000000000100100100001000
0000000000000100100010111001
0000000000000100100001110001
0000000000000100100000011101
0000000000000100011111101000
0000000000000100011110010001
0000000000000100011101001100
0000000000000100011011110101
0000000000000100011010100011
0000000000000100011001110110
0000000000000100011000100011
0000000000000100010111001100
0000000000000100010110101000
0000000000000100010101001010
0000000000000100010100001000
0000000000000100010011000101
0000000000000100010010000101
0000000000000100010001011001
0000000000000100010000000000
0000000000000100001110111010
0000000000000100001101110111
0000000000000100001100111011
0000000000000100001011110000
0000000000000100001010110100
0000000000000100001001110001
0000000000000100001000101010
0000000000000100000111101110
0000000000000100000110100100
0000000000000100000101100111
0000000000000100000100110111
0000000000000100000011101110
0000000000000100000010010110
0000000000000100000001101100
0000000000000100000000101110
0000000000000011111111111100
0000000000000011111110101100
0000000000000011111101100010
0000000000000011111101000000
0000000000000011111100000101
0000000000000011111010111111
0000000000000011111010010101
0000000000000011111001001010
0000000000000011111000000001
0000000000000011110111010110
0000000000000011110110001001
0000000000000011110101110111
0000000000000011110100101000
0000000000000011110011101000
0000000000000011110010101111
0000000000000011110010001000
0000000000000011110001000111
0000000000000011110000001100
0000000000000011101111001110
0000000000000011101110010001
0000000000000011101101110101
0000000000000011101100101010
0000000000000011101011110110
0000000000000011101011000011
0000000000000011101010001101
0000000000000011101001100101
0000000000000011101000011011
0000000000000011100111100001
0000000000000011100110110110
0000000000000011100110000011
0000000000000011100101000011
0000000000000011100100100000
0000000000000011100011101011
0000000000000011100010110110
0000000000000011100001111110
0000000000000011100001011011
0000000000000011100000111010
0000000000000011011111110001
0000000000000011011111001100
0000000000000011011110010110
0000000000000011011101001101
0000000000000011011100100111
0000000000000011011011101111
0000000000000011011011001011
0000000000000011011010010001
0000000000000011011001110001
0000000000000011011000111010
0000000000000011010111111111
0000000000000011010111011011
0000000000000011010110110000
0000000000000011010101111100
0000000000000011010101000010
0000000000000011010100000001
0000000000000011010011100011
0000000000000011010011001011
0000000000000011010010001001
0000000000000011010001100101
0000000000000011010000111000
0000000000000011001111111100
0000000000000011001111001110
0000000000000011001110111001
0000000000000011001110000011
0000000000000011001101001011
0000000000000011001100101010
0000000000000011001100000110
0000000000000011001011001111
0000000000000011001010110110
0000000000000011001001111100
0000000000000011001001000011
0000000000000011001000011111
0000000000000011000111100010
0000000000000011000111000111
0000000000000011000110011101
0000000000000011000101111001
0000000000000011000101010110
0000000000000011000100101100
0000000000000011000100000011
0000000000000011000011001011
0000000000000011000010101000
0000000000000011000010000100
0000000000000011000001001111
0000000000000011000000101000
0000000000000011000000001011
0000000000000010111111100111
0000000000000010111110111001
0000000000000010111110001100
0000000000000010111101101100
0000000000000010111100110101
0000000000000010111100001011
0000000000000010111011100010
0000000000000010111011011110
0000000000000010111010100110
0000000000000010111001101100
0000000000000010111001010000
0000000000000010111000100000
0000000000000010111000000100
0000000000000010110111101011
0000000000000010110110111110
0000000000000010110110000101
0000000000000010110101110010
0000000000000010110101010001
0000000000000010110100011001
0000000000000010110100000001
0000000000000010110011010010
0000000000000010110011000001
0000000000000010110010001101
0000000000000010110001101111
0000000000000010110001001110
0000000000000010110000101100
0000000000000010110000000101
0000000000000010101111100111
0000000000000010101110110000
0000000000000010101110010100
0000000000000010101101110000
0000000000000010101101001011
0000000000000010101100100111
0000000000000010101011110110
0000000000000010101011100110
0000000000000010101011010110
0000000000000010101010100010
0000000000000010101010000000
0000000000000010101001010001
0000000000000010101000111000
0000000000000010101000010111
0000000000000010100111111010
0000000000000010100111010110
0000000000000010100111000101
0000000000000010100110000010
0000000000000010100101101101
0000000000000010100101011111
0000000000000010100100111010
0000000000000010100011110110
0000000000000010100011101100
0000000000000010100011001110
0000000000000010100010010011
0000000000000010100010001111
0000000000000010100001110100
0000000000000010100000111011
0000000000000010100000100010
0000000000000010100000001110
0000000000000010011111011100
0000000000000010011111001011
0000000000000010011110100011
0000000000000010011101110110
0000000000000010011101100101
0000000000000010011101010011
0000000000000010011100100011
0000000000000010011100001101
0000000000000010011011100001
0000000000000010011010111101
0000000000000010011010111101
0000000000000010011010000011
0000000000000010011010001100
0000000000000010011001001101
0000000000000010011000101110
0000000000000010011000001111
0000000000000010011000000000
0000000000000010010111010110
0000000000000010010110111100
0000000000000010010110101000
0000000000000010010110000101
0000000000000010010101001010
0000000000000010010101000011
0000000000000010010100011011
0000000000000010010100001101
0000000000000010010011100001
0000000000000010010011000010
0000000000000010010010110101
0000000000000010010010010110
0000000000000010010001110101
0000000000000010010001010101
0000000000000010010001000011
0000000000000010010000100000
0000000000000010001111110100
0000000000000010001111101111
0000000000000010001111001001
0000000000000010001111001010
0000000000000010001110011110
0000000000000010001101101011
0000000000000010001101101011
0000000000000010001101010100
0000000000000010001100101011
0000000000000010001100000001
0000000000000010001011110001
0000000000000010001011001100
0000000000000010001010110001
0000000000000010001010010011
0000000000000010001010001010
0000000000000010001001101100
0000000000000010001001010000
0000000000000010001000110111
0000000000000010001000001100
0000000000000010000111111000
0000000000000010000111011100
0000000000000010000111010001
0000000000000010000110101110
0000000000000010000110001011
0000000000000010000110000111
0000000000000010000101010101
0000000000000010000101001010
0000000000000010000100101110
0000000000000010000100010100
0000000000000010000011110110
0000000000000010000011100011
0000000000000010000011001000
0000000000000010000010011110
0000000000000010000010010100
0000000000000010000001111010
0000000000000010000001110101
0000000000000010000000111011
0000000000000010000000100010
0000000000000010000000001010
0000000000000001111111101111
0000000000000001111111101000
0000000000000001111111000111
0000000000000001111110100100
0000000000000001111110010000
0000000000000001111101110010
0000000000000001111101100100
0000000000000001111101000001
0000000000000001111100100110
0000000000000001111100011011
0000000000000001111011110110
0000000000000001111011101111
0000000000000001111011000010
0000000000000001111010111100
0000000000000001111010100110
0000000000000001111010001001
0000000000000001111001110010
0000000000000001111001010010
0000000000000001111000111111
0000000000000001111000100111
0000000000000001111000011101
0000000000000001110111100111
0000000000000001110111010011
0000000000000001110111000110
0000000000000001110110100111
0000000000000001110110010111
0000000000000001110110000001
0000000000000001110101010011
0000000000000001110101010000
0000000000000001110101000111
0000000000000001110100100111
0000000000000001110100001010
0000000000000001110100001001
0000000000000001110011100001
0000000000000001110011001111
0000000000000001110010110010
0000000000000001110010100010
0000000000000001110001110100
0000000000000001110001100110
0000000000000001110001000001
0000000000000001110000110111
0000000000000001110000100101
0000000000000001110000011101
0000000000000001101111101111
0000000000000001101111010011
0000000000000001101111001001
0000000000000001101110101011
0000000000000001101110100100
0000000000000001101110010100
0000000000000001101101100110
0000000000000001101101011110
0000000000000001101101010011
0000000000000001101100111011
0000000000000001101100110001
0000000000000001101100001100
0000000000000001101011111111
0000000000000001101011100000
0000000000000001101011010001
0000000000000001101010110111
0000000000000001101010010100
0000000000000001101010001110
0000000000000001101001100001
0000000000000001101001011011
0000000000000001101001000111
0000000000000001101000101110
0000000000000001101000011011
0000000000000001100111111100
0000000000000001100111101001
0000000000000001100111011100
0000000000000001100111000110
0000000000000001100110111010
0000000000000001100110011011
0000000000000001100110010100
0000000000000001100110000000
0000000000000001100101100100
0000000000000001100101001100
0000000000000001100100111111
0000000000000001100100100101
0000000000000001100100010010
0000000000000001100011111101
0000000000000001100011110010
0000000000000001100011010111
0000000000000001100010111001
0000000000000001100010101111
0000000000000001100010011100
0000000000000001100001111010
0000000000000001100001101101
0000000000000001100001011001
0000000000000001100000111111
0000000000000001100000111010
0000000000000001100000010101
0000000000000001100000001100
0000000000000001011111111010
0000000000000001011111001001
0000000000000001011111000000
0000000000000001011110101110
0000000000000001011110101011
0000000000000001011110010100
0000000000000001011101111011
0000000000000001011101110111
0000000000000001011101010001
0000000000000001011101010001
0000000000000001011100111010
0000000000000001011100010100
0000000000000001011100001011
0000000000000001011011110010
0000000000000001011011110000
0000000000000001011011001101
0000000000000001011010110110
0000000000000001011010111010
0000000000000001011010001000
0000000000000001011001111001
0000000000000001011001101000
0000000000000001011001101111
0000000000000001011001010010
0000000000000001011001001001
0000000000000001011000101111
0000000000000001011000001101
0000000000000001010111110101
0000000000000001010111101110
0000000000000001010111010011
0000000000000001010111001101
0000000000000001010110100101
0000000000000001010110100011
0000000000000001010110100010
0000000000000001010110000010
0000000000000001010101101110
0000000000000001010101010110
0000000000000001010101000110
0000000000000001010100110111
0000000000000001010100011011
0000000000000001010100001011
0000000000000001010011111001
0000000000000001010011100000
0000000000000001010011010100
0000000000000001010011000011
0000000000000001010011000100
0000000000000001010010101111
0000000000000001010010011010
0000000000000001010001110011
0000000000000001010001100011
0000000000000001010001010001
0000000000000001010000111100
0000000000000001010000101110
0000000000000001010000100011
0000000000000001010000001001
0000000000000001010000001011
0000000000000001001111110100
0000000000000001001111101001
0000000000000001001111000101
0000000000000001001110111100
0000000000000001001110110000
0000000000000001001110011101
0000000000000001001101111101
0000000000000001001101101110
0000000000000001001101100111
0000000000000001001101011110
0000000000000001001101001101
0000000000000001001100110010
0000000000000001001100101011
0000000000000001001100000011
0000000000000001001011111101
0000000000000001001011101111
0000000000000001001011010111
0000000000000001001011001101
0000000000000001001010101011
0000000000000001001010100101
0000000000000001001010011001
0000000000000001001010001000
0000000000000001001001011110
0000000000000001001001011001
0000000000000001001001001101
0000000000000001001000100010
0000000000000001001000010010
0000000000000001001000011110
0000000000000001001000001110
0000000000000001000111101001
0000000000000001000111101000
0000000000000001000111010000
0000000000000001000111001001
0000000000000001000110110111
0000000000000001000110100010
0000000000000001000110010011
0000000000000001000110000100
0000000000000001000101101000
0000000000000001000101010010
0000000000000001000101001101
0000000000000001000101001010
0000000000000001000100101111
0000000000000001000100100000
0000000000000001000100001001
0000000000000001000011111110
0000000000000001000011100011
0000000000000001000011010111
0000000000000001000011011100
0000000000000001000010110010
0000000000000001000010110110
0000000000000001000010010110
0000000000000001000010000111
0000000000000001000001111101
0000000000000001000001101011
0000000000000001000001011000
0000000000000001000001000010
0000000000000001000000111110
0000000000000001000000011110
0000000000000001000000100111
0000000000000001000000010101
0000000000000000111111111010
0000000000000000111111100111
0000000000000000111111011101
0000000000000000111111000000
0000000000000000111111000100
0000000000000000111110101010
0000000000000000111110010001
0000000000000000111110001001
0000000000000000111101111100
0000000000000000111101011111
0000000000000000111101011100
0000000000000000111101000011
0000000000000000111101000010
0000000000000000111100011000
0000000000000000111100011010
0000000000000000111100001011
0000000000000000111100000111
0000000000000000111011100100
0000000000000000111011011110
0000000000000000111011010101
0000000000000000111010111001
0000000000000000111010101101
0000000000000000111010011001
0000000000000000111001110111
0000000000000000111001111110
0000000000000000111001101011
0000000000000000111001010101
0000000000000000111001001010
0000000000000000111001000010
0000000000000000111000110111
0000000000000000111000111010
0000000000000000111000000001
0000000000000000110111111010
0000000000000000110111101100
0000000000000000110111011111
0000000000000000110111010101
0000000000000000110111000001
0000000000000000110110111100
0000000000000000110110011101
0000000000000000110110010011
0000000000000000110110000111
0000000000000000110101110001
0000000000000000110101101011
0000000000000000110101010000
0000000000000000110101000100
0000000000000000110100111100
0000000000000000110100100111
0000000000000000110100101111
0000000000000000110100000011
0000000000000000110011111101
0000000000000000110100000011
0000000000000000110011101010
0000000000000000110011010100
0000000000000000110011001101
0000000000000000110010110101
0000000000000000110010100011
0000000000000000110010101111
0000000000000000110010000011
0000000000000000110010000110
0000000000000000110001010011
0000000000000000110001100100
0000000000000000110000111111
0000000000000000110000101101
0000000000000000110000110101
0000000000000000110000100111
0000000000000000110000011111
0000000000000000101111111101
0000000000000000101111110000
0000000000000000101111011101
0000000000000000101111010110
0000000000000000101111001010
0000000000000000101111001100
0000000000000000101110011111
0000000000000000101110001000
0000000000000000101110000101
0000000000000000101101111000
0000000000000000101101101010
0000000000000000101101100000
0000000000000000101101100000
0000000000000000101101000011
0000000000000000101100110111
0000000000000000101100100010
0000000000000000101100011001
0000000000000000101100001000
0000000000000000101011111010
0000000000000000101011101110
0000000000000000101011101000
0000000000000000101011001101
0000000000000000101011001001
0000000000000000101010110011
0000000000000000101010101111
0000000000000000101010011000
0000000000000000101010010010
0000000000000000101001111001
0000000000000000101001100111
0000000000000000101001100001
0000000000000000101001011100
0000000000000000101000110101
0000000000000000101000111110
0000000000000000101000110110
0000000000000000101000001111
0000000000000000101000001000
0000000000000000100111111110
0000000000000000100111111111
0000000000000000100111011000
0000000000000000100111000111
0000000000000000100111000000
0000000000000000100111000001
0000000000000000100110110111
0000000000000000100110010100
0000000000000000100110000110
0000000000000000100101110010
0000000000000000100101101011
0000000000000000100101101101
0000000000000000100101011111
0000000000000000100100111110
0000000000000000100100101101
0000000000000000100100100101
0000000000000000100100010001
0000000000000000100100001000
0000000000000000100100000110
0000000000000000100011101100
0000000000000000100011100000
0000000000000000100011010010
0000000000000000100011001000
0000000000000000100011000110
0000000000000000100010101111
0000000000000000100010011010
0000000000000000100010000110
0000000000000000100001111011
0000000000000000100001111111
0000000000000000100001100000
0000000000000000100001000101
0000000000000000100001001101
0000000000000000100000111000
0000000000000000100000100010
0000000000000000100000010001
0000000000000000100000001100
0000000000000000011111111111
0000000000000000100000000101
0000000000000000011111101101
0000000000000000011111001101
0000000000000000011111010011
0000000000000000011110110110
0000000000000000011110111000
0000000000000000011110010100
0000000000000000011110001110
0000000000000000011101111000
0000000000000000011101111010
0000000000000000011101101011
0000000000000000011101010100
0000000000000000011101001000
0000000000000000011101000101
0000000000000000011100110111
0000000000000000011100010111
0000000000000000011100100000
0000000000000000011100001101
0000000000000000011011111011
0000000000000000011011101000
0000000000000000011011101001
0000000000000000011011010010
0000000000000000011010110011
0000000000000000011010111101
0000000000000000011010101110
0000000000000000011010100011
0000000000000000011010010011
0000000000000000011010001011
0000000000000000011001110001
0000000000000000011001101001
0000000000000000011001011001
0000000000000000011001000010
0000000000000000011001000000
0000000000000000011000100111
0000000000000000011000100001
0000000000000000011000011011
0000000000000000011000000101
0000000000000000010111110001
0000000000000000010111100000
0000000000000000010111101010
0000000000000000010111001101
0000000000000000010111001001
0000000000000000010110101011
0000000000000000010110101000
0000000000000000010110011111
0000000000000000010110100100
0000000000000000010110000101
0000000000000000010101101111
0000000000000000010101100101
0000000000000000010101010011
0000000000000000010101000011
0000000000000000010101000100
0000000000000000010100011100
0000000000000000010100101010
0000000000000000010100100111
0000000000000000010100000111
0000000000000000010100000111
0000000000000000010011100101
0000000000000000010011010100
0000000000000000010011010011
0000000000000000010011001001
0000000000000000010010110100
0000000000000000010010010101
0000000000000000010010011010
0000000000000000010010010101
0000000000000000010001111011
0000000000000000010001101000
0000000000000000010001100111
0000000000000000010001101011
0000000000000000010001001010
0000000000000000010000111110
0000000000000000010000110011
0000000000000000010000100000
0000000000000000010000010101
0000000000000000010000000100
0000000000000000010000000110
0000000000000000001111110111
0000000000000000001111100101
0000000000000000001111101000
0000000000000000001111001101
0000000000000000001110111101
0000000000000000001110110000
0000000000000000001110100010
0000000000000000001110010110
0000000000000000001110001100
0000000000000000001110000010
0000000000000000001101100010
0000000000000000001101100001
0000000000000000001101010110
0000000000000000001100110010
0000000000000000001100110101
0000000000000000001100101011
0000000000000000001100011011
0000000000000000001100010100
0000000000000000001100000001
0000000000000000001011110110
0000000000000000001011101011
0000000000000000001011100001
0000000000000000001011000000
0000000000000000001010111101
0000000000000000001010110011
0000000000000000001010111100
0000000000000000001010100011
0000000000000000001010001110
0000000000000000001010000111
0000000000000000001001101011
0000000000000000001001101000
0000000000000000001001011111
0000000000000000001001000010
0000000000000000001000111101
0000000000000000001000110111
0000000000000000001000101111
0000000000000000001000100010
0000000000000000000111111111
0000000000000000001000000000
0000000000000000000111111111
0000000000000000000111110101
0000000000000000000111011111
0000000000000000000111000010
0000000000000000000110110010
0000000000000000000110110000
0000000000000000000110100010
0000000000000000000110000111
0000000000000000000110000010
0000000000000000000110000000
0000000000000000000101110100
0000000000000000000101011000
0000000000000000000101010100
0000000000000000000101000000
0000000000000000000100111111
0000000000000000000100110101
0000000000000000000100011010
0000000000000000000100001110
0000000000000000000011111001
0000000000000000000011110100
0000000000000000000011101110
0000000000000000000011011100
0000000000000000000011001111
0000000000000000000011001001
0000000000000000000010111100
0000000000000000000010100001
0000000000000000000010011011
0000000000000000000010001000
0000000000000000000010001001
0000000000000000000001110110
0000000000000000000001101111
0000000000000000000001100001
0000000000000000000001001011
0000000000000000000001000010
0000000000000000000000100110
0000000000000000000000101100
0000000000000000000000011100
0000000000000000000000100111
0000000000000000000000000000
1111111111111111111111011001
1111111111111111111111100100
1111111111111111111111010100
1111111111111111111111011010
1111111111111111111110111110
1111111111111111111110110101
1111111111111111111110011111
1111111111111111111110010001
1111111111111111111110001010
1111111111111111111101110111
1111111111111111111101111000
1111111111111111111101100101
1111111111111111111101011111
1111111111111111111101000100
1111111111111111111100110111
1111111111111111111100110001
1111111111111111111100100100
1111111111111111111100010010
1111111111111111111100001100
1111111111111111111100000111
1111111111111111111011110010
1111111111111111111011100110
1111111111111111111011001011
1111111111111111111011000001
1111111111111111111011000000
1111111111111111111010101100
1111111111111111111010101000
1111111111111111111010001100
1111111111111111111010000000
1111111111111111111001111110
1111111111111111111001111001
1111111111111111111001011110
1111111111111111111001010000
1111111111111111111001001110
1111111111111111111000111110
1111111111111111111000100001
1111111111111111111000001011
1111111111111111111000000001
1111111111111111111000000000
1111111111111111111000000001
1111111111111111110111011110
1111111111111111110111010001
1111111111111111110111001001
1111111111111111110111000011
1111111111111111110110111110
1111111111111111110110100001
1111111111111111110110011000
1111111111111111110110010101
1111111111111111110101111001
1111111111111111110101110010
1111111111111111110101011101
1111111111111111110101000100
1111111111111111110101001101
1111111111111111110101000011
1111111111111111110101000000
1111111111111111110100011111
1111111111111111110100010101
1111111111111111110100001010
1111111111111111110011111111
1111111111111111110011101100
1111111111111111110011100101
1111111111111111110011010101
1111111111111111110011001011
1111111111111111110011001110
1111111111111111110010101010
1111111111111111110010011111
1111111111111111110010011110
1111111111111111110001111110
1111111111111111110001110100
1111111111111111110001101010
1111111111111111110001011110
1111111111111111110001010000
1111111111111111110001000011
1111111111111111110000110011
1111111111111111110000011000
1111111111111111110000011011
1111111111111111110000001001
1111111111111111101111111010
1111111111111111101111111100
1111111111111111101111101011
1111111111111111101111100000
1111111111111111101111001101
1111111111111111101111000010
1111111111111111101110110110
1111111111111111101110010101
1111111111111111101110011001
1111111111111111101110011000
1111111111111111101110000101
1111111111111111101101101011
1111111111111111101101100110
1111111111111111101101101011
1111111111111111101101001100
1111111111111111101100110111
1111111111111111101100101101
1111111111111111101100101100
1111111111111111101100011011
1111111111111111101011111001
1111111111111111101011111001
1111111111111111101011011001
1111111111111111101011010110
1111111111111111101011100100
1111111111111111101010111100
1111111111111111101010111101
1111111111111111101010101101
1111111111111111101010011011
1111111111111111101010010001
1111111111111111101001111011
1111111111111111101001011100
1111111111111111101001100001
1111111111111111101001011000
1111111111111111101001010101
1111111111111111101000110111
1111111111111111101000110011
1111111111111111101000010110
1111111111111111101000100000
1111111111111111101000001111
1111111111111111100111111011
1111111111111111100111100101
1111111111111111100111011111
1111111111111111100111011001
1111111111111111100111000000
1111111111111111100110111110
1111111111111111100110100111
1111111111111111100110010111
1111111111111111100110001111
1111111111111111100101110101
1111111111111111100101101101
1111111111111111100101011101
1111111111111111100101010010
1111111111111111100101000011
1111111111111111100101001101
1111111111111111100100101110
1111111111111111100100010111
1111111111111111100100011000
1111111111111111100100000101
1111111111111111100011110011
1111111111111111100011100000
1111111111111111100011101001
1111111111111111100011001001
1111111111111111100010111011
1111111111111111100010111000
1111111111111111100010101100
1111111111111111100010010101
1111111111111111100010000110
1111111111111111100010001000
1111111111111111100001110010
1111111111111111100001101100
1111111111111111100001001000
1111111111111111100001001010
1111111111111111100000101101
1111111111111111100000110011
1111111111111111100000010011
1111111111111111011111111011
1111111111111111100000000001
1111111111111111011111110100
1111111111111111011111101111
1111111111111111011111011110
1111111111111111011111001000
1111111111111111011110110011
1111111111111111011110111011
1111111111111111011110100000
1111111111111111011110000001
1111111111111111011110000101
1111111111111111011101111010
1111111111111111011101100110
1111111111111111011101010001
1111111111111111011100111010
1111111111111111011100111000
1111111111111111011100101110
1111111111111111011100100000
1111111111111111011100010100
1111111111111111011011111010
1111111111111111011011111000
1111111111111111011011101111
1111111111111111011011011011
1111111111111111011011010011
1111111111111111011011000010
1111111111111111011010100001
1111111111111111011010010011
1111111111111111011010010101
1111111111111111011010001110
1111111111111111011001111010
1111111111111111011001101100
1111111111111111011001001001
1111111111111111011000111111
1111111111111111011001000000
1111111111111111011000111001
1111111111111111011000101000
1111111111111111011000000001
1111111111111111011000000010
1111111111111111010111111000
1111111111111111010111110001
1111111111111111010111001010
1111111111111111010111000010
1111111111111111010111001011
1111111111111111010110100100
1111111111111111010110011111
1111111111111111010110011001
1111111111111111010110000111
1111111111111111010101101110
1111111111111111010101101000
1111111111111111010101010001
1111111111111111010101001101
1111111111111111010100110111
1111111111111111010100110011
1111111111111111010100011000
1111111111111111010100010010
1111111111111111010100000110
1111111111111111010011111000
1111111111111111010011100111
1111111111111111010011011110
1111111111111111010011001001
1111111111111111010010111101
1111111111111111010010100000
1111111111111111010010100000
1111111111111111010010010110
1111111111111111010010001000
1111111111111111010001111011
1111111111111111010001111000
1111111111111111010001100001
1111111111111111010000110100
1111111111111111010000110110
1111111111111111010000101010
1111111111111111010000100011
1111111111111111010000010000
1111111111111111010000000011
1111111111111111001111100001
1111111111111111001111011001
1111111111111111001111001011
1111111111111111001111010011
1111111111111111001111000001
1111111111111111001110011100
1111111111111111001110101101
1111111111111111001101111010
1111111111111111001101111101
1111111111111111001101010001
1111111111111111001101011101
1111111111111111001101001011
1111111111111111001100110011
1111111111111111001100101100
1111111111111111001100010110
1111111111111111001011111101
1111111111111111001100000011
1111111111111111001011111101
1111111111111111001011010001
1111111111111111001011011001
1111111111111111001011000100
1111111111111111001010111100
1111111111111111001010110000
1111111111111111001010010101
1111111111111111001010001111
1111111111111111001001111001
1111111111111111001001101101
1111111111111111001001100011
1111111111111111001001000100
1111111111111111001000111111
1111111111111111001000101011
1111111111111111001000100001
1111111111111111001000010100
1111111111111111001000000110
1111111111111111000111111111
1111111111111111000111000110
1111111111111111000111001001
1111111111111111000110111110
1111111111111111000110110110
1111111111111111000110101011
1111111111111111000110010101
1111111111111111000110000010
1111111111111111000110001001
1111111111111111000101100111
1111111111111111000101010011
1111111111111111000101000111
1111111111111111000100101011
1111111111111111000100100010
1111111111111111000100011100
1111111111111111000011111001
1111111111111111000011110101
1111111111111111000011100110
1111111111111111000011101000
1111111111111111000010111110
1111111111111111000010111101
1111111111111111000010100100
1111111111111111000010100001
1111111111111111000010000100
1111111111111111000001110111
1111111111111111000001101111
1111111111111111000001010110
1111111111111111000000111100
1111111111111111000001000000
1111111111111111000000100011
1111111111111111000000011001
1111111111111111000000000110
1111111111111110111111101011
1111111111111110111111011001
1111111111111110111111100010
1111111111111110111111000010
1111111111111110111110111110
1111111111111110111110101000
1111111111111110111110010101
1111111111111110111110000011
1111111111111110111101111001
1111111111111110111101101010
1111111111111110111101001010
1111111111111110111101001110
1111111111111110111100100100
1111111111111110111100101001
1111111111111110111100011101
1111111111111110111100000010
1111111111111110111011110111
1111111111111110111011100000
1111111111111110111011010001
1111111111111110111010110110
1111111111111110111010110011
1111111111111110111010101110
1111111111111110111010011000
1111111111111110111001111100
1111111111111110111001101101
1111111111111110111001011110
1111111111111110111001001001
1111111111111110111000110111
1111111111111110111000110000
1111111111111110111000011000
1111111111111110111000010111
1111111111111110110111110010
1111111111111110110111100010
1111111111111110110111101110
1111111111111110110111011110
1111111111111110110110110011
1111111111111110110110100111
1111111111111110110110100010
1111111111111110110101111000
1111111111111110110101100111
1111111111111110110101011011
1111111111111110110101010101
1111111111111110110100110011
1111111111111110110100101001
1111111111111110110100010001
1111111111111110110100000011
1111111111111110110011111101
1111111111111110110011010101
1111111111111110110011001110
1111111111111110110010110011
1111111111111110110010100010
1111111111111110110010011001
1111111111111110110010010010
1111111111111110110010000011
1111111111111110110001100011
1111111111111110110001010000
1111111111111110110001000100
1111111111111110110000111011
1111111111111110110000010111
1111111111111110110000001100
1111111111111110101111110101
1111111111111110101111110111
1111111111111110101111011101
1111111111111110101111010010
1111111111111110101111000100
1111111111111110101110101111
1111111111111110101110011101
1111111111111110101110001101
1111111111111110101101100110
1111111111111110101101010001
1111111111111110101100111100
1111111111111110101100111101
1111111111111110101100101100
1111111111111110101100100000
1111111111111110101100000111
1111111111111110101011110101
1111111111111110101011100101
1111111111111110101011001001
1111111111111110101010111010
1111111111111110101010101010
1111111111111110101010010010
1111111111111110101001111110
1111111111111110101001011110
1111111111111110101001011101
1111111111111110101001011011
1111111111111110101000110011
1111111111111110101000101101
1111111111111110101000010010
1111111111111110101000001011
1111111111111110100111110011
1111111111111110100111010001
1111111111111110100110110111
1111111111111110100110101110
1111111111111110100110010001
1111111111111110100110011000
1111111111111110100110000111
1111111111111110100101111000
1111111111111110100101000110
1111111111111110100101001010
1111111111111110100100110011
1111111111111110100100010000
1111111111111110100100001110
1111111111111110100011110101
1111111111111110100011101100
1111111111111110100011000110
1111111111111110100010101111
1111111111111110100010101111
1111111111111110100010001001
1111111111111110100010000101
1111111111111110100001101100
1111111111111110100001010101
1111111111111110100001010010
1111111111111110100001000000
1111111111111110100000110111
1111111111111110100000000110
1111111111111110011111110100
1111111111111110011111101011
1111111111111110011111000110
1111111111111110011111000001
1111111111111110011110100111
1111111111111110011110010011
1111111111111110011110000110
1111111111111110011101100100
1111111111111110011101010001
1111111111111110011101000111
1111111111111110011100101001
1111111111111110011100001110
1111111111111110011100000011
1111111111111110011011101110
1111111111111110011011011011
1111111111111110011011000001
1111111111111110011010110100
1111111111111110011010011100
1111111111111110011010000000
1111111111111110011001101100
1111111111111110011001100101
1111111111111110011001000110
1111111111111110011000111010
1111111111111110011000100100
1111111111111110011000010111
1111111111111110011000000100
1111111111111110010111100101
1111111111111110010111010010
1111111111111110010110111001
1111111111111110010110100101
1111111111111110010110011111
1111111111111110010101110010
1111111111111110010101101100
1111111111111110010101001001
1111111111111110010100101111
1111111111111110010100100000
1111111111111110010100000001
1111111111111110010011110100
1111111111111110010011001111
1111111111111110010011000101
1111111111111110010010101101
1111111111111110010010100010
1111111111111110010010011010
1111111111111110010001101100
1111111111111110010001011100
1111111111111110010001010101
1111111111111110010000110111
1111111111111110010000101101
1111111111111110010000010001
1111111111111110001111100011
1111111111111110001111011011
1111111111111110001111001001
1111111111111110001110111111
1111111111111110001110011010
1111111111111110001110001100
1111111111111110001101011110
1111111111111110001101001110
1111111111111110001100110001
1111111111111110001100011111
1111111111111110001011110111
1111111111111110001011110110
1111111111111110001011011001
1111111111111110001010111001
1111111111111110001010110000
1111111111111110001010101101
1111111111111110001001111111
1111111111111110001001101001
1111111111111110001001011001
1111111111111110001000111010
1111111111111110001000101101
1111111111111110001000011001
1111111111111110000111100011
1111111111111110000111011001
1111111111111110000111000001
1111111111111110000110101110
1111111111111110000110001110
1111111111111110000101110111
1111111111111110000101011010
1111111111111110000101000100
1111111111111110000100111110
1111111111111110000100010001
1111111111111110000100001010
1111111111111110000011100101
1111111111111110000011011010
1111111111111110000010111111
1111111111111110000010011100
1111111111111110000010001110
1111111111111110000001110000
1111111111111110000001011100
1111111111111110000000111001
1111111111111110000000011000
1111111111111110000000010001
1111111111111101111111110110
1111111111111101111111011110
1111111111111101111111000101
1111111111111101111110001011
1111111111111101111110000110
1111111111111101111101101100
1111111111111101111101100010
1111111111111101111100111000
1111111111111101111100011101
1111111111111101111100001010
1111111111111101111011101100
1111111111111101111011010010
1111111111111101111010110110
1111111111111101111010101011
1111111111111101111001111001
1111111111111101111001110101
1111111111111101111001010010
1111111111111101111000101111
1111111111111101111000100100
1111111111111101111000001000
1111111111111101110111110100
1111111111111101110111001001
1111111111111101110110110000
1111111111111101110110010100
1111111111111101110101110110
1111111111111101110101101101
1111111111111101110101001111
1111111111111101110100110100
1111111111111101110100001111
1111111111111101110011111111
1111111111111101110011010101
1111111111111101110010101100
1111111111111101110010010101
1111111111111101110010010101
1111111111111101110001100010
1111111111111101110000110110
1111111111111101110000110111
1111111111111101110000010001
1111111111111101110000001100
1111111111111101101111100000
1111111111111101101110111101
1111111111111101101110101011
1111111111111101101110001011
1111111111111101101101101010
1111111111111101101101001011
1111111111111101101100111110
1111111111111101101100011111
1111111111111101101011110011
1111111111111101101011100101
1111111111111101101010111101
1111111111111101101010110110
1111111111111101101001111011
1111111111111101101001011000
1111111111111101101001000100
1111111111111101101000101010
1111111111111101101000000000
1111111111111101100111110001
1111111111111101100111010010
1111111111111101100110110011
1111111111111101100101110100
1111111111111101100101111101
1111111111111101100101000011
1111111111111101100101000011
1111111111111101100100011111
1111111111111101100011110011
1111111111111101100011011101
1111111111111101100010101101
1111111111111101100010011011
1111111111111101100010001010
1111111111111101100001011101
1111111111111101100000110101
1111111111111101100000100100
1111111111111101011111110010
1111111111111101011111011110
1111111111111101011111000101
1111111111111101011110001100
1111111111111101011101110001
1111111111111101011101101101
1111111111111101011100110010
1111111111111101011100010100
1111111111111101011100001010
1111111111111101011011000110
1111111111111101011010100001
1111111111111101011010010011
1111111111111101011001111110
1111111111111101011000111011
1111111111111101011000101010
1111111111111101011000000110
1111111111111101010111101001
1111111111111101010111001000
1111111111111101010110101111
1111111111111101010110000000
1111111111111101010101011110
1111111111111101010100101010
1111111111111101010100011010
1111111111111101010100001010
1111111111111101010011011001
1111111111111101010010110101
1111111111111101010010010000
1111111111111101010001101100
1111111111111101010001010000
1111111111111101010000011001
1111111111111101001111111011
1111111111111101001111010100
1111111111111101001110110010
1111111111111101001110010001
1111111111111101001101110011
1111111111111101001100111111
1111111111111101001100101110
1111111111111101001011111111
1111111111111101001011100111
1111111111111101001010101111
1111111111111101001010001110
1111111111111101001001111011
1111111111111101001001000010
1111111111111101001000010101
1111111111111101000111111100
1111111111111101000111100000
1111111111111101000110110000
1111111111111101000110010100
1111111111111101000101011010
1111111111111101000100100010
1111111111111101000100011110
1111111111111101000011110101
1111111111111101000011001011
1111111111111101000010010100
1111111111111101000001110100
1111111111111101000001000111
1111111111111101000000011001
1111111111111100111111110101
1111111111111100111111011000
1111111111111100111110110001
1111111111111100111101111100
1111111111111100111101011000
1111111111111100111100110101
1111111111111100111011111101
1111111111111100111011010100
1111111111111100111010101010
1111111111111100111010000111
1111111111111100111001100011
1111111111111100111000111001
1111111111111100111000011110
1111111111111100110111100001
1111111111111100110110111101
1111111111111100110110000100
1111111111111100110101001010
1111111111111100110100110001
1111111111111100110011111010
1111111111111100110011010110
1111111111111100110010110101
1111111111111100110001111101
1111111111111100110001000111
1111111111111100110000110010
1111111111111100110000000100
1111111111111100101111001000
1111111111111100101110011011
1111111111111100101101110111
1111111111111100101100110101
1111111111111100101100011101
1111111111111100101011111111
1111111111111100101010111110
1111111111111100101010000100
1111111111111100101001010000
1111111111111100101000100101
1111111111111100101000000001
1111111111111100100111000110
1111111111111100100110001111
1111111111111100100101101111
1111111111111100100100110101
1111111111111100100100010001
1111111111111100100011011001
1111111111111100100010110011
1111111111111100100001101010
1111111111111100100000110100
1111111111111100100000001111
1111111111111100011111000110
1111111111111100011110100101
1111111111111100011110000010
1111111111111100011101001010
1111111111111100011100010101
1111111111111100011011100000
1111111111111100011010111101
1111111111111100011001111101
1111111111111100011001001010
1111111111111100011000011111
1111111111111100010111100101
1111111111111100010110011011
1111111111111100010101110011
1111111111111100010100111101
1111111111111100010100001010
1111111111111100010011010110
1111111111111100010010001011
1111111111111100010001101111
1111111111111100010000110010
1111111111111100001111110100
1111111111111100001110111001
1111111111111100001101111000
1111111111111100001101010001
1111111111111100001100011000
1111111111111100001011011000
1111111111111100001010001001
1111111111111100001001110111
1111111111111100001000101010
1111111111111100000111111111
1111111111111100000110110110
1111111111111100000101101011
1111111111111100000101000001
1111111111111100000011111011
1111111111111100000011000000
1111111111111100000010011110
1111111111111100000001010100
1111111111111100000000000100
1111111111111011111111010010
1111111111111011111110010100
1111111111111011111101101010
1111111111111011111100010010
1111111111111011111011001001
1111111111111011111010011001
1111111111111011111001011100
1111111111111011111000010010
1111111111111011110111010110
1111111111111011110110001111
1111111111111011110101001100
1111111111111011110100010000
1111111111111011110011000101
1111111111111011110010001001
1111111111111011110001000110
1111111111111011110000000000
1111111111111011101110100111
1111111111111011101101111011
1111111111111011101100111011
1111111111111011101011111000
1111111111111011101010110110
1111111111111011101001011000
1111111111111011101000110100
1111111111111011100111011101
1111111111111011100110001010
1111111111111011100101011101
1111111111111011100100001011
1111111111111011100010110100
1111111111111011100001101111
1111111111111011100000011000
1111111111111011011111100011
1111111111111011011110001111
1111111111111011011101000111
1111111111111011011011111000
1111111111111011011010110010
1111111111111011011001101000
1111111111111011011000010000
1111111111111011010111000101
1111111111111011010101101011
1111111111111011010100011001
1111111111111011010011010011
1111111111111011010001110100
1111111111111011010000101011
1111111111111011001111110000
1111111111111011001110001110
1111111111111011001101000111
1111111111111011001011110001
1111111111111011001010011110
1111111111111011001001001000
1111111111111011000111111000
1111111111111011000110011010
1111111111111011000100111010
1111111111111011000011101011
1111111111111011000010001100
1111111111111011000001001111
1111111111111010111111001100
1111111111111010111110001100
1111111111111010111100100011
1111111111111010111011011001
1111111111111010111001101010
1111111111111010111000100001
1111111111111010110111000010
1111111111111010110101010001
1111111111111010110100000010
1111111111111010110010011000
1111111111111010110001000001
1111111111111010101111100010
1111111111111010101110000101
1111111111111010101100011011
1111111111111010101010111100
1111111111111010101001100001
1111111111111010100111101100
1111111111111010100110010000
1111111111111010100100101110
1111111111111010100010110011
1111111111111010100001100011
1111111111111010011111110000
1111111111111010011101111100
1111111111111010011100010011
1111111111111010011010110001
1111111111111010011001001000
1111111111111010010111010101
1111111111111010010101100110
1111111111111010010011111110
1111111111111010010010000011
1111111111111010010000100000
1111111111111010001110100111
1111111111111010001100111101
1111111111111010001010111111
1111111111111010001001001110
1111111111111010000111011000
1111111111111010000101011010
1111111111111010000011010110
1111111111111010000001110010
1111111111111001111111110101
1111111111111001111110000101
1111111111111001111011111000
1111111111111001111001111100
1111111111111001110111111001
1111111111111001110110001110
1111111111111001110100010100
1111111111111001110001101101
1111111111111001101111110000
1111111111111001101101110101
1111111111111001101011111011
1111111111111001101001110001
1111111111111001100111010101
1111111111111001100101110010
1111111111111001100011010101
1111111111111001100000111101
1111111111111001011110100110
1111111111111001011100110000
1111111111111001011010010110
1111111111111001011000001011
1111111111111001010101110010
1111111111111001010011010110
1111111111111001010001001101
1111111111111001001110101000
1111111111111001001100010110
1111111111111001001001111010
1111111111111001000111101000
1111111111111001000100111011
1111111111111001000010100100
1111111111111001000000000010
1111111111111000111101011101
1111111111111000111010110111
1111111111111000111000010101
1111111111111000110101011010
1111111111111000110011000010
1111111111111000101111011111
1111111111111000101101011000
1111111111111000101010110011
1111111111111000100111111100
1111111111111000100101000111
1111111111111000100010010100
1111111111111000011111001100
1111111111111000011100100111
1111111111111000011001011111
1111111111111000010110110000
1111111111111000010011100101
1111111111111000010000011111
1111111111111000001101100101
1111111111111000001010100011
1111111111111000000111010101
1111111111111000000100011001
1111111111111000000001000100
1111111111110111111101101011
1111111111110111111010001111
1111111111110111110111000010
1111111111110111110011101010
1111111111110111110000000111
1111111111110111101100100001
1111111111110111101001001101
1111111111110111100101101011
1111111111110111100001111010
1111111111110111011110000010
1111111111110111011010101001
1111111111110111010110000111
1111111111110111010011010010
1111111111110111001111001001
1111111111110111001011011100
1111111111110111000111011011
1111111111110111000011101001
1111111111110110111111011111
1111111111110110111011011010
1111111111110110110111100001
1111111111110110110011000101
1111111111110110101110110100
1111111111110110101010001011
1111111111110110100110000010
1111111111110110100001010100
1111111111110110011100101110
1111111111110110011000010011
1111111111110110010011110111
1111111111110110001110111010
1111111111110110001001111100
1111111111110110000101011001
1111111111110110000000010101
1111111111110101111011010000
1111111111110101110110010110
1111111111110101110001000111
1111111111110101101011100011
1111111111110101100110100000
1111111111110101100000111111
1111111111110101011011011110
1111111111110101010101000110
1111111111110101010000011110
1111111111110101001010100111
1111111111110101000100101001
1111111111110100111110100101
1111111111110100111000101111
1111111111110100110010011000
1111111111110100101011111001
1111111111110100100101100110
1111111111110100011111011001
1111111111110100011000100000
1111111111110100010001110010
1111111111110100001010110111
1111111111110100000100010001
1111111111110011111100111001
1111111111110011110101110000
1111111111110011101110011100
1111111111110011100110101110
1111111111110011011111000000
1111111111110011010111001000
1111111111110011001111010110
1111111111110011000111010001
1111111111110010111111001111
1111111111110010110110010111
1111111111110010101101101011
1111111111110010100100111011
1111111111110010011011110000
1111111111110010010010110000
1111111111110010001001000111
1111111111110010000000001000
1111111111110001110110011000
1111111111110001101100011000
1111111111110001100010000000
1111111111110001010111011101
1111111111110001001100110101
1111111111110001000010000110
1111111111110000110110111101
1111111111110000101011011011
1111111111110000011111101100
1111111111110000010011101100
1111111111110000000111001001
1111111111101111111010101111
1111111111101111101101100010
1111111111101111100000011101
1111111111101111010010111111
1111111111101111000100110110
1111111111101110110110101110
1111111111101110100111110000
1111111111101110011000011000
1111111111101110001001001000
1111111111101101111001001100
1111111111101101101000100110
1111111111101101010111110101
1111111111101101000110001100
1111111111101100110100001000
1111111111101100100010001101
1111111111101100001110101111
1111111111101011111010100111
1111111111101011100110110000
1111111111101011010001100000
1111111111101010111011100101
1111111111101010100101001100
1111111111101010001101100111
1111111111101001110101101011
1111111111101001011100110011
1111111111101001000010110011
1111111111101000100111110101
1111111111101000001011110010
1111111111100111101110111010
1111111111100111010000011100
1111111111100110110000111111
1111111111100110010000000111
1111111111100101101101101110
1111111111100101001010000001
1111111111100100100100101110
1111111111100011111101100101
1111111111100011010100001011
1111111111100010101001010111
1111111111100001111011111010
1111111111100001001100000100
1111111111100000011001100101
1111111111011111100100111100
1111111111011110101100101001
1111111111011101110001010011
1111111111011100110010011100
1111111111011011101100011110
1111111111011010100110001101
1111111111011001011001101111
1111111111011000000111100100
1111111111010110101111010001
1111111111010101001111100011
1111111111010011101000011011
1111111111010001111000101001
1111111111001111111110000110
1111111111001101110111100011
1111111111001011100011101100
1111111111001000111111111011
1111111111000110001001011001
1111111111000010111011101001
1111111110111111010010100011
1111111110111011001000101101
1111111110110110010100101101
1111111110110000101100000010
1111111110101001111110000010
1111111110100001110101001101
1111111110010111101110011100
1111111110001010110100110000
1111111101111001101100100100
1111111101100001110010110001
1111111100111101111100111100
1111111100000001111000111011
1111111010000111101101100100
1111110100000011011101110100
0001111001010110111100011001
0000001001010101110010101011
0000000100101010011010011101
0000000011000000010011011001
0000000010001001100001111010
0000000001100111110000011000
0000000001010000100100000000
0000000000111111011010011100
0000000000110010000000010100
0000000000100111000001111011
0000000000011101101011110011
0000000000010101011100000010
0000000000001101111011010101
0000000000000110110110111000
