0000000000011000110011111000
0000000000011001111000010100
0000000000011100111100010111
0000000000100001110001100010
0000000000101000001111111000
0000000000110000011100100001
0000000000111010101110000010
0000000001000111110010001010
0000000001011000111010100101
0000000001110000011101001100
0000000010010011000101010010
0000000011001011100101111001
0000000100111001011101110111
0000001001110000000101011010
0001111110000100100101010001
0000001100010111000010110001
0000000110000100000011010111
0000000100000101010101011110
0000000011000111000110110100
0000000010100010000000111101
0000000010001001010011101101
0000000001110111101000000011
0000000001101010010100101111
0000000001011111111010101110
0000000001010111100010111101
0000000001010000101001001111
0000000001001010110111000011
0000000001000101111011010011
0000000001000001101010111110
0000000000111101111100100100
0000000000111010101010001101
0000000000110111101111110010
0000000000110101001000100111
0000000000110010110001110011
0000000000110000101000101110
0000000000101110101011111010
0000000000101100111010001011
0000000000101011010001010100
0000000000101001110000000000
0000000000101000010110010100
0000000000100111000010111001
0000000000100101110101010111
0000000000100100101110010011
0000000000100011100110111110
0000000000100010100111010111
0000000000100001101011010000
0000000000100000110010010001
0000000000011111111100111110
0000000000011111001001111100
0000000000011110011001101000
0000000000011101101011101000
0000000000011101000000011000
0000000000011100010110100011
0000000000011011101111000001
0000000000011011001001011010
0000000000011010100101010110
0000000000011010000010101010
0000000000011001100001100010
0000000000011001000001110100
0000000000011000100011001010
0000000000011000000101111111
0000000000010111101001110010
0000000000010111001110100111
0000000000010110110100011110
0000000000010110011011011010
0000000000010110000011011001
0000000000010101101011101100
0000000000010101010101001011
0000000000010100111111001000
0000000000010100101001110100
0000000000010100010101111111
0000000000010100000001011001
0000000000010011101101111101
0000000000010011011011111101
0000000000010011001001110110
0000000000010010111000001010
0000000000010010100111010110
0000000000010010010110101110
0000000000010010000110101111
0000000000010001110111011111
0000000000010001101000000010
0000000000010001011001000110
0000000000010001001010111100
0000000000010000111100101111
0000000000010000101111010101
0000000000010000100010010000
0000000000010000010100111111
0000000000010000001000100101
0000000000001111111100000010
0000000000001111110000000010
0000000000001111100100010110
0000000000001111011000110100
0000000000001111001101101011
0000000000001111000010111111
0000000000001110111000010111
0000000000001110101101110101
0000000000001110100011100001
0000000000001110011001100010
0000000000001110001111110111
0000000000001110000110101000
0000000000001101111101001001
0000000000001101110100001111
0000000000001101101011000101
0000000000001101100010010110
0000000000001101011001101101
0000000000001101010000111001
0000000000001101001000111001
0000000000001101000000110111
0000000000001100111001001010
0000000000001100110001010101
0000000000001100101001101000
0000000000001100100001111111
0000000000001100011010101011
0000000000001100010011101000
0000000000001100001100010101
0000000000001100000101101101
0000000000001011111110111001
0000000000001011111000001100
0000000000001011110001010110
0000000000001011101011001111
0000000000001011100100111111
0000000000001011011110011111
0000000000001011011000010000
0000000000001011010010011101
0000000000001011001100011110
0000000000001011000110100101
0000000000001011000000110010
0000000000001010111100000010
0000000000001010110101111010
0000000000001010110000011010
0000000000001010101011000011
0000000000001010100110000010
0000000000001010100000100010
0000000000001010011011010111
0000000000001010010110011111
0000000000001010010001100001
0000000000001010001100011111
0000000000001010001000000111
0000000000001010000011001000
0000000000001001111110010010
0000000000001001111001111011
0000000000001001110101100100
0000000000001001110001000001
0000000000001001101100010111
0000000000001001101000010100
0000000000001001100011110001
0000000000001001011111100010
0000000000001001011011001111
0000000000001001010111011001
0000000000001001010011011010
0000000000001001001111010101
0000000000001001001011100110
0000000000001001000111101001
0000000000001001000100000001
0000000000001000111111111101
0000000000001000111101001000
0000000000001000111000110001
0000000000001000110101010111
0000000000001000110001101001
0000000000001000101101111111
0000000000001000101010100010
0000000000001000100111010100
0000000000001000100011110010
0000000000001000100000001111
0000000000001000011101000001
0000000000001000011001111010
0000000000001000010110100010
0000000000001000010011010010
0000000000001000010000000011
0000000000001000001101001000
0000000000001000001010000001
0000000000001000000111001000
0000000000001000000100010011
0000000000001000000001001110
0000000000000111111110001010
0000000000000111111011100001
0000000000000111111000100010
0000000000000111110110000001
0000000000000111110010111111
0000000000000111110000010010
0000000000000111101101100010
0000000000000111101010101101
0000000000000111101000010100
0000000000000111100110001111
0000000000000111100010101110
0000000000000111100000011110
0000000000000111011101100110
0000000000000111011011001010
0000000000000111011000100101
0000000000000111010110000111
0000000000000111010011101111
0000000000000111010001011111
0000000000000111001110110110
0000000000000111001100100111
0000000000000111001010010000
0000000000000111001000000111
0000000000000111000101100111
0000000000000111000011100111
0000000000000111000001010011
0000000000000110111110111011
0000000000000110111100111100
0000000000000110111010100010
0000000000000110111000110010
0000000000000110110110011111
0000000000000110110100010001
0000000000000110110001110100
0000000000000110110000010110
0000000000000110101110000011
0000000000000110101100000000
0000000000000110101010001101
0000000000000110101000010110
0000000000000110100110101001
0000000000000110100100000010
0000000000000110100010001100
0000000000000110100000100101
0000000000000110011110101100
0000000000000110011100110001
0000000000000110011010101010
0000000000000110011000111011
0000000000000110010111001100
0000000000000110010101101010
0000000000000110010011110000
0000000000000110010001111100
0000000000000110010000000010
0000000000000110001110011101
0000000000000110001100100100
0000000000000110001011000111
0000000000000110001001001000
0000000000000110000111110001
0000000000000110000101110110
0000000000000110000100011001
0000000000000110000010110010
0000000000000110000001000001
0000000000000101111111100000
0000000000000101111110001001
0000000000000101111100100001
0000000000000101111010111010
0000000000000101111001000110
0000000000000101110111111111
0000000000000101110110010000
0000000000000101110100100111
0000000000000101110011010001
0000000000000101110001101000
0000000000000101110000010110
0000000000000101101110110111
0000000000000101101101011011
0000000000000101101100000001
0000000000000101101010100101
0000000000000101101001010110
0000000000000101100111110110
0000000000000101100110100111
0000000000000101100101000000
0000000000000101100011011101
0000000000000101100010100011
0000000000000101100000111100
0000000000000101011111110101
0000000000000101011110010000
0000000000000101011101010110
0000000000000101011011011111
0000000000000101011010101010
0000000000000101011001010101
0000000000000101011000000011
0000000000000101010110101001
0000000000000101010101011011
0000000000000101010100000100
0000000000000101010011000001
0000000000000101010001101101
0000000000000101010000101000
0000000000000101001111011100
0000000000000101001110000100
0000000000000101001101001101
0000000000000101001100000101
0000000000000101001010110100
0000000000000101001001110101
0000000000000101001000101001
0000000000000101000111001110
0000000000000101000110010010
0000000000000101000100111010
0000000000000101000011101101
0000000000000101000010110101
0000000000000101000001101010
0000000000000101000000110101
0000000000000100111111100001
0000000000000100111110101111
0000000000000100111101100101
0000000000000100111100101011
0000000000000100111011010001
0000000000000100111010001100
0000000000000100111001100000
0000000000000100111000001101
0000000000000100110111001101
0000000000000100110110100011
0000000000000100110101001111
0000000000000100110100010010
0000000000000100110011001111
0000000000000100110010011100
0000000000000100110001101010
0000000000000100110000101011
0000000000000100101111100101
0000000000000100101110100101
0000000000000100101101110010
0000000000000100101100101010
0000000000000100101011111110
0000000000000100101010111100
0000000000000100101001111001
0000000000000100101001001101
0000000000000100101000000111
0000000000000100100111010101
0000000000000100100110100011
0000000000000100100101101000
0000000000000100100100011000
0000000000000100100011101101
0000000000000100100010101101
0000000000000100100010001101
0000000000000100100000111100
0000000000000100100000000100
0000000000000100011111100000
0000000000000100011110101110
0000000000000100011101110000
0000000000000100011101001000
0000000000000100011100000111
0000000000000100011011000110
0000000000000100011010100001
0000000000000100011001011110
0000000000000100011001010110
0000000000000100011000000011
0000000000000100010111001011
0000000000000100010110011101
0000000000000100010101111111
0000000000000100010100111111
0000000000000100010100010010
0000000000000100010011001111
0000000000000100010010010111
0000000000000100010010001100
0000000000000100010001001011
0000000000000100010000001010
0000000000000100001111101000
0000000000000100001110111011
0000000000000100001110010000
0000000000000100001101011111
0000000000000100001100101011
0000000000000100001011111011
0000000000000100001011001101
0000000000000100001010001010
0000000000000100001001111111
0000000000000100001001001010
0000000000000100001000011011
0000000000000100000111110110
0000000000000100000111010000
0000000000000100000110110011
0000000000000100000101111000
0000000000000100000101010110
0000000000000100000100101101
0000000000000100000011011011
0000000000000100000011001001
0000000000000100000010010011
0000000000000100000001111101
0000000000000100000001000110
0000000000000100000000101001
0000000000000011111111101100
0000000000000011111111001001
0000000000000011111110101001
0000000000000011111110001000
0000000000000011111101010101
0000000000000011111100101010
0000000000000011111011110001
0000000000000011111011011101
0000000000000011111011000100
0000000000000011111010010000
0000000000000011111001100101
0000000000000011111001001010
0000000000000011111000001011
0000000000000011110111011101
0000000000000011110111010110
0000000000000011110110101011
0000000000000011110101111100
0000000000000011110101011111
0000000000000011110101000010
0000000000000011110100010000
0000000000000011110011111111
0000000000000011110011011011
0000000000000011110010011000
0000000000000011110010000011
0000000000000011110001010000
0000000000000011110000111010
0000000000000011110000001000
0000000000000011101111110011
0000000000000011101111011000
0000000000000011101110110000
0000000000000011101110010111
0000000000000011101101100010
0000000000000011101101001011
0000000000000011101100100011
0000000000000011101011111111
0000000000000011101011100111
0000000000000011101011001001
0000000000000011101010101101
0000000000000011101010000011
0000000000000011101001011010
0000000000000011101000110100
0000000000000011101000010010
0000000000000011100111101010
0000000000000011100111001110
0000000000000011100111001101
0000000000000011100110100101
0000000000000011100101110001
0000000000000011100101011001
0000000000000011100100111100
0000000000000011100100101000
0000000000000011100100000010
0000000000000011100011100001
0000000000000011100010110111
0000000000000011100010100101
0000000000000011100010000111
0000000000000011100001010110
0000000000000011100001001000
0000000000000011100000011101
0000000000000011100000010010
0000000000000011011111101011
0000000000000011011111010111
0000000000000011011110111011
0000000000000011011110010111
0000000000000011011110000101
0000000000000011011101011110
0000000000000011011100110101
0000000000000011011100011100
0000000000000011011100001010
0000000000000011011011100101
0000000000000011011011001001
0000000000000011011010100101
0000000000000011011010011011
0000000000000011011001111101
0000000000000011011001101101
0000000000000011011001000101
0000000000000011011000100111
0000000000000011011000001000
0000000000000011010111110001
0000000000000011010111001110
0000000000000011010111000110
0000000000000011010110110010
0000000000000011010101111111
0000000000000011010101110000
0000000000000011010101100011
0000000000000011010101010100
0000000000000011010100001100
0000000000000011010100001000
0000000000000011010011101000
0000000000000011010010111010
0000000000000011010011001011
0000000000000011010010101100
0000000000000011010010000110
0000000000000011010001111001
0000000000000011010001010101
0000000000000011010000101101
0000000000000011010000100100
0000000000000011010000001110
0000000000000011001111011111
0000000000000011001111010001
0000000000000011001111001001
0000000000000011001110100001
0000000000000011001110010110
0000000000000011001101111111
0000000000000011001101010111
0000000000000011001101010110
0000000000000011001100101000
0000000000000011001100110100
0000000000000011001011111110
0000000000000011001011101110
0000000000000011001011001110
0000000000000011001011000110
0000000000000011001010101101
0000000000000011001010010110
0000000000000011001010000011
0000000000000011001001100011
0000000000000011001000111010
0000000000000011001000111001
0000000000000011001000011010
0000000000000011001000010010
0000000000000011000111110010
0000000000000011000111011001
0000000000000011000111001110
0000000000000011000110110101
0000000000000011000110101000
0000000000000011000110001000
0000000000000011000101110001
0000000000000011000101100011
0000000000000011000101000011
0000000000000011000100110100
0000000000000011000100100111
0000000000000011000100011101
0000000000000011000011110110
0000000000000011000011010001
0000000000000011000011011000
0000000000000011000011010100
0000000000000011000010100110
0000000000000011000010010001
0000000000000011000010000011
0000000000000011000001101000
0000000000000011000001010100
0000000000000011000000110010
0000000000000011000000110100
0000000000000011000000100111
0000000000000011000000000010
0000000000000010111111111001
0000000000000010111111011010
0000000000000010111111001111
0000000000000010111110111010
0000000000000010111110101110
0000000000000010111110010000
0000000000000010111101111110
0000000000000010111101110101
0000000000000010111101011010
0000000000000010111101011100
0000000000000010111101001101
0000000000000010111100110101
0000000000000010111100011101
0000000000000010111011111100
0000000000000010111011110110
0000000000000010111011100001
0000000000000010111011010100
0000000000000010111011000001
0000000000000010111010110011
0000000000000010111010001110
0000000000000010111001111001
0000000000000010111001101110
0000000000000010111001011001
0000000000000010111001001011
0000000000000010111000111111
0000000000000010111000101000
0000000000000010111000100001
0000000000000010111000000100
0000000000000010110111111011
0000000000000010110111100100
0000000000000010110111001001
0000000000000010110110110101
0000000000000010110110110101
0000000000000010110110110110
0000000000000010110110010011
0000000000000010110110010001
0000000000000010110101111000
0000000000000010110101100011
0000000000000010110101100010
0000000000000010110100110111
0000000000000010110100110111
0000000000000010110100110101
0000000000000010110100011101
0000000000000010110011111001
0000000000000010110011101000
0000000000000010110011100010
0000000000000010110011011010
0000000000000010110011001110
0000000000000010110010101111
0000000000000010110010011000
0000000000000010110010010110
0000000000000010110001111011
0000000000000010110010000001
0000000000000010110001100010
0000000000000010110001100111
0000000000000010110001001010
0000000000000010110000111101
0000000000000010110000100010
0000000000000010110000011011
0000000000000010110000000001
0000000000000010101111111110
0000000000000010101111010110
0000000000000010101111001111
0000000000000010101111001001
0000000000000010101111000101
0000000000000010101110101010
0000000000000010101110011000
0000000000000010101110011111
0000000000000010101110001100
0000000000000010101101110100
0000000000000010101101101010
0000000000000010101101011111
0000000000000010101101010000
0000000000000010101101000101
0000000000000010101100111101
0000000000000010101100011110
0000000000000010101100011011
0000000000000010101100000010
0000000000000010101100000101
0000000000000010101011110010
0000000000000010101011011011
0000000000000010101011010111
0000000000000010101011001001
0000000000000010101010110100
0000000000000010101010101000
0000000000000010101010011111
0000000000000010101010010111
0000000000000010101010000011
0000000000000010101001101100
0000000000000010101001110000
0000000000000010101001011110
0000000000000010101001001101
0000000000000010101001000000
0000000000000010101000110110
0000000000000010101000100011
0000000000000010101000100110
0000000000000010101000010101
0000000000000010101000000101
0000000000000010100111110111
0000000000000010100111100010
0000000000000010100111100011
0000000000000010100111010000
0000000000000010100111010100
0000000000000010100110111101
0000000000000010100110100101
0000000000000010100110101101
0000000000000010100110001111
0000000000000010100101111111
0000000000000010100101100111
0000000000000010100101101101
0000000000000010100101011101
0000000000000010100101011110
0000000000000010100101000111
0000000000000010100100111001
0000000000000010100100111110
0000000000000010100100011001
0000000000000010100100010001
0000000000000010100100001011
0000000000000010100100010000
0000000000000010100100001000
0000000000000010100011101001
0000000000000010100011100111
0000000000000010100011001101
0000000000000010100011100011
0000000000000010100011000000
0000000000000010100010111100
0000000000000010100010110101
0000000000000010100010100000
0000000000000010100010100101
0000000000000010100010010000
0000000000000010100001111110
0000000000000010100001101111
0000000000000010100001100100
0000000000000010100001010110
0000000000000010100001011010
0000000000000010100001010110
0000000000000010100001000111
0000000000000010100000101001
0000000000000010100000110100
0000000000000010100000100100
0000000000000010100000001001
0000000000000010100000000100
0000000000000010100000000100
0000000000000010011111111111
0000000000000010011111101101
0000000000000010011111100010
0000000000000010011111100000
0000000000000010011111001101
0000000000000010011110111110
0000000000000010011111000110
0000000000000010011110100110
0000000000000010011110100011
0000000000000010011110010111
0000000000000010011110010001
0000000000000010011110001000
0000000000000010011101111101
0000000000000010011101101010
0000000000000010011101100001
0000000000000010011101011010
0000000000000010011101101110
0000000000000010011101010011
0000000000000010011100110101
0000000000000010011100111011
0000000000000010011100110100
0000000000000010011100011101
0000000000000010011100010011
0000000000000010011100010110
0000000000000010011100001010
0000000000000010011100000101
0000000000000010011100000000
0000000000000010011011110000
0000000000000010011011100010
0000000000000010011011010101
0000000000000010011011010101
0000000000000010011011001011
0000000000000010011010111110
0000000000000010011010101101
0000000000000010011010100110
0000000000000010011010100110
0000000000000010011010101101
0000000000000010011010010000
0000000000000010011010010110
0000000000000010011010001101
0000000000000010011010000000
0000000000000010011001110101
0000000000000010011001011111
0000000000000010011001100101
0000000000000010011001100000
0000000000000010011001010100
0000000000000010011001010110
0000000000000010011001000111
0000000000000010011000101110
0000000000000010011000110110
0000000000000010011000101000
0000000000000010011000010101
0000000000000010011000001110
0000000000000010011000001111
0000000000000010011000001100
0000000000000010010111111100
0000000000000010010111111101
0000000000000010010111110011
0000000000000010010111100000
0000000000000010010111011010
0000000000000010010111011101
0000000000000010010111010110
0000000000000010010111000111
0000000000000010010110101011
0000000000000010010110110010
0000000000000010010110110111
0000000000000010010110101110
0000000000000010010110011101
0000000000000010010110101100
0000000000000010010110010111
0000000000000010010110001100
0000000000000010010110000000
0000000000000010010110001110
0000000000000010010101111011
0000000000000010010101101111
0000000000000010010101100101
0000000000000010010101011101
0000000000000010010101001101
0000000000000010010101001011
0000000000000010010101001011
0000000000000010010100111101
0000000000000010010100101000
0000000000000010010100110011
0000000000000010010100101010
0000000000000010010100110111
0000000000000010010100101001
0000000000000010010100010111
0000000000000010010100010001
0000000000000010010100010010
0000000000000010010011101111
0000000000000010010011111110
0000000000000010010011111000
0000000000000010010011101101
0000000000000010010011100110
0000000000000010010011100010
0000000000000010010011011100
0000000000000010010011010111
0000000000000010010011000110
0000000000000010010011000110
0000000000000010010011001000
0000000000000010010010111111
0000000000000010010010010110
0000000000000010010010100110
0000000000000010010010010111
0000000000000010010010011010
0000000000000010010010001110
0000000000000010010010001011
0000000000000010010010001101
0000000000000010010010001111
0000000000000010010001111010
0000000000000010010001100010
0000000000000010010001101111
0000000000000010010001100010
0000000000000010010001011011
0000000000000010010001101001
0000000000000010010001011011
0000000000000010010001011110
0000000000000010010000111100
0000000000000010010001001011
0000000000000010010000111010
0000000000000010010000101111
0000000000000010010000110101
0000000000000010010000101110
0000000000000010010000110100
0000000000000010010000011100
0000000000000010010000011110
0000000000000010010000001001
0000000000000010010000010101
0000000000000010010000010100
0000000000000010010000000010
0000000000000010010000000010
0000000000000010001111111011
0000000000000010010000000000
0000000000000010001111111000
0000000000000010001111011111
0000000000000010001111010100
0000000000000010001111110110
0000000000000010001111100001
0000000000000010001111001010
0000000000000010001111010010
0000000000000010001111000110
0000000000000010001111000101
0000000000000010001111010001
0000000000000010001111001000
0000000000000010001110111111
0000000000000010001110100101
0000000000000010001110110110
0000000000000010001110100000
0000000000000010001110011100
0000000000000010001110011001
0000000000000010001110010100
0000000000000010001110011101
0000000000000010001110010010
0000000000000010001101111101
0000000000000010001110001010
0000000000000010001101111110
0000000000000010001101111000
0000000000000010001101111010
0000000000000010001101110000
0000000000000010001101100011
0000000000000010001101101111
0000000000000010001101011001
0000000000000010001101100001
0000000000000010001101010001
0000000000000010001101001110
0000000000000010001101001100
0000000000000010001101000000
0000000000000010001100110001
0000000000000010001100110110
0000000000000010001100110110
0000000000000010001100111101
0000000000000010001100110001
0000000000000010001100110000
0000000000000010001100100101
0000000000000010001100011110
0000000000000010001100011101
0000000000000010001100010000
0000000000000010001100010111
0000000000000010001100010110
0000000000000010001100000111
0000000000000010001100001111
0000000000000010001011110100
0000000000000010001100010010
0000000000000010001011111110
0000000000000010001011111001
0000000000000010001011101010
0000000000000010001011110000
0000000000000010001011111010
0000000000000010001011100011
0000000000000010001011101011
0000000000000010001011100101
0000000000000010001011101000
0000000000000010001011011011
0000000000000010001011011100
0000000000000010001011001101
0000000000000010001010111111
0000000000000010001011010010
0000000000000010001011001011
0000000000000010001011001110
0000000000000010001010110110
0000000000000010001010111111
0000000000000010001010111001
0000000000000010001010100011
0000000000000010001010101100
0000000000000010001010011011
0000000000000010001010101101
0000000000000010001010011010
0000000000000010001010100010
0000000000000010001010001001
0000000000000010001010100010
0000000000000010001010010101
0000000000000010001010001111
0000000000000010001010010010
0000000000000010001010011011
0000000000000010001001110100
0000000000000010001001110100
0000000000000010001001111000
0000000000000010001001110001
0000000000000010001001110000
0000000000000010001001101110
0000000000000010001001111011
0000000000000010001001101011
0000000000000010001001101010
0000000000000010001001110110
0000000000000010001001011100
0000000000000010001001100000
0000000000000010001001011010
0000000000000010001001011011
0000000000000010001001001011
0000000000000010001001010110
0000000000000010001001000110
0000000000000010001001000100
0000000000000010001001010100
0000000000000010001001001000
0000000000000010001001001001
0000000000000010001000111111
0000000000000010001000101110
0000000000000010001000111111
0000000000000010001000111101
0000000000000010001000110101
0000000000000010001000111111
0000000000000010001000111010
0000000000000010001000110100
0000000000000010001000100000
0000000000000010001000111001
0000000000000010001000100000
0000000000000010001000110001
0000000000000010001000010000
0000000000000010001000100111
0000000000000010001000011111
0000000000000010001000011111
0000000000000010001000011001
0000000000000010001000100100
0000000000000010001000001101
0000000000000010001000001110
0000000000000010001000000111
0000000000000010001000010100
0000000000000010001000000000
0000000000000010000111111111
0000000000000010001000000101
0000000000000010000111111001
0000000000000010000111111000
0000000000000010000111101110
0000000000000010000111110000
0000000000000010000111110010
0000000000000010000111101000
0000000000000010000111100011
0000000000000010000111110000
0000000000000010000111100001
0000000000000010000111101111
0000000000000010000111011111
0000000000000010000111010101
0000000000000010000111100111
0000000000000010000111011010
0000000000000010000111101011
0000000000000010000111010001
0000000000000010000111010111
0000000000000010000111010010
0000000000000010000111010011
0000000000000010000111001100
0000000000000010000111000110
0000000000000010000111001010
0000000000000010000110111111
0000000000000010000111000101
0000000000000010000110111001
0000000000000010000111000100
0000000000000010000111001011
0000000000000010000111000001
0000000000000010000111000000
0000000000000010000110110101
0000000000000010000110110101
0000000000000010000110110001
0000000000000010000110110100
0000000000000010000110111110
0000000000000010000110110100
0000000000000010000110101011
0000000000000010000111000000
0000000000000010000110110000
0000000000000010000110011110
0000000000000010000110101101
0000000000000010000110101110
0000000000000010000110011001
0000000000000010000110101001
0000000000000010000110111000
0000000000000010000110011101
0000000000000010000110100101
0000000000000010000110100000
0000000000000010000110100110
0000000000000010000110100101
0000000000000010000110010100
0000000000000010000110100000
0000000000000010000110000110
0000000000000010000110010100
0000000000000010000110011000
0000000000000010000110011110
0000000000000010000110010000
0000000000000010000110100000
0000000000000010000110000110
0000000000000010000110010110
0000000000000010000110000000
0000000000000010000110010111
0000000000000010000110010011
0000000000000010000110100010
0000000000000010000101111110
0000000000000010000110000101
0000000000000010000101111000
0000000000000010000110001010
0000000000000010000110000001
0000000000000010000101111110
0000000000000010000110000111
0000000000000010000110000100
0000000000000010000110000001
0000000000000010000101111101
0000000000000010000110000011
0000000000000010000110000101
0000000000000010000110001011
0000000000000010000110000000
0000000000000010000101110000
0000000000000010000110000101
0000000000000010000101111001
0000000000000010000101111100
0000000000000010000110011001
0000000000000010000110000010
0000000000000010000101110111
0000000000000010000110000001
0000000000000010000101111001
0000000000000010000101110001
0000000000000010000101100100
0000000000000010000101110010
0000000000000010000110000101
0000000000000010000101111000
0000000000000010000101101111
0000000000000010000101111011
0000000000000010000101111010
0000000000000010000101110010
0000000000000010000101110011
0000000000000010000101011111
0000000000000010000101101010
0000000000000010000101101100
0000000000000010000101110110
0000000000000010000101111001
0000000000000010000101100101
0000000000000010000101110111
0000000000000010000101100010
0000000000000010000101101111
0000000000000010000101101100
0000000000000010000101100100
0000000000000010000101100110
0000000000000010000101110111
0000000000000010000101101000
0000000000000010000101100101
0000000000000010000101101001
0000000000000010000101101001
0000000000000010000101110011
0000000000000010000101110001
0000000000000010000101100110
0000000000000010000101101010
0000000000000010000101111010
0000000000000010000101100011
0000000000000010000101111010
0000000000000010000101101010
0000000000000010000101100110
0000000000000010000101110001
0000000000000010000101110011
0000000000000010000101101001
0000000000000010000101101001
0000000000000010000101100101
0000000000000010000101101000
0000000000000010000101110111
0000000000000010000101100110
0000000000000010000101100100
0000000000000010000101101100
0000000000000010000101101111
0000000000000010000101100010
0000000000000010000101110111
0000000000000010000101100101
0000000000000010000101111001
0000000000000010000101110110
0000000000000010000101101100
0000000000000010000101101010
0000000000000010000101011111
0000000000000010000101110011
0000000000000010000101110010
0000000000000010000101111010
0000000000000010000101111011
0000000000000010000101101111
0000000000000010000101111000
0000000000000010000110000101
0000000000000010000101110010
0000000000000010000101100100
0000000000000010000101110001
0000000000000010000101111001
0000000000000010000110000001
0000000000000010000101110111
0000000000000010000110000010
0000000000000010000110011001
0000000000000010000101111100
0000000000000010000101111001
0000000000000010000110000101
0000000000000010000101110000
0000000000000010000110000000
0000000000000010000110001011
0000000000000010000110000101
0000000000000010000110000011
0000000000000010000101111101
0000000000000010000110000001
0000000000000010000110000100
0000000000000010000110000111
0000000000000010000101111110
0000000000000010000110000001
0000000000000010000110001010
0000000000000010000101111000
0000000000000010000110000101
0000000000000010000101111110
0000000000000010000110100010
0000000000000010000110010011
0000000000000010000110010111
0000000000000010000110000000
0000000000000010000110010110
0000000000000010000110000110
0000000000000010000110100000
0000000000000010000110010000
0000000000000010000110011110
0000000000000010000110011000
0000000000000010000110010100
0000000000000010000110000110
0000000000000010000110100000
0000000000000010000110010100
0000000000000010000110100101
0000000000000010000110100110
0000000000000010000110100000
0000000000000010000110100101
0000000000000010000110011101
0000000000000010000110111000
0000000000000010000110101001
0000000000000010000110011001
0000000000000010000110101110
0000000000000010000110101101
0000000000000010000110011110
0000000000000010000110110000
0000000000000010000111000000
0000000000000010000110101011
0000000000000010000110110100
0000000000000010000110111110
0000000000000010000110110100
0000000000000010000110110001
0000000000000010000110110101
0000000000000010000110110101
0000000000000010000111000000
0000000000000010000111000001
0000000000000010000111001011
0000000000000010000111000100
0000000000000010000110111001
0000000000000010000111000101
0000000000000010000110111111
0000000000000010000111001010
0000000000000010000111000110
0000000000000010000111001100
0000000000000010000111010011
0000000000000010000111010010
0000000000000010000111010111
0000000000000010000111010001
0000000000000010000111101011
0000000000000010000111011010
0000000000000010000111100111
0000000000000010000111010101
0000000000000010000111011111
0000000000000010000111101111
0000000000000010000111100001
0000000000000010000111110000
0000000000000010000111100011
0000000000000010000111101000
0000000000000010000111110010
0000000000000010000111110000
0000000000000010000111101110
0000000000000010000111111000
0000000000000010000111111001
0000000000000010001000000101
0000000000000010000111111111
0000000000000010001000000000
0000000000000010001000010100
0000000000000010001000000111
0000000000000010001000001110
0000000000000010001000001101
0000000000000010001000100100
0000000000000010001000011001
0000000000000010001000011111
0000000000000010001000011111
0000000000000010001000100111
0000000000000010001000010000
0000000000000010001000110001
0000000000000010001000100000
0000000000000010001000111001
0000000000000010001000100000
0000000000000010001000110100
0000000000000010001000111010
0000000000000010001000111111
0000000000000010001000110101
0000000000000010001000111101
0000000000000010001000111111
0000000000000010001000101110
0000000000000010001000111111
0000000000000010001001001001
0000000000000010001001001000
0000000000000010001001010100
0000000000000010001001000100
0000000000000010001001000110
0000000000000010001001010110
0000000000000010001001001011
0000000000000010001001011011
0000000000000010001001011010
0000000000000010001001100000
0000000000000010001001011100
0000000000000010001001110110
0000000000000010001001101010
0000000000000010001001101011
0000000000000010001001111011
0000000000000010001001101110
0000000000000010001001110000
0000000000000010001001110001
0000000000000010001001111000
0000000000000010001001110100
0000000000000010001001110100
0000000000000010001010011011
0000000000000010001010010010
0000000000000010001010001111
0000000000000010001010010101
0000000000000010001010100010
0000000000000010001010001001
0000000000000010001010100010
0000000000000010001010011010
0000000000000010001010101101
0000000000000010001010011011
0000000000000010001010101100
0000000000000010001010100011
0000000000000010001010111001
0000000000000010001010111111
0000000000000010001010110110
0000000000000010001011001110
0000000000000010001011001011
0000000000000010001011010010
0000000000000010001010111111
0000000000000010001011001101
0000000000000010001011011100
0000000000000010001011011011
0000000000000010001011101000
0000000000000010001011100101
0000000000000010001011101011
0000000000000010001011100011
0000000000000010001011111010
0000000000000010001011110000
0000000000000010001011101010
0000000000000010001011111001
0000000000000010001011111110
0000000000000010001100010010
0000000000000010001011110100
0000000000000010001100001111
0000000000000010001100000111
0000000000000010001100010110
0000000000000010001100010111
0000000000000010001100010000
0000000000000010001100011101
0000000000000010001100011110
0000000000000010001100100101
0000000000000010001100110000
0000000000000010001100110001
0000000000000010001100111101
0000000000000010001100110110
0000000000000010001100110110
0000000000000010001100110001
0000000000000010001101000000
0000000000000010001101001100
0000000000000010001101001110
0000000000000010001101010001
0000000000000010001101100001
0000000000000010001101011001
0000000000000010001101101111
0000000000000010001101100011
0000000000000010001101110000
0000000000000010001101111010
0000000000000010001101111000
0000000000000010001101111110
0000000000000010001110001010
0000000000000010001101111101
0000000000000010001110010010
0000000000000010001110011101
0000000000000010001110010100
0000000000000010001110011001
0000000000000010001110011100
0000000000000010001110100000
0000000000000010001110110110
0000000000000010001110100101
0000000000000010001110111111
0000000000000010001111001000
0000000000000010001111010001
0000000000000010001111000101
0000000000000010001111000110
0000000000000010001111010010
0000000000000010001111001010
0000000000000010001111100001
0000000000000010001111110110
0000000000000010001111010100
0000000000000010001111011111
0000000000000010001111111000
0000000000000010010000000000
0000000000000010001111111011
0000000000000010010000000010
0000000000000010010000000010
0000000000000010010000010100
0000000000000010010000010101
0000000000000010010000001001
0000000000000010010000011110
0000000000000010010000011100
0000000000000010010000110100
0000000000000010010000101110
0000000000000010010000110101
0000000000000010010000101111
0000000000000010010000111010
0000000000000010010001001011
0000000000000010010000111100
0000000000000010010001011110
0000000000000010010001011011
0000000000000010010001101001
0000000000000010010001011011
0000000000000010010001100010
0000000000000010010001101111
0000000000000010010001100010
0000000000000010010001111010
0000000000000010010010001111
0000000000000010010010001101
0000000000000010010010001011
0000000000000010010010001110
0000000000000010010010011010
0000000000000010010010010111
0000000000000010010010100110
0000000000000010010010010110
0000000000000010010010111111
0000000000000010010011001000
0000000000000010010011000110
0000000000000010010011000110
0000000000000010010011010111
0000000000000010010011011100
0000000000000010010011100010
0000000000000010010011100110
0000000000000010010011101101
0000000000000010010011111000
0000000000000010010011111110
0000000000000010010011101111
0000000000000010010100010010
0000000000000010010100010001
0000000000000010010100010111
0000000000000010010100101001
0000000000000010010100110111
0000000000000010010100101010
0000000000000010010100110011
0000000000000010010100101000
0000000000000010010100111101
0000000000000010010101001011
0000000000000010010101001011
0000000000000010010101001101
0000000000000010010101011101
0000000000000010010101100101
0000000000000010010101101111
0000000000000010010101111011
0000000000000010010110001110
0000000000000010010110000000
0000000000000010010110001100
0000000000000010010110010111
0000000000000010010110101100
0000000000000010010110011101
0000000000000010010110101110
0000000000000010010110110111
0000000000000010010110110010
0000000000000010010110101011
0000000000000010010111000111
0000000000000010010111010110
0000000000000010010111011101
0000000000000010010111011010
0000000000000010010111100000
0000000000000010010111110011
0000000000000010010111111101
0000000000000010010111111100
0000000000000010011000001100
0000000000000010011000001111
0000000000000010011000001110
0000000000000010011000010101
0000000000000010011000101000
0000000000000010011000110110
0000000000000010011000101110
0000000000000010011001000111
0000000000000010011001010110
0000000000000010011001010100
0000000000000010011001100000
0000000000000010011001100101
0000000000000010011001011111
0000000000000010011001110101
0000000000000010011010000000
0000000000000010011010001101
0000000000000010011010010110
0000000000000010011010010000
0000000000000010011010101101
0000000000000010011010100110
0000000000000010011010100110
0000000000000010011010101101
0000000000000010011010111110
0000000000000010011011001011
0000000000000010011011010101
0000000000000010011011010101
0000000000000010011011100010
0000000000000010011011110000
0000000000000010011100000000
0000000000000010011100000101
0000000000000010011100001010
0000000000000010011100010110
0000000000000010011100010011
0000000000000010011100011101
0000000000000010011100110100
0000000000000010011100111011
0000000000000010011100110101
0000000000000010011101010011
0000000000000010011101101110
0000000000000010011101011010
0000000000000010011101100001
0000000000000010011101101010
0000000000000010011101111101
0000000000000010011110001000
0000000000000010011110010001
0000000000000010011110010111
0000000000000010011110100011
0000000000000010011110100110
0000000000000010011111000110
0000000000000010011110111110
0000000000000010011111001101
0000000000000010011111100000
0000000000000010011111100010
0000000000000010011111101101
0000000000000010011111111111
0000000000000010100000000100
0000000000000010100000000100
0000000000000010100000001001
0000000000000010100000100100
0000000000000010100000110100
0000000000000010100000101001
0000000000000010100001000111
0000000000000010100001010110
0000000000000010100001011010
0000000000000010100001010110
0000000000000010100001100100
0000000000000010100001101111
0000000000000010100001111110
0000000000000010100010010000
0000000000000010100010100101
0000000000000010100010100000
0000000000000010100010110101
0000000000000010100010111100
0000000000000010100011000000
0000000000000010100011100011
0000000000000010100011001101
0000000000000010100011100111
0000000000000010100011101001
0000000000000010100100001000
0000000000000010100100010000
0000000000000010100100001011
0000000000000010100100010001
0000000000000010100100011001
0000000000000010100100111110
0000000000000010100100111001
0000000000000010100101000111
0000000000000010100101011110
0000000000000010100101011101
0000000000000010100101101101
0000000000000010100101100111
0000000000000010100101111111
0000000000000010100110001111
0000000000000010100110101101
0000000000000010100110100101
0000000000000010100110111101
0000000000000010100111010100
0000000000000010100111010000
0000000000000010100111100011
0000000000000010100111100010
0000000000000010100111110111
0000000000000010101000000101
0000000000000010101000010101
0000000000000010101000100110
0000000000000010101000100011
0000000000000010101000110110
0000000000000010101001000000
0000000000000010101001001101
0000000000000010101001011110
0000000000000010101001110000
0000000000000010101001101100
0000000000000010101010000011
0000000000000010101010010111
0000000000000010101010011111
0000000000000010101010101000
0000000000000010101010110100
0000000000000010101011001001
0000000000000010101011010111
0000000000000010101011011011
0000000000000010101011110010
0000000000000010101100000101
0000000000000010101100000010
0000000000000010101100011011
0000000000000010101100011110
0000000000000010101100111101
0000000000000010101101000101
0000000000000010101101010000
0000000000000010101101011111
0000000000000010101101101010
0000000000000010101101110100
0000000000000010101110001100
0000000000000010101110011111
0000000000000010101110011000
0000000000000010101110101010
0000000000000010101111000101
0000000000000010101111001001
0000000000000010101111001111
0000000000000010101111010110
0000000000000010101111111110
0000000000000010110000000001
0000000000000010110000011011
0000000000000010110000100010
0000000000000010110000111101
0000000000000010110001001010
0000000000000010110001100111
0000000000000010110001100010
0000000000000010110010000001
0000000000000010110001111011
0000000000000010110010010110
0000000000000010110010011000
0000000000000010110010101111
0000000000000010110011001110
0000000000000010110011011010
0000000000000010110011100010
0000000000000010110011101000
0000000000000010110011111001
0000000000000010110100011101
0000000000000010110100110101
0000000000000010110100110111
0000000000000010110100110111
0000000000000010110101100010
0000000000000010110101100011
0000000000000010110101111000
0000000000000010110110010001
0000000000000010110110010011
0000000000000010110110110110
0000000000000010110110110101
0000000000000010110110110101
0000000000000010110111001001
0000000000000010110111100100
0000000000000010110111111011
0000000000000010111000000100
0000000000000010111000100001
0000000000000010111000101000
0000000000000010111000111111
0000000000000010111001001011
0000000000000010111001011001
0000000000000010111001101110
0000000000000010111001111001
0000000000000010111010001110
0000000000000010111010110011
0000000000000010111011000001
0000000000000010111011010100
0000000000000010111011100001
0000000000000010111011110110
0000000000000010111011111100
0000000000000010111100011101
0000000000000010111100110101
0000000000000010111101001101
0000000000000010111101011100
0000000000000010111101011010
0000000000000010111101110101
0000000000000010111101111110
0000000000000010111110010000
0000000000000010111110101110
0000000000000010111110111010
0000000000000010111111001111
0000000000000010111111011010
0000000000000010111111111001
0000000000000011000000000010
0000000000000011000000100111
0000000000000011000000110100
0000000000000011000000110010
0000000000000011000001010100
0000000000000011000001101000
0000000000000011000010000011
0000000000000011000010010001
0000000000000011000010100110
0000000000000011000011010100
0000000000000011000011011000
0000000000000011000011010001
0000000000000011000011110110
0000000000000011000100011101
0000000000000011000100100111
0000000000000011000100110100
0000000000000011000101000011
0000000000000011000101100011
0000000000000011000101110001
0000000000000011000110001000
0000000000000011000110101000
0000000000000011000110110101
0000000000000011000111001110
0000000000000011000111011001
0000000000000011000111110010
0000000000000011001000010010
0000000000000011001000011010
0000000000000011001000111001
0000000000000011001000111010
0000000000000011001001100011
0000000000000011001010000011
0000000000000011001010010110
0000000000000011001010101101
0000000000000011001011000110
0000000000000011001011001110
0000000000000011001011101110
0000000000000011001011111110
0000000000000011001100110100
0000000000000011001100101000
0000000000000011001101010110
0000000000000011001101010111
0000000000000011001101111111
0000000000000011001110010110
0000000000000011001110100001
0000000000000011001111001001
0000000000000011001111010001
0000000000000011001111011111
0000000000000011010000001110
0000000000000011010000100100
0000000000000011010000101101
0000000000000011010001010101
0000000000000011010001111001
0000000000000011010010000110
0000000000000011010010101100
0000000000000011010011001011
0000000000000011010010111010
0000000000000011010011101000
0000000000000011010100001000
0000000000000011010100001100
0000000000000011010101010100
0000000000000011010101100011
0000000000000011010101110000
0000000000000011010101111111
0000000000000011010110110010
0000000000000011010111000110
0000000000000011010111001110
0000000000000011010111110001
0000000000000011011000001000
0000000000000011011000100111
0000000000000011011001000101
0000000000000011011001101101
0000000000000011011001111101
0000000000000011011010011011
0000000000000011011010100101
0000000000000011011011001001
0000000000000011011011100101
0000000000000011011100001010
0000000000000011011100011100
0000000000000011011100110101
0000000000000011011101011110
0000000000000011011110000101
0000000000000011011110010111
0000000000000011011110111011
0000000000000011011111010111
0000000000000011011111101011
0000000000000011100000010010
0000000000000011100000011101
0000000000000011100001001000
0000000000000011100001010110
0000000000000011100010000111
0000000000000011100010100101
0000000000000011100010110111
0000000000000011100011100001
0000000000000011100100000010
0000000000000011100100101000
0000000000000011100100111100
0000000000000011100101011001
0000000000000011100101110001
0000000000000011100110100101
0000000000000011100111001101
0000000000000011100111001110
0000000000000011100111101010
0000000000000011101000010010
0000000000000011101000110100
0000000000000011101001011010
0000000000000011101010000011
0000000000000011101010101101
0000000000000011101011001001
0000000000000011101011100111
0000000000000011101011111111
0000000000000011101100100011
0000000000000011101101001011
0000000000000011101101100010
0000000000000011101110010111
0000000000000011101110110000
0000000000000011101111011000
0000000000000011101111110011
0000000000000011110000001000
0000000000000011110000111010
0000000000000011110001010000
0000000000000011110010000011
0000000000000011110010011000
0000000000000011110011011011
0000000000000011110011111111
0000000000000011110100010000
0000000000000011110101000010
0000000000000011110101011111
0000000000000011110101111100
0000000000000011110110101011
0000000000000011110111010110
0000000000000011110111011101
0000000000000011111000001011
0000000000000011111001001010
0000000000000011111001100101
0000000000000011111010010000
0000000000000011111011000100
0000000000000011111011011101
0000000000000011111011110001
0000000000000011111100101010
0000000000000011111101010101
0000000000000011111110001000
0000000000000011111110101001
0000000000000011111111001001
0000000000000011111111101100
0000000000000100000000101001
0000000000000100000001000110
0000000000000100000001111101
0000000000000100000010010011
0000000000000100000011001001
0000000000000100000011011011
0000000000000100000100101101
0000000000000100000101010110
0000000000000100000101111000
0000000000000100000110110011
0000000000000100000111010000
0000000000000100000111110110
0000000000000100001000011011
0000000000000100001001001010
0000000000000100001001111111
0000000000000100001010001010
0000000000000100001011001101
0000000000000100001011111011
0000000000000100001100101011
0000000000000100001101011111
0000000000000100001110010000
0000000000000100001110111011
0000000000000100001111101000
0000000000000100010000001010
0000000000000100010001001011
0000000000000100010010001100
0000000000000100010010010111
0000000000000100010011001111
0000000000000100010100010010
0000000000000100010100111111
0000000000000100010101111111
0000000000000100010110011101
0000000000000100010111001011
0000000000000100011000000011
0000000000000100011001010110
0000000000000100011001011110
0000000000000100011010100001
0000000000000100011011000110
0000000000000100011100000111
0000000000000100011101001000
0000000000000100011101110000
0000000000000100011110101110
0000000000000100011111100000
0000000000000100100000000100
0000000000000100100000111100
0000000000000100100010001101
0000000000000100100010101101
0000000000000100100011101101
0000000000000100100100011000
0000000000000100100101101000
0000000000000100100110100011
0000000000000100100111010101
0000000000000100101000000111
0000000000000100101001001101
0000000000000100101001111001
0000000000000100101010111100
0000000000000100101011111110
0000000000000100101100101010
0000000000000100101101110010
0000000000000100101110100101
0000000000000100101111100101
0000000000000100110000101011
0000000000000100110001101010
0000000000000100110010011100
0000000000000100110011001111
0000000000000100110100010010
0000000000000100110101001111
0000000000000100110110100011
0000000000000100110111001101
0000000000000100111000001101
0000000000000100111001100000
0000000000000100111010001100
0000000000000100111011010001
0000000000000100111100101011
0000000000000100111101100101
0000000000000100111110101111
0000000000000100111111100001
0000000000000101000000110101
0000000000000101000001101010
0000000000000101000010110101
0000000000000101000011101101
0000000000000101000100111010
0000000000000101000110010010
0000000000000101000111001110
0000000000000101001000101001
0000000000000101001001110101
0000000000000101001010110100
0000000000000101001100000101
0000000000000101001101001101
0000000000000101001110000100
0000000000000101001111011100
0000000000000101010000101000
0000000000000101010001101101
0000000000000101010011000001
0000000000000101010100000100
0000000000000101010101011011
0000000000000101010110101001
0000000000000101011000000011
0000000000000101011001010101
0000000000000101011010101010
0000000000000101011011011111
0000000000000101011101010110
0000000000000101011110010000
0000000000000101011111110101
0000000000000101100000111100
0000000000000101100010100011
0000000000000101100011011101
0000000000000101100101000000
0000000000000101100110100111
0000000000000101100111110110
0000000000000101101001010110
0000000000000101101010100101
0000000000000101101100000001
0000000000000101101101011011
0000000000000101101110110111
0000000000000101110000010110
0000000000000101110001101000
0000000000000101110011010001
0000000000000101110100100111
0000000000000101110110010000
0000000000000101110111111111
0000000000000101111001000110
0000000000000101111010111010
0000000000000101111100100001
0000000000000101111110001001
0000000000000101111111100000
0000000000000110000001000001
0000000000000110000010110010
0000000000000110000100011001
0000000000000110000101110110
0000000000000110000111110001
0000000000000110001001001000
0000000000000110001011000111
0000000000000110001100100100
0000000000000110001110011101
0000000000000110010000000010
0000000000000110010001111100
0000000000000110010011110000
0000000000000110010101101010
0000000000000110010111001100
0000000000000110011000111011
0000000000000110011010101010
0000000000000110011100110001
0000000000000110011110101100
0000000000000110100000100101
0000000000000110100010001100
0000000000000110100100000010
0000000000000110100110101001
0000000000000110101000010110
0000000000000110101010001101
0000000000000110101100000000
0000000000000110101110000011
0000000000000110110000010110
0000000000000110110001110100
0000000000000110110100010001
0000000000000110110110011111
0000000000000110111000110010
0000000000000110111010100010
0000000000000110111100111100
0000000000000110111110111011
0000000000000111000001010011
0000000000000111000011100111
0000000000000111000101100111
0000000000000111001000000111
0000000000000111001010010000
0000000000000111001100100111
0000000000000111001110110110
0000000000000111010001011111
0000000000000111010011101111
0000000000000111010110000111
0000000000000111011000100101
0000000000000111011011001010
0000000000000111011101100110
0000000000000111100000011110
0000000000000111100010101110
0000000000000111100110001111
0000000000000111101000010100
0000000000000111101010101101
0000000000000111101101100010
0000000000000111110000010010
0000000000000111110010111111
0000000000000111110110000001
0000000000000111111000100010
0000000000000111111011100001
0000000000000111111110001010
0000000000001000000001001110
0000000000001000000100010011
0000000000001000000111001000
0000000000001000001010000001
0000000000001000001101001000
0000000000001000010000000011
0000000000001000010011010010
0000000000001000010110100010
0000000000001000011001111010
0000000000001000011101000001
0000000000001000100000001111
0000000000001000100011110010
0000000000001000100111010100
0000000000001000101010100010
0000000000001000101101111111
0000000000001000110001101001
0000000000001000110101010111
0000000000001000111000110001
0000000000001000111101001000
0000000000001000111111111101
0000000000001001000100000001
0000000000001001000111101001
0000000000001001001011100110
0000000000001001001111010101
0000000000001001010011011010
0000000000001001010111011001
0000000000001001011011001111
0000000000001001011111100010
0000000000001001100011110001
0000000000001001101000010100
0000000000001001101100010111
0000000000001001110001000001
0000000000001001110101100100
0000000000001001111001111011
0000000000001001111110010010
0000000000001010000011001000
0000000000001010001000000111
0000000000001010001100011111
0000000000001010010001100001
0000000000001010010110011111
0000000000001010011011010111
0000000000001010100000100010
0000000000001010100110000010
0000000000001010101011000011
0000000000001010110000011010
0000000000001010110101111010
0000000000001010111100000010
0000000000001011000000110010
0000000000001011000110100101
0000000000001011001100011110
0000000000001011010010011101
0000000000001011011000010000
0000000000001011011110011111
0000000000001011100100111111
0000000000001011101011001111
0000000000001011110001010110
0000000000001011111000001100
0000000000001011111110111001
0000000000001100000101101101
0000000000001100001100010101
0000000000001100010011101000
0000000000001100011010101011
0000000000001100100001111111
0000000000001100101001101000
0000000000001100110001010101
0000000000001100111001001010
0000000000001101000000110111
0000000000001101001000111001
0000000000001101010000111001
0000000000001101011001101101
0000000000001101100010010110
0000000000001101101011000101
0000000000001101110100001111
0000000000001101111101001001
0000000000001110000110101000
0000000000001110001111110111
0000000000001110011001100010
0000000000001110100011100001
0000000000001110101101110101
0000000000001110111000010111
0000000000001111000010111111
0000000000001111001101101011
0000000000001111011000110100
0000000000001111100100010110
0000000000001111110000000010
0000000000001111111100000010
0000000000010000001000100101
0000000000010000010100111111
0000000000010000100010010000
0000000000010000101111010101
0000000000010000111100101111
0000000000010001001010111100
0000000000010001011001000110
0000000000010001101000000010
0000000000010001110111011111
0000000000010010000110101111
0000000000010010010110101110
0000000000010010100111010110
0000000000010010111000001010
0000000000010011001001110110
0000000000010011011011111101
0000000000010011101101111101
0000000000010100000001011001
0000000000010100010101111111
0000000000010100101001110100
0000000000010100111111001000
0000000000010101010101001011
0000000000010101101011101100
0000000000010110000011011001
0000000000010110011011011010
0000000000010110110100011110
0000000000010111001110100111
0000000000010111101001110010
0000000000011000000101111111
0000000000011000100011001010
0000000000011001000001110100
0000000000011001100001100010
0000000000011010000010101010
0000000000011010100101010110
0000000000011011001001011010
0000000000011011101111000001
0000000000011100010110100011
0000000000011101000000011000
0000000000011101101011101000
0000000000011110011001101000
0000000000011111001001111100
0000000000011111111100111110
0000000000100000110010010001
0000000000100001101011010000
0000000000100010100111010111
0000000000100011100110111110
0000000000100100101110010011
0000000000100101110101010111
0000000000100111000010111001
0000000000101000010110010100
0000000000101001110000000000
0000000000101011010001010100
0000000000101100111010001011
0000000000101110101011111010
0000000000110000101000101110
0000000000110010110001110011
0000000000110101001000100111
0000000000110111101111110010
0000000000111010101010001101
0000000000111101111100100100
0000000001000001101010111110
0000000001000101111011010011
0000000001001010110111000011
0000000001010000101001001111
0000000001010111100010111101
0000000001011111111010101110
0000000001101010010100101111
0000000001110111101000000011
0000000010001001010011101101
0000000010100010000000111101
0000000011000111000110110100
0000000100000101010101011110
0000000110000100000011010111
0000001100010111000010110001
0001111110000100100101010001
0000001001110000000101011010
0000000100111001011101110111
0000000011001011100101111001
0000000010010011000101010010
0000000001110000011101001100
0000000001011000111010100101
0000000001000111110010001010
0000000000111010101110000010
0000000000110000011100100001
0000000000101000001111111000
0000000000100001110001100010
0000000000011100111100010111
0000000000011001111000010100
