0.00000000
0.04320455
0.08632841
0.12929106
0.17201225
0.21441221
0.25641176
0.29793245
0.33889676
0.37922817
0.41885137
0.45769236
0.49567862
0.53273919
0.56880486
0.60380829
0.63768411
0.67036905
0.70180207
0.73192447
0.76068000
0.78801495
0.81387829
0.83822170
0.86099973
0.88216983
0.90169248
0.91953122
0.93565273
0.95002690
0.96262689
0.97342917
0.98241356
0.98956330
0.99486502
0.99830882
0.99988828
0.99960044
0.99744584
0.99342851
0.98755594
0.97983911
0.97029243
0.95893371
0.94578419
0.93086841
0.91421423
0.89585274
0.87581825
0.85414817
0.83088295
0.80606606
0.77974384
0.75196544
0.72278274
0.69225024
0.66042497
0.62736634
0.59313610
0.55779818
0.52141857
0.48406521
0.44580785
0.40671795
0.36686850
0.32633391
0.28518990
0.24351330
0.20138193
0.15887448
0.11607033
0.07304942
0.02989209
-0.01332106
-0.05650934
-0.09959209
-0.14248884
-0.18511950
-0.22740445
-0.26926472
-0.31062213
-0.35139946
-0.39152054
-0.43091046
-0.46949565
-0.50720406
-0.54396526
-0.57971060
-0.61437333
-0.64788872
-0.68019417
-0.71122935
-0.74093631
-0.76925957
-0.79614623
-0.82154608
-0.84541169
-0.86769850
-0.88836487
-0.90737221
-0.92468503
-0.94027100
-0.95410101
-0.96614923
-0.97639316
-0.98481367
-0.99139504
-0.99612498
-0.99899464
-0.99999868
-0.99913521
-0.99640586
-0.99181571
-0.98537334
-0.97709078
-0.96698350
-0.95507037
-0.94137365
-0.92591890
-0.90873500
-0.88985403
-0.86931125
-0.84714503
-0.82339676
-0.79811079
-0.77133435
-0.74311744
-0.71351275
-0.68257558
-0.65036369
-0.61693724
-0.58235866
-0.54669252
-0.51000543
-0.47236590
-0.43384423
-0.39451235
-0.35444372
-0.31371316
-0.27239674
-0.23057162
-0.18831591
-0.14570851
-0.10282901
-0.05975746
-0.01657433
0.02663976
0.06980410
0.11283809
0.15566134
0.19819390
0.24035633
0.28206989
0.32325669
0.36383980
0.40374344
0.44289308
0.48121563
0.51863949
0.55509480
0.59051347
0.62482934
0.65797835
0.68989858
0.72053042
0.74981666
0.77770262
0.80413622
0.82906809
0.85245166
0.87424328
0.89440225
0.91289092
0.92967476
0.94472242
0.95800581
0.96950012
0.97918389
0.98703902
0.99305086
0.99720816
0.99950318
0.99993162
0.99849268
0.99518905
0.99002690
0.98301587
0.97416905
0.96350297
0.95103754
0.93679605
0.92080508
0.90309451
0.88369740
0.86264998
0.83999156
0.81576445
0.79001389
0.76278799
0.73413757
0.70411614
0.67277978
0.64018699
0.60639866
0.57147787
0.53548984
0.49850178
0.46058277
0.42180362
0.38223675
0.34195605
0.30103674
0.25955525
0.21758903
0.17521647
0.13251669
0.08956943
0.04645490
0.00325362
-0.03995374
-0.08308648
-0.12606406
-0.16880622
-0.21123312
-0.25326555
-0.29482501
-0.33583388
-0.37621557
-0.41589469
-0.45479711
-0.49285020
-0.52998289
-0.56612584
-0.60121154
-0.63517448
-0.66795122
-0.69948056
-0.72970362
-0.75856396
-0.78600767
-0.81198351
-0.83644296
-0.85934036
-0.88063293
-0.90028092
-0.91824762
-0.93449950
-0.94900619
-0.96174061
-0.97267897
-0.98180085
-0.98908921
-0.99453045
-0.99811439
-0.99983435
-0.99968711
-0.99767296
-0.99379564
-0.98806241
-0.98048396
-0.97107446
-0.95985146
-0.94683595
-0.93205221
-0.91552786
-0.89729375
-0.87738395
-0.85583562
-0.83268902
-0.80798737
-0.78177680
-0.75410626
-0.72502741
-0.69459458
-0.66286459
-0.62989669
-0.59575246
-0.56049566
-0.52419213
-0.48690967
-0.44871791
-0.40968816
-0.36989331
-0.32940769
-0.28830690
-0.24666769
-0.20456783
-0.16208594
-0.11930135
-0.07629396
-0.03314410
0.01006766
0.05326062
0.09635411
0.13926767
0.18192113
0.22423487
0.26612984
0.30752781
0.34835147
0.38852459
0.42797213
0.46662043
0.50439732
0.54123224
0.57705641
0.61180292
0.64540689
0.67780556
0.70893842
0.73874734
0.76717664
0.79417323
0.81968671
0.84366941
0.86607656
0.88686630
0.90599982
0.92344138
0.93915841
0.95312155
0.96530474
0.97568521
0.98424359
0.99096388
0.99583355
0.99884349
0.99998809
0.99926521
0.99667619
0.99222587
0.98592257
0.97777805
0.96780753
0.95602962
0.94246632
0.92714297
0.91008816
0.89133377
0.87091480
0.84886939
0.82523872
0.80006691
0.77340097
0.74529070
0.71578860
0.68494976
0.65283177
0.61949461
0.58500055
0.54941399
0.51280140
0.47523115
0.43677341
0.39749999
0.35748423
0.31680087
0.27552589
0.23373636
0.19151032
0.14892664
0.10606484
0.06300496
0.01982741
-0.02338716
-0.06655805
-0.10960465
-0.15244656
-0.19500377
-0.23719681
-0.27894689
-0.32017604
-0.36080725
-0.40076465
-0.43997363
-0.47836095
-0.51585493
-0.55238554
-0.58788458
-0.62228574
-0.65552477
-0.68753961
-0.71827047
-0.74765995
-0.77565317
-0.80219786
-0.82724444
-0.85074614
-0.87265906
-0.89294229
-0.91155795
-0.92847126
-0.94365065
-0.95706777
-0.96869756
-0.97851830
-0.98651166
-0.99266270
-0.99695993
-0.99939534
-0.99996437
-0.99866597
-0.99550255
-0.99048003
-0.98360777
-0.97489863
-0.96436886
-0.95203812
-0.93792945
-0.92206919
-0.90448697
-0.88521561
-0.86429110
-0.84175253
-0.81764197
-0.79200447
-0.76488790
-0.73634289
-0.70642276
-0.67518339
-0.64268310
-0.60898260
-0.57414482
-0.53823483
-0.50131967
-0.46346830
-0.42475140
-0.38524128
-0.34501172
-0.30413784
-0.26269599
-0.22076355
-0.17841883
-0.13574091
-0.09280950
-0.04970477
-0.00650721
0.03670250
0.07984367
0.12283573
0.16559839
0.20805180
0.25011667
0.29171445
0.33276744
0.37319900
0.41293360
0.45189704
0.49001657
0.52722099
0.56344082
0.59860842
0.63265812
0.66552632
0.69715166
0.72747505
0.75643989
0.78399207
0.81008014
0.83465538
0.85767189
0.87908671
0.89885982
0.91695431
0.93333638
0.94797544
0.96084415
0.97191848
0.98117775
0.98860466
0.99418535
0.99790940
0.99976984
0.99976321
0.99788951
0.99415225
0.98855841
0.98111843
0.97184621
0.96075905
0.94787768
0.93322614
0.91683179
0.89872526
0.87894036
0.85751402
0.83448628
0.80990013
0.78380149
0.75623909
0.72726441
0.69693157
0.66529720
0.63242038
0.59836252
0.56318721
0.52696014
0.48974898
0.45162321
0.41265402
0.37291421
0.33247797
0.29142084
0.24981947
0.20775156
0.16529568
0.12253110
0.07953770
0.03639576
-0.00681415
-0.05001133
-0.09311512
-0.13604501
-0.17872084
-0.22106291
-0.26299214
-0.30443023
-0.34529980
-0.38552452
-0.42502927
-0.46374027
-0.50158524
-0.53849349
-0.57439611
-0.60922604
-0.64291823
-0.67540977
-0.70663998
-0.73655054
-0.76508559
-0.79219183
-0.81781865
-0.84191819
-0.86444545
-0.88535835
-0.90461784
-0.92218795
-0.93803587
-0.95213200
-0.96445002
-0.97496693
-0.98366308
-0.99052223
-0.99553158
-0.99868177
-0.99996692
-0.99938462
-0.99693597
-0.99262553
-0.98646137
-0.97845498
-0.96862132
-0.95697875
-0.94354903
-0.92835722
-0.91143169
-0.89280407
-0.87250913
-0.85058477
-0.82707195
-0.80201456
-0.77545941
-0.74745608
-0.71805687
-0.68731669
-0.65529294
-0.62204543
-0.58763625
-0.55212965
-0.51559195
-0.47809137
-0.43969796
-0.40048341
-0.36052096
-0.31988523
-0.27865212
-0.23689862
-0.19470271
-0.15214319
-0.10929954
-0.06625178
-0.02308029
0.02013430
0.06331129
0.10637005
0.14923016
0.19181158
0.23403479
0.27582094
0.31709200
0.35777088
0.39778162
0.43704951
0.47550120
0.51306489
0.54967044
0.58524947
0.61973554
0.65306425
0.68517336
0.71600291
0.74549532
0.77359551
0.80025101
0.82541204
0.84903161
0.87106560
0.89147288
0.91021532
0.92725794
0.94256889
0.95611960
0.96788474
0.97784236
0.98597385
0.99226403
0.99670115
0.99927692
0.99998655
0.99882869
0.99580551
0.99092267
0.98418927
0.97561789
0.96522454
0.95302863
0.93905293
0.92332355
0.90586985
0.88672444
0.86592307
0.84350458
0.81951084
0.79398667
0.76697971
0.73854042
0.70872191
0.67757985
0.64517240
0.61156010
0.57680570
0.54097411
0.50413226
0.46634893
0.42769469
0.38824174
0.34806373
0.30723572
0.26583395
0.22393573
0.18161930
0.13896370
0.09604859
0.05295411
0.00976073
-0.03345088
-0.07660001
-0.11960610
-0.16238882
-0.20486827
-0.24696514
-0.28860079
-0.32969749
-0.37017847
-0.40996814
-0.44899219
-0.48717775
-0.52445350
-0.56074984
-0.59599896
-0.63013506
-0.66309438
-0.69481537
-0.72523878
-0.75430781
-0.78196816
-0.80816819
-0.83285895
-0.85599435
-0.87753118
-0.89742921
-0.91565128
-0.93216338
-0.94693465
-0.95993752
-0.97114770
-0.98054426
-0.98810965
-0.99382973
-0.99769384
-0.99969474
-0.99982872
-0.99809550
-0.99449834
-0.98904395
-0.98174251
-0.97260767
-0.96165647
-0.94890938
-0.93439019
-0.91812603
-0.90014726
-0.88048746
-0.85918335
-0.83627470
-0.81180431
-0.78581787
-0.75836392
-0.72949371
-0.69926117
-0.66772276
-0.63493737
-0.60096623
-0.56587279
-0.52972258
-0.49258310
-0.45452373
-0.41561552
-0.37593116
-0.33554474
-0.29453169
-0.25296860
-0.21093309
-0.16850367
-0.12575956
-0.08278059
-0.03964703
0.00356057
0.04676152
0.08987514
0.13282092
0.17551866
0.21788861
0.25985166
0.30132943
0.34224447
0.38252037
0.42208190
0.46085520
0.49876785
0.53574904
0.57172973
0.60664270
0.64042276
0.67300684
0.70433407
0.73434595
0.76298644
0.79020204
0.81594194
0.84015807
0.86280519
0.88384102
0.90322628
0.92092475
0.93690340
0.95113237
0.96358510
0.97423832
0.98307216
0.99007010
0.99521908
0.99850948
0.99993516
0.99949346
0.99718520
0.99301469
0.98698972
0.97912154
0.96942485
0.95791775
0.94462174
0.92956164
0.91276558
0.89426492
0.87409422
0.85229115
0.82889642
0.80395372
0.77750963
0.74961354
0.72031754
0.68967635
0.65774718
0.62458966
0.59026573
0.55483946
0.51837703
0.48094653
0.44261786
0.40346260
0.36355387
0.32296620
0.28177539
0.24005837
0.19789303
0.15535813
0.11253309
0.06949790
0.02633293
-0.01688123
-0.06006386
-0.10313432
-0.14601218
-0.18861735
-0.23087029
-0.27269207
-0.31400460
-0.35473072
-0.39479438
-0.43412077
-0.47263642
-0.51026943
-0.54694951
-0.58260816
-0.61717878
-0.65059682
-0.68279986
-0.71372778
-0.74332280
-0.77152967
-0.79829569
-0.82357090
-0.84730809
-0.86946292
-0.88999403
-0.90886307
-0.92603480
-0.94147716
-0.95516130
-0.96706168
-0.97715606
-0.98542560
-0.99185485
-0.99643181
-0.99914793
-0.99999813
-0.99898083
-0.99609793
-0.99135482
-0.98476034
-0.97632682
-0.96607000
-0.95400904
-0.94016647
-0.92456813
-0.90724315
-0.88822389
-0.86754587
-0.84524771
-0.82137104
-0.79596046
-0.76906341
-0.74073014
-0.71101355
-0.67996913
-0.64765488
-0.61413112
-0.57946047
-0.54370767
-0.50693950
-0.46922462
-0.43063345
-0.39123808
-0.35111207
-0.31033035
-0.26896909
-0.22710553
-0.18481785
-0.14218502
-0.09928666
-0.05620288
-0.01301414
0.03019890
0.07335554
0.11637520
0.15917752
0.20168258
0.24381099
0.28548409
0.32662404
0.36715402
0.40699834
0.44608259
0.48433378
0.52168047
0.55805292
0.59338320
0.62760534
0.66065542
0.69247172
0.72299483
0.75216774
0.77993598
0.80624768
0.83105371
0.85430775
0.87596636
0.89598909
0.91433857
0.93098051
0.94588384
0.95902073
0.97036664
0.97990039
0.98760417
0.99346359
0.99746772
0.99960907
0.99988364
0.99829093
0.99483390
0.98951902
0.98235620
0.97335883
0.96254371
0.94993103
0.93554435
0.91941054
0.90155972
0.88202524
0.86084357
0.83805427
0.81369990
0.78782594
0.76048072
0.73171529
0.70158338
0.67014125
0.63744764
0.60356359
0.56855238
0.53247940
0.49541201
0.45741943
0.41857263
0.37894413
0.33860796
0.29763943
0.25611506
0.21411240
0.17170987
0.12898668
0.08602261
0.04289789
-0.00030695
-0.04351121
-0.08663421
-0.12959542
-0.17231462
-0.21471201
-0.25670843
-0.29822544
-0.33918552
-0.37951217
-0.41913007
-0.45796525
-0.49594518
-0.53299892
-0.56905729
-0.60405294
-0.63792052
-0.67059678
-0.70202069
-0.73213358
-0.76087921
-0.78820389
-0.81405659
-0.83838905
-0.86115580
-0.88231434
-0.90182516
-0.91965181
-0.93576101
-0.95012267
-0.96270997
-0.97349941
-0.98247083
-0.98960748
-0.99489603
-0.99832662
-0.99989282
-0.99959171
-0.99742387
-0.99339333
-0.98750762
-0.97977774
-0.97021812
-0.95884661
-0.94568445
-0.93075622
-0.91408980
-0.89571631
-0.87567007
-0.85398850
-0.83071211
-0.80588437
-0.77955162
-0.75176307
-0.72257059
-0.69202870
-0.66019445
-0.62712728
-0.59288895
-0.55754340
-0.52115663
-0.48379660
-0.44553308
-0.40643752
-0.36658294
-0.32604376
-0.28489569
-0.24321558
-0.20108126
-0.15857142
-0.11576545
-0.07274329
-0.02958528
0.01362798
0.05681579
0.09989750
0.14279265
0.18542113
0.22770334
0.26956031
0.31091388
0.35168681
0.39180297
0.43118743
0.46976664
0.50746857
0.54422279
0.57996068
0.61461549
0.64812250
0.68041914
0.71144509
0.74114241
0.76945565
0.79633192
0.82172105
0.84557560
0.86785103
0.88850576
0.90750119
0.92480185
0.94037545
0.95419289
0.96622837
0.97645942
0.98486692
0.99143518
0.99615192
0.99900835
0.99999913
0.99912240
0.99637981
0.99177647
0.98532099
0.97702541
0.96690523
0.95497935
0.94127005
0.92580292
0.90860684
0.88971394
0.86915949
0.84698189
0.82322254
0.79792582
0.77113897
0.74291201
0.71329766
0.68235122
0.65013049
0.61669564
0.58210910
0.54643548
0.50974138
0.47209534
0.43356766
0.39423028
0.35415669
0.31342170
0.27210139
0.23027294
0.18801444
0.14540484
0.10252368
0.05945106
0.01626742
-0.02694660
-0.07011030
-0.11314307
-0.15596454
-0.19849475
-0.24065426
-0.28236436
-0.32354714
-0.36412569
-0.40402423
-0.44316826
-0.48148467
-0.51890191
-0.55535009
-0.59076115
-0.62506897
-0.65820946
-0.69012075
-0.72074323
-0.75001972
-0.77789554
-0.80431864
-0.82923967
-0.85261210
-0.87439226
-0.89453949
-0.91301617
-0.92978778
-0.94482302
-0.95809378
-0.96957531
-0.97924615
-0.98708824
-0.99308693
-0.99723104
-0.99951281
-0.99992798
-0.99847579
-0.99515893
-0.98998361
-0.98295949
-0.97409969
-0.96342076
-0.95094263
-0.93668861
-0.92068532
-0.90296265
-0.88355369
-0.86249468
-0.83982497
-0.81558688
-0.78982567
-0.76258946
-0.73392912
-0.70389815
-0.67255265
-0.63995116
-0.60615456
-0.57122596
-0.53523059
-0.49823567
-0.46031030
-0.42152530
-0.38195309
-0.34166759
-0.30074402
-0.25925881
-0.21728943
-0.17491426
-0.13221244
-0.08926372
-0.04614829
-0.00294668
0.04026044
0.08339236
0.12636855
0.16910875
0.21153313
0.25356248
0.29511830
0.33612298
0.37649995
0.41617381
0.45507045
0.49311726
0.53024316
0.56637883
0.60145679
0.63541152
0.66817962
0.69969989
0.72991347
0.75876393
0.78619739
0.81216263
0.83661115
0.85949729
0.88077832
0.90041449
0.91836913
0.93460872
0.94910291
0.96182465
0.97275018
0.98185910
0.98913439
0.99456246
0.99813318
0.99983989
0.99967939
0.99765198
0.99376145
0.98801507
0.98042357
0.97100112
0.95976532
0.94673715
0.93194095
0.91540434
0.89715821
0.87723664
0.85567682
0.83251902
0.80780648
0.78158536
0.75390463
0.72481598
0.69437373
0.66263474
0.62965827
0.59550591
0.56024144
0.52393071
0.48664155
0.44844357
0.40940813
0.36960812
0.32911786
0.28801297
0.24637022
0.20426736
0.16178304
0.11899659
0.07598791
0.03283732
-0.01037459
-0.05356713
-0.09665963
-0.13957161
-0.18222295
-0.22453398
-0.26642570
-0.30781987
-0.34863918
-0.38880740
-0.42824952
-0.46689189
-0.50466233
-0.54149032
-0.57730707
-0.61204569
-0.64564132
-0.67803120
-0.70915487
-0.73895418
-0.76737349
-0.79435972
-0.81986249
-0.84383416
-0.86622996
-0.88700808
-0.90612970
-0.92355912
-0.93926379
-0.95321438
-0.96538484
-0.97575244
-0.98429781
-0.99100501
-0.99586149
-0.99885820
-0.99998954
-0.99925339
-0.99665114
-0.99218763
-0.98587120
-0.97771366
-0.96773023
-0.95593956
-0.94236367
-0.92702791
-0.90996092
-0.89119457
-0.87076391
-0.84870710
-0.82506532
-0.79988273
-0.77320636
-0.74508602
-0.71557422
-0.68472609
-0.65259923
-0.61925363
-0.58475158
-0.54915750
-0.51253786
-0.47496106
-0.43649727
-0.39721831
-0.35719755
-0.31650972
-0.27523081
-0.23343790
-0.19120905
-0.14862311
-0.10575962
-0.06269862
-0.01952053
0.02369402
0.06686431
0.10990974
0.15274991
0.19530481
0.23749499
0.27924164
0.32046681
0.36109350
0.40104585
0.44024925
0.47863047
0.51611785
0.55264138
0.58813285
0.62252598
0.65575654
0.68776247
0.71848400
0.74786375
0.77584687
0.80238109
0.82741686
0.85090742
0.87280891
0.89308043
0.91168411
0.92858522
0.94375219
0.95715670
0.96877371
0.97858154
0.98656185
0.99269976
0.99698380
0.99940597
0.99996174
0.99865007
0.99547343
0.99043773
0.98355238
0.97483024
0.96428761
0.95194416
0.93782295
0.92195036
0.90435601
0.88507278
0.86413667
0.84158678
0.81746522
0.79181704
0.76469014
0.73613518
0.70620548
0.67495694
0.64244791
0.60873911
0.57389348
0.53797611
0.50105406
0.46319629
0.42447350
0.38495801
0.34472360
0.30384542
0.26239981
0.22046416
0.17811680
0.13543680
0.09250388
0.04939820
0.00620027
-0.03700924
-0.08014963
-0.12314034
-0.16590109
-0.20835202
-0.25041385
-0.29200803
-0.33305688
-0.37348375
-0.41321313
-0.45217084
-0.49028412
-0.52748178
-0.56369438
-0.59885427
-0.63289580
-0.66575539
-0.69737168
-0.72768562
-0.75664061
-0.78418257
-0.81026007
-0.83482439
-0.85782969
-0.87923297
-0.89899429
-0.91707673
-0.93344653
-0.94807311
-0.96092916
-0.97199067
-0.98123698
-0.98865082
-0.99421836
-0.99792919
-0.99977638
-0.99975648
-0.99786953
-0.99411906
-0.98851206
-0.98105902
-0.97177384
-0.96067387
-0.94777983
-0.93311581
-0.91670920
-0.89859062
-0.87879392
-0.85735607
-0.83431710
-0.80972005
-0.78361083
-0.75603822
-0.72705370
-0.69671141
-0.66506800
-0.63218258
-0.59811655
-0.56293354
-0.52669925
-0.48948134
-0.45134932
-0.41237441
-0.37262939
-0.33218848
-0.29112720
-0.24952224
-0.20745130
-0.16499294
-0.12222646
-0.07923172
-0.03608902
0.00712109
0.05031789
0.09342073
0.13634910
0.17902284
0.22136225
0.26328827
0.30472259
0.34558785
0.38580772
0.42530709
0.46401219
0.50185076
0.53875211
0.57464734
0.60946941
0.64315330
0.67563610
0.70685714
0.73675812
0.76528320
0.79237911
0.81799525
0.84208378
0.86459972
0.88550101
0.90474862
0.92230661
0.93814219
0.95222578
0.96453109
0.97503513
0.98371829
0.99056435
0.99556052
0.99869748
0.99996937
0.99937381
0.99691191
0.99258828
0.98641098
0.97839156
0.96854498
0.95688964
0.94344731
0.92824308
0.91130536
0.89266577
0.87235912
0.85042333
0.82689938
0.80183118
0.77526556
0.74725213
0.71784321
0.68709371
0.65506105
0.62180507
0.58738786
0.55187371
0.51532892
0.47782176
0.43942226
0.40020214
0.36023464
0.31959440
0.27835731
0.23660040
0.19440163
0.15183981
0.10899443
0.06594551
0.02277343
-0.02044118
-0.06361762
-0.10667525
-0.14953366
-0.19211281
-0.23433320
-0.27611597
-0.31738309
-0.35805749
-0.39806322
-0.43732557
-0.47577120
-0.51332834
-0.54992683
-0.58549833
-0.61997640
-0.65329667
-0.68539691
-0.71621716
-0.74569987
-0.77378998
-0.80043504
-0.82558528
-0.84919374
-0.87121632
-0.89161190
-0.91034240
-0.92737282
-0.94267137
-0.95620948
-0.96796186
-0.97790657
-0.98602503
-0.99230208
-0.99672601
-0.99928855
-0.99998491
-0.99881379
-0.99577738
-0.99088136
-0.98413485
-0.97555047
-0.96514425
-0.95293561
-0.93894737
-0.92320563
-0.90573980
-0.88658250
-0.86576950
-0.84333967
-0.81933491
-0.79380003
-0.76678272
-0.73833344
-0.70850533
-0.67735407
-0.64493785
-0.61131721
-0.57655493
-0.54071593
-0.50386715
-0.46607738
-0.42741722
-0.38795885
-0.34777597
-0.30694361
-0.26553803
-0.22363656
-0.18131745
-0.13865973
-0.09574306
-0.05264759
-0.00945380
0.03375765
0.07690605
0.11991083
0.16269168
0.20516870
0.24726256
0.28889467
0.32998726
0.37046359
0.41024809
0.44926644
0.48744579
0.52471482
0.56100396
0.59624541
0.63037337
0.66332411
0.69503609
0.72545008
0.75450929
0.78215945
0.80834892
0.83302880
0.85615300
0.87767832
0.89756458
0.91577462
0.93227446
0.94703327
0.96002349
0.97122086
0.98060447
0.98815679
0.99386373
0.99771462
0.99970228
0.99982299
0.99807652
0.99446614
0.98899859
0.98168408
0.97253627
0.96157224
0.94881248
0.93428080
0.91800435
0.90001351
0.88034190
0.85902625
0.83610636
0.81162504
0.78562800
0.75816380
0.72928373
0.69904171
0.66749423
0.63470021
0.60072087
0.56561969
0.52946221
0.49231595
0.45425030
0.41533633
0.37564671
0.33525558
0.29423835
0.25267163
0.21063304
0.16820110
0.12545504
0.08247470
0.03934033
-0.00386751
-0.04706813
-0.09018084
-0.13312514
-0.17582083
-0.21818817
-0.26014805
-0.30162210
-0.34253287
-0.38280395
-0.42236015
-0.46112759
-0.49903387
-0.53600820
-0.57198153
-0.60688669
-0.64065848
-0.67323383
-0.70455193
-0.73455426
-0.76318481
-0.79039012
-0.81611936
-0.84032450
-0.86296032
-0.88398457
-0.90335797
-0.92104434
-0.93701066
-0.95122710
-0.96366713
-0.97430750
-0.98312835
-0.99011320
-0.99524901
-0.99852618
-0.99993861
-0.99948364
-0.99716214
-0.99297842
-0.98694032
-0.97905910
-0.96934948
-0.95782960
-0.94452097
-0.92944843
-0.91264015
-0.89412751
-0.87394508
-0.85213056
-0.82872467
-0.80377114
-0.77731656
-0.74941034
-0.72010460
-0.68945405
-0.65751594
-0.62434992
-0.59001793
-0.55458407
-0.51811452
-0.48067740
-0.44234260
-0.40318173
-0.36326791
-0.32267569
-0.28148087
-0.23976039
-0.19759215
-0.15505490
-0.11222809
-0.06919170
-0.02602608
0.01718813
0.06037025
0.10343962
0.14631583
0.18891878
0.23116893
0.27298737
0.31429600
0.35501769
0.39507638
0.43439726
0.47290690
0.51053339
0.54720645
0.58285760
0.61742026
0.65082989
0.68302409
0.71394274
0.74352809
0.77172491
0.79848052
0.82374497
0.84747107
0.86961451
0.89013394
0.90899105
0.92615061
0.94158058
0.95525214
0.96713976
0.97722125
0.98547777
0.99189390
0.99645767
0.99916055
0.99999749
0.99896693
0.99607080
0.99131449
0.98470691
0.97626038
0.96599067
0.95391698
0.94006184
0.92445113
0.90711400
0.88808284
0.86739317
0.84508365
0.82119592
0.79577461
0.76886718
0.74052390
0.71079767
0.67974404
0.64742097
0.61388885
0.57921028
0.54345004
0.50667490
0.46895354
0.43035641
0.39095558
0.35082465
0.31003855
0.26867345
0.22680660
0.18451618
0.14188119
0.09898123
0.05589642
0.01270722
-0.03050570
-0.07366166
-0.11668005
-0.15948054
-0.20198321
-0.24410866
-0.28577825
-0.32691414
-0.36743951
-0.40727870
-0.44635728
-0.48460230
-0.52194231
-0.55830760
-0.59363024
-0.62784427
-0.66088581
-0.69269313
-0.72320685
-0.75236998
-0.78012805
-0.80642923
-0.83122439
-0.85446725
-0.87611438
-0.89612536
-0.91446282
-0.93109252
-0.94598340
-0.95910765
-0.97044077
-0.97996157
-0.98765230
-0.99349858
-0.99748950
-0.99961760
-0.99987891
-0.99827294
-0.99480270
-0.98947465
-0.98229875
-0.97328841
-0.96246044
-0.94983508
-0.93543589
-0.91928978
-0.90142688
-0.88188057
-0.86068734
-0.83788677
-0.81352144
-0.78763686
-0.76028136
-0.73150603
-0.70136462
-0.66991340
-0.63721111
-0.60331883
-0.56829985
-0.53221956
-0.49514535
-0.45714646
-0.41829384
-0.37866006
-0.33831913
-0.29734638
-0.25581834
-0.21381256
-0.17140748
-0.12868230
-0.08571680
-0.04259122
0.00061389
0.04381786
0.08694000
0.12989977
0.17261696
0.21501179
0.25700508
0.29851841
0.33947426
0.37979613
0.41940874
0.45823810
0.49621169
0.53325861
0.56930967
0.60429753
0.63815687
0.67082445
0.70223926
0.73234263
0.76107835
0.78839275
0.81423483
0.83855631
0.86131179
0.88245877
0.90195775
0.91977232
0.93586921
0.95021835
0.96279297
0.97356956
0.98252800
0.98965157
0.99492696
0.99834432
0.99989726
0.99958290
0.99740180
0.99335806
0.98745921
0.97971628
0.97014372
0.95875942
0.94558462
0.93064394
0.91396529
0.89557979
0.87552180
0.85382876
0.83054120
0.80570259
0.77935933
0.75156062
0.72235836
0.69180709
0.65996387
0.62688817
0.59264175
0.55728856
0.52089464
0.48352794
0.44525826
0.40615705
0.36629734
0.32575357
0.28460145
0.24291784
0.20078058
0.15826835
0.11546057
0.07243716
0.02927847
-0.01393490
-0.05712224
-0.10020291
-0.14309644
-0.18572275
-0.22800221
-0.26985588
-0.31120560
-0.35197413
-0.39208535
-0.43146435
-0.47003759
-0.50773303
-0.54448028
-0.58021071
-0.61485759
-0.64835622
-0.68064404
-0.71166076
-0.74134844
-0.76965166
-0.79651755
-0.82189593
-0.84573942
-0.86800349
-0.88864656
-0.90763008
-0.92491859
-0.94047981
-0.95428468
-0.96630742
-0.97652558
-0.98492007
-0.99147522
-0.99617878
-0.99902197
-0.99999949
-0.99910950
-0.99635367
-0.99173714
-0.98526854
-0.97695995
-0.96682687
-0.95488825
-0.94116636
-0.92568685
-0.90847860
-0.88957377
-0.86900766
-0.84681867
-0.82304824
-0.79774077
-0.77094351
-0.74270651
-0.71308250
-0.68212681
-0.64989724
-0.61645398
-0.58185950
-0.54617838
-0.50947728
-0.47182473
-0.43329104
-0.39394818
-0.35386962
-0.31313020
-0.27180601
-0.22997423
-0.18771296
-0.14510114
-0.10221835
-0.05914466
-0.01596052
0.02725343
0.07041649
0.11344804
0.15626772
0.19879558
0.24095218
0.28265880
0.32383756
0.36441155
0.40430499
0.44344340
0.48175367
